/*--------------------------------*- C++ -*----------------------------------*\
| =========                 |                                                 |
| \\      /  F ield         | OpenFOAM: The Open Source CFD Toolbox           |
|  \\    /   O peration     | Version:  3.0.1                                 |
|   \\  /    A nd           | Web:      www.OpenFOAM.org                      |
|    \\/     M anipulation  |                                                 |
\*---------------------------------------------------------------------------*/
FoamFile
{
    version     2.0;
    format      ascii;
    class       volScalarField;
    location    "50000";
    object      k;
}
// * * * * * * * * * * * * * * * * * * * * * * * * * * * * * * * * * * * * * //

dimensions      [0 2 -2 0 0 0 0];

internalField   nonuniform List<scalar> 
2500
(
0.001017844025
0.0010389089957
0.00107717456226
0.00112867752415
0.00118981541213
0.00125758409236
0.00132963466692
0.00140422284313
0.00148011110666
0.00155646037288
0.00163272908907
0.00170858664457
0.00178384240222
0.00185838930686
0.0019321602328
0.00200509510614
0.00207711694632
0.00214811512744
0.00221793430152
0.00228636753968
0.0023531523409
0.00241796823802
0.00248043480037
0.00254010888586
0.00259648002029
0.00264896275943
0.0026968847956
0.00273946937518
0.00277581026105
0.00280483696261
0.00282526721996
0.0028355427372
0.00283374293212
0.0028174702083
0.00278369964083
0.00272858793754
0.00264724615429
0.00253351050284
0.00237982552943
0.00217754881295
0.00191840968052
0.00159857116012
0.00122710451788
0.0008373647512
0.000487783166438
0.000233147225697
8.69379496325e-05
2.28054997912e-05
4.22843728038e-06
8.76450784668e-06
0.00103890748328
0.00105993944476
0.00109814525906
0.00114956321881
0.00121058349685
0.00127818587254
0.00134999961374
0.00142425671963
0.00149969763624
0.00157546564287
0.00165100779907
0.00172598936719
0.0018002231182
0.00187361258066
0.00194610751079
0.00201766974963
0.00208824775372
0.00215775824546
0.00222607356221
0.00229301337743
0.00235833953127
0.00242175275388
0.00248289010024
0.00254132193795
0.00259654733103
0.00264798662545
0.00269496994124
0.00273672008162
0.00277232804295
0.00280071880798
0.00282060438174
0.0028304200511
0.00282823863895
0.00281165628235
0.00277764268038
0.00272235077787
0.0026408905559
0.00252710161412
0.002373439415
0.00217128518077
0.00191241239568
0.00159305586778
0.00122237536345
0.000833759905213
0.000485483442173
0.000231984274638
8.64935879865e-05
2.26886227496e-05
4.20869717902e-06
8.73368834477e-06
0.00107717058962
0.00109814279064
0.00113624178975
0.00118751077086
0.00124832907277
0.00131564953932
0.00138706330119
0.00146075974182
0.00153543854363
0.00161020910392
0.00168449501256
0.00175795057599
0.0018303909362
0.00190173500473
0.00197195966803
0.00204106363524
0.00210903944473
0.00217585231996
0.00224142469482
0.00230562529849
0.00236826171222
0.00242907530212
0.00248773740808
0.0025438456357
0.00259691905258
0.00264639101908
0.00269159826328
0.00273176461035
0.00276597745575
0.00279315458555
0.00281199824492
0.00282093240377
0.00281801798903
0.00280083965202
0.00276635711372
0.00271071624664
0.00262902492303
0.00251512896466
0.00236150417106
0.00215957598797
0.00190120058167
0.00158274703698
0.00121354000349
0.000827029918036
0.000481193473818
0.000229816188924
8.56654079961e-05
2.24708056116e-05
4.17188527988e-06
8.67607970145e-06
0.00112867076985
0.00114955794364
0.0011875079384
0.00123857633519
0.00129913429507
0.00136610411265
0.00143702956434
0.00151004432618
0.00158379235368
0.001657334192
0.00173005655192
0.00180159216525
0.001871751608
0.00194046647713
0.00200774256232
0.00207362160003
0.00213815037901
0.00220135617171
0.00226322760942
0.00232370018031
0.00238264551838
0.00243986358852
0.00249507678094
0.00254792482173
0.00259795929279
0.00264463642641
0.00268730668034
0.00272519937802
0.00275740037518
0.00278282023897
0.00280014974754
0.00280779859908
0.00280381208344
0.00278575932612
0.00275058627375
0.00269442884389
0.00261239177111
0.00249832939915
0.0023447459551
0.00214312906171
0.00188545131531
0.00156827058936
0.00120114185009
0.000817596901382
0.000475188103897
0.000226784056078
8.45077041841e-05
2.21663492436e-05
4.1203796565e-06
8.59517855875e-06
0.00118980604883
0.00121057556596
0.00124832352292
0.00129913153544
0.00135937306184
0.0014259447487
0.00149634186947
0.00156863594296
0.00164140476634
0.00171364709795
0.00178469876995
0.00185415719477
0.00192181606137
0.00198760974887
0.00205156625399
0.00211376740022
0.00217431531812
0.00223330443485
0.00229079839073
0.00234681137948
0.00240129339079
0.0024541187379
0.00250507710315
0.00255386615528
0.0026000845977
0.00264322430313
0.00268265996663
0.00271763444243
0.00274723758306
0.00277037592158
0.00278572987641
0.00279169427324
0.00278629689364
0.00276708869014
0.00273099897648
0.00267415133338
0.0025916463845
0.00247734883781
0.0023237982812
0.00212256021257
0.0018657533208
0.00155017185028
0.00118565660272
0.00080583293361
0.000467711302131
0.000223013723059
8.30690127095e-05
2.17880427966e-05
4.05629504355e-06
8.4940241911e-06
0.00125757259041
0.00127817573449
0.00131564168298
0.00136609895731
0.00142594230226
0.00149205653077
0.0015618956655
0.00163346974527
0.00170528528685
0.00177626948346
0.00184569413325
0.00191310610895
0.00197826622849
0.00204109616441
0.00210163230276
0.00215998544454
0.00221630549442
0.00227075057552
0.00232346023851
0.00237453255634
0.00242400490467
0.00247183813347
0.00251790365967
0.00256197277709
0.00260370721189
0.002642649663
0.00267821275989
0.00270966453203
0.00273610808462
0.00275645267023
0.00276937268285
0.00277325023969
0.00276609598266
0.0027454417438
0.00270819852017
0.00265047585008
0.00256736946482
0.00245275595457
0.0022992162322
0.00209840743976
0.00184262050381
0.00152892755473
0.0011675017356
0.000792066324294
0.000458979446075
0.000218617171413
8.13925831838e-05
2.13472846254e-05
3.98150721906e-06
8.37525969086e-06
0.00132962162114
0.00134998784457
0.00138705368107
0.00143702251289
0.00149633742763
0.00156189361945
0.00163111918153
0.00170197051679
0.00177288357438
0.00184270840817
0.00191064200857
0.001976165947
0.0020389907096
0.00209900644271
0.0021562391023
0.00221081097402
0.00226290479348
0.00231273102335
0.00236049812429
0.0024063858374
0.00245052155909
0.00249295983414
0.00253366483139
0.00257249541738
0.00260919212832
0.00264336497976
0.00267448065818
0.00270184720974
0.00272459386099
0.00274164304123
0.00275167098142
0.00275305240526
0.00274378383297
0.00272137911452
0.00268273075602
0.00262393349749
0.00254007780816
0.00242505354682
0.00227148815726
0.00207114256452
0.00181650303675
0.00150495574711
0.00114704444978
0.000776587029488
0.000449184296458
0.00021369383235
7.95168454767e-05
2.08542029383e-05
3.89767594346e-06
8.24118275253e-06
0.00140420885398
0.00142424390556
0.00146074891818
0.0015100359041
0.00156862999071
0.00163346609455
0.00170196886732
0.00177205568912
0.00184209865763
0.00191087006251
0.00197748498451
0.00204134715393
0.00210209991226
0.00215958206724
0.00221378769763
0.00226482891331
0.00231290082752
0.00235824833746
0.00240113462685
0.00244181154093
0.00248049211414
0.00251732554188
0.0025523747799
0.00258559673502
0.00261682469334
0.00264575223294
0.00267191740398
0.00269468543922
0.00271322767923
0.0027264937418
0.00273317320239
0.00273164216122
0.0027198890899
0.00269541351689
0.00265509120754
0.00259500266104
0.0025102334302
0.00239468815317
0.00224104549559
0.00204118096237
0.00178779663573
0.00147862411733
0.0011246084693
0.000759651409552
0.000438495721836
0.00020833184372
7.7475867567e-05
2.03177748877e-05
3.80626666625e-06
8.09378887439e-06
0.00148009671314
0.00149968430702
0.00153542702856
0.00158378304824
0.00164139776068
0.00170528045467
0.00177288066299
0.00184209735932
0.00191125132627
0.00197904179656
0.00204449942335
0.00210694116572
0.00216592884425
0.00222123121164
0.00227278865456
0.00232067955603
0.00236508756601
0.00240626935611
0.00244452276659
0.0024801555321
0.00251345496408
0.00254465905447
0.00257392943544
0.00260132647877
0.00262678654572
0.00265010101103
0.00267089619304
0.00268861273724
0.00270248232923
0.00271149885293
0.00271438024967
0.0027095163705
0.00269489710626
0.00266801428796
0.00262573108277
0.00256411606039
0.00247825130252
0.00236205818631
0.00220827106086
0.00200888975906
0.00175685038408
0.00145025707284
0.00110047988253
0.000741486415406
0.000427064178418
0.000202609232641
7.52997945902e-05
1.97459413065e-05
3.70857084346e-06
7.93480856227e-06
0.00155644602279
0.00157545224188
0.00161019733128
0.00165732442205
0.00171363943775
0.001776263845
0.00184270458402
0.00191086778781
0.00197904079244
0.0020458598541
0.00211027379304
0.0021715084493
0.00222903354983
0.00228253187063
0.00233186987262
0.00237706886413
0.0024182759126
0.00245573402401
0.00248975143204
0.00252067013637
0.00254883406547
0.00257455739368
0.00259809359611
0.00261960576355
0.00263913851041
0.00265659148391
0.00267169401847
0.00268397987956
0.00269276031132
0.0026970927485
0.00269574158327
0.00268712631103
0.00266925130449
0.00263961067234
0.00259506199942
0.00253166648732
0.00244450575007
0.00232752070844
0.00217350596594
0.00197459469632
0.00172397330711
0.00142014171889
0.00107491213947
0.0007222932417
0.000415022934733
0.000196595004325
7.30152588984e-05
1.91457142525e-05
3.60572461244e-06
7.76573945611e-06
0.00163271513228
0.00165099467606
0.00168448332995
0.00173004665898
0.00178469078616
0.00184568800498
0.00191063757083
0.00197748201363
0.00204449767554
0.00211027302926
0.00217368295219
0.00223386298733
0.002290184956
0.00234223381952
0.00238978503348
0.00243278147877
0.0024713091672
0.00250557116578
0.00253585947842
0.00256252491609
0.00258594524528
0.00260649210648
0.00262449732072
0.00264021923185
0.00265380964544
0.00266528169912
0.00267447861664
0.00268104274367
0.00268438353346
0.00268364224628
0.0026776500653
0.00266487515392
0.00264335300496
0.00261059359442
0.00256345925483
0.00249801115033
0.00240933550696
0.00229139690613
0.00213705528638
0.0019385857886
0.00168943982247
0.00138853285346
0.0010481302733
0.000702250467872
0.000402490030106
0.000190350121233
7.06457530451e-05
1.85232751138e-05
3.49872560615e-06
7.58787398209e-06
0.00170857333851
0.00172597678321
0.00175793924862
0.00180158241617
0.00185414915177
0.00191309974863
0.00197616114357
0.00204134372277
0.00210693889692
0.00217150713068
0.00223386241854
0.0022930562437
0.00234836206019
0.00239926017038
0.00244542230165
0.0024866950079
0.00252308107818
0.00255471832172
0.00258185534688
0.00260482421961
0.00262401014458
0.00263981853898
0.0026526400451
0.00266281413412
0.00267059196508
0.0026760990519
0.00267929802532
0.00267995132545
0.00267758299834
0.0026714378845
0.00266043538794
0.00264311375266
0.00261755949479
0.00258131572325
0.00253126349823
0.00246347454276
0.00237304740397
0.00225397628514
0.00209919251761
0.00190112184682
0.00165349414873
0.0013556570507
0.0010203343959
0.000681516705313
0.00038956996202
0.000183928362848
6.82119605204e-05
1.78840618263e-05
3.38844777846e-06
7.40232300492e-06
0.00178382992313
0.00180021125608
0.00183038015623
0.00187174220297
0.0019218081636
0.00197825984046
0.00203898574098
0.00210209621486
0.00216592624045
0.0022290318535
0.00229018398634
0.00234836165002
0.00240274507961
0.00245270863654
0.00249781281587
0.00253779453232
0.00257255486577
0.00260214357055
0.0026267398436
0.00264662907376
0.00266217553085
0.00267379118193
0.00268190102382
0.00268690547894
0.00268914049264
0.00268883596561
0.002686073018
0.00268074026828
0.00267248877642
0.0026606845113
0.00264435614571
0.00262213470316
0.00259218023425
0.00255208970726
0.00249878069545
0.00242834975737
0.0023359186505
0.00221551958541
0.00206016285641
0.00186243391972
0.00161635373211
0.00132171589025
0.000991702510854
0.000660232772197
0.000376355105416
0.000177377062676
6.57320419334e-05
1.72328445372e-05
3.27565421135e-06
7.21003592301e-06
0.00185837776292
0.00187360155739
0.0019017249024
0.00194045755938
0.00198760214918
0.00204108990662
0.00209900146784
0.00215957826038
0.0022212284255
0.00228252994403
0.00234223259072
0.00239925948587
0.00245270835627
0.00250185215583
0.00254613840869
0.00258518649498
0.00261878207291
0.00264686789301
0.00266953038857
0.002686981599
0.002699536183
0.00270758348758
0.00271155484422
0.00271188644597
0.00270897830296
0.00270314985196
0.0026945927742
0.00268332140817
0.00266912077463
0.00265149160335
0.00262959082696
0.00260216480639
0.00256747122066
0.00252318453121
0.00246628031421
0.00239289818251
0.00229819767031
0.0021762604048
0.00202018532145
0.00182272768776
0.00157821173809
0.00128688838222
0.000962392686253
0.000638523422786
0.000362926874597
0.000170737724628
6.32218767775e-05
1.657378971e-05
3.1610079652e-06
7.01181765996e-06
0.00193214967715
0.00194609738981
0.00197195032272
0.00200773422781
0.00205155906195
0.00210162629394
0.00215623424458
0.0022137839059
0.00227278580947
0.00233186783658
0.00238978366312
0.00244542145691
0.00249781236589
0.00254613823542
0.00258973788937
0.00262811122993
0.00266092037242
0.00268798704335
0.00270928553457
0.00272493061764
0.00273515997141
0.00274031085062
0.00274079090946
0.0027370432791
0.00272950616466
0.00271856735741
0.00270451412289
0.00268747888533
0.00266738092727
0.00264386389421
0.00261622817693
0.00258335622617
0.00254362765496
0.00249482003245
0.00243399170548
0.00235734753452
0.00226010345202
0.00213640551274
0.00197945371742
0.00178218483393
0.00153923864661
0.00125133263318
0.000932544630699
0.000616498663223
0.000349356644672
0.000164046525303
6.06952628211e-05
1.59105131837e-05
3.04508110557e-06
6.80834303355e-06
0.00200508554903
0.00201766055221
0.00204105508568
0.00207361390628
0.00211376068974
0.00215997977063
0.00221080632691
0.00226482523385
0.00232067675012
0.0023770668161
0.00243278006281
0.00248669409699
0.00253779400475
0.00258518623867
0.002628111145
0.00266595339683
0.00269824957465
0.00272469211557
0.00274512885968
0.0027595574693
0.00276811408491
0.00277105570664
0.00276873594072
0.00276157391534
0.00275001633566
0.00273449279801
0.00271536459922
0.00269286732758
0.00266704746362
0.00263769298764
0.00260425752109
0.00256577678062
0.00252077518329
0.00246715970648
0.00240209871362
0.00232188820875
0.00222182338359
0.00209613383209
0.00193813643964
0.0017409634085
0.00149958298417
0.00121518679697
0.0009022807177
0.000594254690195
0.00033570645425
0.000157334711921
5.81640765489e-05
1.5246123072e-05
2.92836209449e-06
6.60016901554e-06
0.00207710836587
0.00208823946909
0.00210903169803
0.00213814335293
0.00217430913403
0.00221630021422
0.00226290042523
0.00231289733413
0.00236508487568
0.0024182739297
0.0024713077824
0.0025230801771
0.00257255433572
0.00261878180779
0.002660920276
0.00269824956242
0.00273018509541
0.00275628806734
0.00277627147766
0.00279000124259
0.00279749157532
0.00279889390382
0.00279447869246
0.00278460966015
0.00276971002875
0.00275022057921
0.00272654942394
0.00269901350408
0.00266777186003
0.00263275065769
0.00259355972559
0.00254939992621
0.00249896010914
0.00244030203437
0.00237073261877
0.00228666797161
0.00218350955676
0.00205559407037
0.00189637511312
0.00169919720021
0.00145937122373
0.00117856935432
0.000871706506778
0.000571874493263
0.000322029515078
0.00015062890808
5.56383991261e-05
1.4583253672e-05
2.81126177644e-06
6.38774542992e-06
0.00214810747904
0.00215775083963
0.00217584535952
0.00220134981641
0.00223329879864
0.00227074572543
0.00231272698109
0.00235824508406
0.00240626683904
0.00245573216561
0.00250556987202
0.00255471749028
0.00260214309757
0.00264686767844
0.00268798699469
0.00272469215033
0.00275628811437
0.00278220944863
0.00280203243027
0.00281548269609
0.00282243749443
0.00282292162505
0.00281709618126
0.00280523927872
0.0027877180523
0.00276495131439
0.00273736238479
0.00270532171073
0.00266907898341
0.00262868450176
0.00258389950603
0.00253409508198
0.00247813908313
0.00241427067045
0.00233996359672
0.002251785068
0.0021452735537
0.00201490099149
0.00185428206129
0.00165699412588
0.00141870688347
0.00114157876804
0.000840910813602
0.000549428165724
0.000308370557391
0.000143951341376
5.31266130959e-05
1.39240917489e-05
2.69411822061e-06
6.17142467173e-06
0.00221792752568
0.00222606698547
0.00224141848709
0.00226322191006
0.00229079330553
0.00232345583672
0.00236049443748
0.00240113165048
0.00244452046433
0.00248974974207
0.00253585832069
0.00258185463045
0.00262673947324
0.00266953027027
0.00270928557969
0.00274512898789
0.00277627161869
0.00280203252484
0.00282185616875
0.00283532610682
0.00284217389627
0.00284228216889
0.0028356807764
0.00282253491003
0.00280312413007
0.0027778112993
0.00274700048919
0.00271108300986
0.00267037080286
0.00262501652802
0.00257491977802
0.00251961898767
0.00245816886726
0.00238900393195
0.00230979097255
0.00221727988377
0.00210717976694
0.00197413033691
0.00181193660664
0.00161443365327
0.00137766885906
0.00110429256519
0.000809965387008
0.000526972973304
0.000294766042562
0.000137320008325
5.06354755967e-05
1.32703967188e-05
2.57720070645e-06
5.95147106609e-06
0.00228636156858
0.00229300757057
0.00230561979872
0.00232369510919
0.00234680683435
0.00237452860644
0.00240638252089
0.00244180886432
0.00248015347237
0.00252066864535
0.00256252392631
0.00260482365078
0.002646628839
0.00268698161034
0.00272493079042
0.0027595577255
0.00279000151297
0.00281548292145
0.00283532623855
0.00284897818363
0.00285602289166
0.00285619183977
0.00284936747292
0.00283557920098
0.00281499039046
0.00278787495717
0.00275458217272
0.0027154883239
0.00267093390983
0.00262114514365
0.00256613868029
0.00250560879281
0.00243879683031
0.0023643441232
0.00228013263834
0.0021831253794
0.00206923735429
0.00193331243449
0.00176938022021
0.00157156328061
0.00133630903157
0.00106676590624
0.000778924258454
0.000504553235325
0.000281244277536
0.000130748793404
4.81701743975e-05
1.26235163852e-05
2.46071316333e-06
5.72807052811e-06
0.0023531471035
0.0023583344306
0.00236825686917
0.00238264103922
0.00240128936457
0.00242400139891
0.00245051861588
0.0024804897481
0.00251345316282
0.00254883279235
0.002585944444
0.00262400974471
0.00266217545352
0.00269953634625
0.00273516029473
0.00276811449275
0.00279749199963
0.00282243787624
0.00284217418652
0.00285602305135
0.00286342679685
0.00286396406339
0.00285736056017
0.00284349298184
0.00282238446095
0.00279418981692
0.00275916877663
0.00271764528125
0.00266995096162
0.00261635088484
0.00255694980711
0.00249157753636
0.0024196528553
0.00234002729853
0.00225081409603
0.00214921659542
0.00203139099453
0.0018924245734
0.00172661056087
0.00152839411222
0.00129464920698
0.00102902971427
0.000747822840415
0.000482200079941
0.000267825469018
0.000124247560557
4.57343736055e-05
1.19844000334e-05
2.34479740149e-06
5.50134123229e-06
0.002417963664
0.00242174829513
0.0024290710619
0.00243985966012
0.00245411520245
0.00247183505568
0.00249295725794
0.00251732348751
0.00254465751777
0.00257455634761
0.00260649150452
0.00263981831971
0.00267379127412
0.00270758381526
0.00274031133752
0.00277105627993
0.00279889449685
0.00282292217925
0.00284228263485
0.00285619217765
0.00286396424292
0.00286503065094
0.00285895871536
0.00284546264928
0.00282440748447
0.0027958034963
0.00275978892692
0.00271659862232
0.00266651605414
0.0026098061097
0.00254662607954
0.00247691260859
0.00240024333018
0.00231567411336
0.00222155766756
0.00211535961963
0.00199351068571
0.00185138227936
0.00168357448253
0.00148489559625
0.00125267746571
0.000991088457657
0.000716676866246
0.000459931144854
0.000254521760281
0.000117822237601
4.33302566677e-05
1.13536108846e-05
2.22953650504e-06
5.27134605218e-06
0.00248043082295
0.00248288622143
0.00248773371705
0.00249507336006
0.00250507402622
0.00251790098788
0.00253366260895
0.00255237303066
0.00257392816145
0.00259809277817
0.00262449692072
0.00265264000982
0.00268190128928
0.00271155534036
0.00274079156442
0.0027687366846
0.00279447946026
0.00281709691502
0.0028356814265
0.00284936799881
0.00285736093045
0.00285895890755
0.00285357730527
0.00284076618726
0.00282022217193
0.00279179200222
0.00275546532548
0.00271135387215
0.00265965392918
0.00260058876696
0.00253432757786
0.00246087770377
0.00237994785558
0.00229078243244
0.00219197248084
0.00208126049615
0.00195538091735
0.0018100296976
0.00164016014289
0.00144098953365
0.00121034403766
0.000952917711796
0.000685481288423
0.000437750309787
0.00024133730085
0.00011147491722
4.0958575458e-05
1.07313402231e-05
2.11495880678e-06
5.03810758622e-06
0.0025401054436
0.00254131858134
0.00254384244263
0.00254792186538
0.00255386350278
0.00256197048578
0.00257249353062
0.00258559527875
0.00260132545952
0.00261960516838
0.0026402190299
0.0026628142795
0.00268690591451
0.00271188710748
0.00273704409924
0.00276157482742
0.0027846106011
0.00280524019144
0.00282253574493
0.00283557991687
0.00284349354632
0.00284546303859
0.00284076638587
0.0028287964441
0.00280907970885
0.00278128840723
0.00274524326535
0.00270090383643
0.00264834280449
0.0025877002496
0.00251911355839
0.00244261868578
0.0023580192505
0.00226472236178
0.00216154589092
0.00204651464494
0.00191668964971
0.00176812938621
0.00159618842809
0.0013965435357
0.00116755687779
0.00091446167628
0.000654209289831
0.000415647569758
0.000228268410921
0.000105204003328
3.86187161172e-05
1.01174259944e-05
2.00104293572e-06
4.80162663149e-06
0.00259647705809
0.0025965444443
0.00259691631008
0.00259795675993
0.00260008233557
0.0026037052739
0.00260919055627
0.00261682351403
0.00262678576884
0.00263913812794
0.0026538096326
0.00267059228256
0.0026891410897
0.00270897912103
0.00272950714112
0.00275001740727
0.00276971113473
0.0027877191367
0.00280312514358
0.00281499129148
0.00282238521617
0.00282440806891
0.00282022256866
0.00280907990849
0.00279034394223
0.00276351059414
0.00272821987229
0.00268425724063
0.00263154044323
0.00257008721776
0.00249995877957
0.00242117370778
0.00233358738082
0.00223673435672
0.00212963703488
0.00201059744818
0.00187701765028
0.00172535194687
0.00155140402414
0.00135136421267
0.00112417721141
0.000875630903425
0.000622811620506
0.000393599192965
0.000215303920121
9.900443951e-05
3.63087952026e-05
9.51137942787e-06
1.88772453038e-06
4.56190497909e-06
0.00264896022893
0.00264798416223
0.00264638868439
0.00264463427906
0.00264322239874
0.00264264805109
0.00264336370011
0.00264575131239
0.00265010046132
0.00265659130083
0.00266528186299
0.0026760995292
0.00268883671154
0.0027031508135
0.00271856847668
0.00273449401552
0.00275022183678
0.00276495255762
0.00277781247947
0.00278787603252
0.00279419075341
0.00279580426783
0.00279179259052
0.00278128880145
0.00276351079024
0.0027377862677
0.00270357262254
0.00266046845813
0.00260821280228
0.0025466670864
0.00247577413878
0.00239548784603
0.00230566728545
0.00220593104573
0.00209547325619
0.00197285675204
0.00183582887421
0.00168126607961
0.00150546663093
0.0013051905349
0.00108001546359
0.000836300615132
0.000591216558728
0.000371568358291
0.000202425786287
9.28680678035e-05
3.40258039349e-05
8.91242433427e-06
1.77490534781e-06
4.31897334232e-06
0.00269688265501
0.00269496786119
0.00269159629863
0.00268730488418
0.00268265838969
0.0026782114479
0.00267447964864
0.00267191672317
0.00267089585391
0.00267169401969
0.00267447894274
0.00267929864785
0.00268607389762
0.00269459386322
0.00270451536823
0.00271536594534
0.00272655081564
0.00273736376961
0.00274700181939
0.00275458340669
0.00275916987984
0.00275978987232
0.00275546609356
0.00274524384384
0.00272822025564
0.00270357281129
0.0026705850675
0.00262866671844
0.00257736415433
0.00251635655828
0.00244543142481
0.00236443240002
0.00227317202795
0.00217130340962
0.00205815018454
0.00193250814127
0.00179246274184
0.00163532985811
0.00145794304561
0.00125768804012
0.00103482820301
0.000796310163531
0.000559330919282
0.000349506539129
0.000189610135843
8.67841818902e-05
3.17658240669e-05
8.31955520495e-06
1.66246566592e-06
4.07292502147e-06
0.00273946758884
0.00273671835006
0.00273176298289
0.00272519790269
0.00271763316551
0.00270966349567
0.00270184644899
0.00269468497938
0.00268861259187
0.00268398004942
0.00268104321671
0.00267995207761
0.00268074126516
0.00268332260717
0.00268748023812
0.00269286878277
0.00269901500976
0.00270532321678
0.00271108446993
0.00271548969695
0.00271764653255
0.00271659972412
0.00271135480384
0.0027009045844
0.00268425779789
0.00266046882372
0.00262866689673
0.00258808240989
0.00253806690252
0.00247810206298
0.00240779164674
0.00232682882558
0.00223493063546
0.00213173197323
0.00201663634063
0.00188863399314
0.00174612938432
0.00158688430073
0.00140830116202
0.00120844489378
0.000988317041697
0.000755464442149
0.000527042699835
0.000327355993479
0.000176828912544
8.07403582125e-05
2.95243458756e-05
7.7316220233e-06
1.55028105015e-06
3.82395546249e-06
0.00277580879876
0.00277232663035
0.00276597613723
0.00275739919421
0.00274723658184
0.00273610730188
0.00272459332933
0.00271322742269
0.00270248236146
0.00269276063456
0.00268438413837
0.00267758386463
0.00267248987411
0.00266912206584
0.00266738236832
0.00266704900736
0.00266777345811
0.00266908058845
0.00267037237034
0.00267093539968
0.00266995233933
0.00266651729154
0.00265965500479
0.00264834370353
0.00263154115733
0.00260821332903
0.00257736449663
0.00253806706792
0.00248948833854
0.00243091014976
0.00236173580962
0.00228147691807
0.00218971134974
0.00208600368969
0.00196978327082
0.00184018754132
0.00169590923581
0.00153515069915
0.00135590737916
0.0011569712754
0.000940130862685
0.000713538390046
0.000494226167834
0.000305053829499
0.000164052370944
7.47236689104e-05
2.72967258931e-05
7.14745147329e-06
1.43824467747e-06
3.57240706423e-06
0.0028048357988
0.00280071768926
0.00279315355177
0.00278281932947
0.00277037517478
0.00275645212162
0.00274164272095
0.00272649367246
0.00271149904789
0.00269709321098
0.00268364296905
0.00267143885041
0.00266068569427
0.00265149296982
0.00264386540495
0.00263769459972
0.0026327523265
0.00262868618297
0.00262501817937
0.00262114672648
0.0026163523653
0.0026098074596
0.00260058996423
0.00258770127849
0.00257008806869
0.00254666775558
0.00251635704719
0.00247810237775
0.00243091030047
0.00237387469518
0.00230619605775
0.00222718623155
0.00213625011667
0.00203283518579
0.00191634241838
0.00178600353167
0.00164075881575
0.00147923372708
0.0013000295413
0.00110270420864
0.000889873322043
0.000670286150397
0.000460750427786
0.000282538221724
0.000151252691845
6.87223950553e-05
2.50788265879e-05
6.56601528845e-06
1.32629636934e-06
3.31881731772e-06
0.00282526633297
0.00282060353554
0.0028119974752
0.00280014908979
0.00278572936555
0.00276937235128
0.0027516708569
0.00273317330595
0.00271438059415
0.00269574217239
0.00267765089348
0.00266043644059
0.00264435740009
0.0026295922534
0.00261622974034
0.00260425918265
0.00259356144449
0.0025839012412
0.00257492148983
0.00256614033194
0.00255695136584
0.00254662751755
0.0025343288729
0.00251911469403
0.0024999597452
0.00247577492939
0.00244543204055
0.00240779209235
0.0023617360938
0.00230619619251
0.0022401837023
0.00216280867666
0.00207328365629
0.00197090291446
0.00185499020229
0.00172481759505
0.00157952527382
0.00141813320122
0.00123984844404
0.00104502083759
0.000837118305118
0.000625456919418
0.000426492724477
0.000259757414405
0.000138409003232
6.27283545772e-05
2.28678773351e-05
5.98665549464e-06
1.21445909411e-06
3.06396656912e-06
0.00283554210841
0.00283041945907
0.00282093188028
0.00280779817604
0.00279169398227
0.00277325011032
0.00275305246287
0.00273164242524
0.002709516853
0.00268712701597
0.00266487607687
0.00264311488108
0.00262213601716
0.00260216627969
0.00258335782747
0.00256577847495
0.00254940167651
0.00253409685059
0.0025196207378
0.00250561048989
0.00249157914915
0.00247691411013
0.00246087907203
0.00244261990402
0.00242117476468
0.00239548873556
0.00236443312112
0.00232682938171
0.00228147731661
0.00222718648318
0.00216280879476
0.00208726870205
0.00199958546124
0.00189888042682
0.00178436307952
0.00165529727603
0.00151097341891
0.00135076868855
0.00117448228791
0.000983264359925
0.000781436901269
0.000578819971683
0.000391357832253
0.000236682088575
0.000125514017243
5.67399153157e-05
2.066357761e-05
5.40937113911e-06
1.10288268856e-06
2.80891947889e-06
0.0028337425453
0.00282823828509
0.00281801769619
0.00280381188021
0.00278629680855
0.00276609604247
0.0027437840608
0.00271988950355
0.00269489771693
0.00266925211607
0.00264335401382
0.00261756069002
0.00259218159828
0.00256747273015
0.00254362928193
0.00252077689635
0.0024989618748
0.00247814086709
0.00245817063573
0.00243879855119
0.00241965449926
0.00240024487152
0.0023799492729
0.00235802052716
0.00233358850514
0.00230566825066
0.002273172832
0.00223493128067
0.00218971184225
0.00213625046593
0.00207328387442
0.00199958556244
0.00191400167567
0.00181548238431
0.00170310470272
0.00157608883515
0.00143383072885
0.00127602320537
0.00110303045702
0.000916788443478
0.00072244042576
0.000530201599681
0.000355304677181
0.000213321367861
0.000112582276432
5.0765650094e-05
1.84694184731e-05
4.83515892449e-06
9.91892588727e-07
2.55505195871e-06
0.00281747004895
0.00281165615233
0.00280083957591
0.00278575932939
0.00276708879841
0.00274544198122
0.00272137950205
0.00269541407069
0.00266801501825
0.0026396115828
0.00261059468189
0.00258131697806
0.00255209111373
0.00252318606848
0.00249482167545
0.00246716142701
0.00244030380221
0.00241427245455
0.00238900570152
0.00236434584878
0.00234002895293
0.00231567567249
0.00229078387594
0.00226472367351
0.002236735525
0.00220593206342
0.00217130427398
0.00213173268561
0.00208600425518
0.00203283561268
0.00197090321368
0.0018988806114
0.00181548246882
0.00171951433865
0.00160992781128
0.00148588566699
0.00134685850138
0.00119281533583
0.00102464586188
0.000845027981608
0.000659844831914
0.000479536420214
0.00031838055626
0.000189742030244
9.96595621834e-05
4.48283747873e-05
1.62941156798e-05
4.26637814411e-06
8.82038181406e-07
2.30405371776e-06
0.00278369969556
0.00277764276098
0.00276635724151
0.00275058647123
0.00273099926656
0.00270819892454
0.00268273129355
0.0026550918928
0.00262573192499
0.00259506300186
0.00256346041463
0.00253126480663
0.00249878213829
0.00246628187268
0.002433993357
0.00240210043278
0.00237073437834
0.00233996536864
0.00230979272892
0.00228013435235
0.00225081574278
0.00222155922481
0.00219197392961
0.00216154721594
0.00212963822487
0.00209547430397
0.00205815108699
0.00201663709845
0.00196978388824
0.00191634290267
0.00185499056334
0.00178436332924
0.00170310485456
0.0016099278797
0.0015036949665
0.0013835269279
0.00124896119922
0.00110021343626
0.000938648815388
0.000767606154366
0.00059356191747
0.000426934067531
0.000280761564922
0.000166089203082
8.6832291775e-05
3.89689730389e-05
1.41529223926e-05
3.70707758082e-06
7.74131042442e-07
2.05789659966e-06
0.00272858819343
0.00272235105634
0.00271071656589
0.00269442922368
0.00267415179404
0.002650476411
0.00262393417554
0.00259500346926
0.00256411700697
0.00253166757505
0.00249801237645
0.0024634758992
0.00242835123117
0.00239289975658
0.00235734918836
0.00232188991938
0.00228666971444
0.00225178681769
0.00221728161514
0.00218312706819
0.00214921821904
0.00211536115784
0.00208126193157
0.00204651596346
0.00201059863927
0.00197285780884
0.00193250906061
0.00188863477538
0.00184018819008
0.00178600405344
0.00172481799879
0.00165529757267
0.0015760890371
0.00148588578765
0.00138352698121
0.00126814009286
0.00113935167451
0.00099761100872
0.00084469922837
0.000684488687616
0.000523820649335
0.000372758714739
0.00024279468806
0.000142604858823
7.42347392879e-05
3.32489817197e-05
1.20684367808e-05
3.16318328666e-06
6.69258644142e-07
1.81876181487e-06
0.00264724659797
0.00264089101897
0.00262902542081
0.00261239232076
0.00259164700391
0.00256737017117
0.00254007861646
0.002510234352
0.00247825234499
0.00244450691547
0.00240933679253
0.00237304880211
0.00233592014925
0.00229819925399
0.00226010510192
0.00222182507883
0.00218351127505
0.00214527527217
0.00210718146287
0.00206923900585
0.0020313925814
0.00199351218967
0.00195538232274
0.00191669094381
0.00187701882356
0.00183582992044
0.00179246365813
0.00174613017098
0.00169590989613
0.00164075935568
0.00157952570161
0.00151097374465
0.00143383096402
0.00134685865839
0.00124896129099
0.00113935171404
0.00101779799606
0.000884987412455
0.00074304493772
0.000596192536352
0.000451314937962
0.000317711767239
0.000205032226802
0.000119638004385
6.2050875663e-05
2.7750516217e-05
1.00703926333e-05
2.64241608496e-06
5.68756195492e-07
1.58892571426e-06
0.00253351111898
0.00252710224661
0.00251512962605
0.00249833010412
0.00247734960197
0.00245275679301
0.00242505447275
0.00239468917672
0.00236205931364
0.00232752194125
0.00229139824158
0.00225397771601
0.00221552110055
0.00217626198972
0.0021364071503
0.00209613550323
0.00205559575489
0.00201490266869
0.00197413198637
0.00193331403662
0.00189242611005
0.00185138373433
0.001810031057
0.00176813063883
0.00172535308437
0.00168126709665
0.00163533075233
0.00158688507267
0.00153515135204
0.00147923426659
0.00141813363506
0.00135076902617
0.00127602345743
0.00119281551386
0.00110021355221
0.00099761107458
0.000884987439883
0.000763277769596
0.000634854590409
0.00050404060948
0.000377357761507
0.000262896262582
0.000168243399773
9.76383815403e-05
5.05070692804e-05
2.2572016846e-05
8.19391946823e-06
2.15381258411e-06
4.74121579947e-07
1.37061346304e-06
0.00237982629806
0.00237344019701
0.00236150497641
0.0023447467961
0.00232379917125
0.00229921718439
0.00227148918307
0.00224104660378
0.0022082722566
0.00217350725038
0.00213705665654
0.00209919396658
0.00206016437374
0.00202018689372
0.0019794553289
0.00193813807295
0.00189637674992
0.00185428368293
0.00181193819481
0.00176938175748
0.00172661203118
0.00168357587163
0.00164016143872
0.00159618962101
0.00155140510714
0.00150546759972
0.00145794389857
0.00140830190014
0.00135590800586
0.00130003006213
0.00123984886642
0.00117448262074
0.00110303071031
0.00102464604633
0.000938648942055
0.000844699308238
0.000743044981396
0.000634854607793
0.000522606810748
0.000410414176371
0.000303990905975
0.000209825904173
0.000133383452051
7.71254613378e-05
3.98526792448e-05
1.78188571879e-05
6.47600555362e-06
1.70679373311e-06
3.86869478834e-07
1.16584061913e-06
0.00217754970444
0.00217128608278
0.00215957690798
0.00214313000976
0.00212256119992
0.00209840847755
0.00207114366256
0.00204118212804
0.00200889099658
0.00197459600628
0.00193858716788
0.00190112328879
0.0018624354146
0.00182272922315
0.00178218639544
0.00174096498036
0.0016991987659
0.00165699566875
0.00161443515707
0.00157156472999
0.00152839549322
0.00148489689661
0.00144099074316
0.00139654464638
0.00135136521894
0.00130519143363
0.00125768883058
0.00120844557757
0.00115697185625
0.00110270469216
0.00104502123099
0.00098326467168
0.000916788682971
0.000845028158771
0.000767606279321
0.000684488770335
0.000596192586338
0.000504040635483
0.000410414186127
0.000318878122036
0.000233956952204
0.000160329306991
0.000101502512231
5.86288565941e-05
3.03285548701e-05
1.35893275592e-05
4.95045537901e-06
1.30987179271e-06
3.0834138898e-07
9.76270317275e-07
0.00191841064748
0.00191241337042
0.00190120156939
0.00188545232388
0.00186575435938
0.00184262158161
0.00181650416191
0.00178779781427
0.00175685161926
0.00172397459897
0.00168944116778
0.00165349554115
0.00161635516258
0.00157821319529
0.00153924011757
0.0014995844548
0.0014593726794
0.00141870830959
0.00137767024154
0.00133631035728
0.00129465046411
0.00125267864409
0.00121034512902
0.00116755787591
0.00112417811224
0.00108001626525
0.00103482890574
0.000988317647763
0.00094013137617
0.000889873748625
0.000837118651792
0.000781437176039
0.000722440637316
0.000659844989305
0.000593562029781
0.000523820725379
0.000451314986004
0.000377357789018
0.000303990919425
0.000233956956901
0.000170411709072
0.000116308487854
7.35914899941e-05
4.26064685583e-05
2.21286013319e-05
9.95867226568e-06
3.64237737936e-06
9.69271248121e-07
2.39512292575e-07
8.03114375273e-07
0.00159857212763
0.00159305684063
0.00158274801837
0.00156827158513
0.00155017286754
0.00152892860079
0.0015049568284
0.00147862523851
0.00145025823619
0.00142014292393
0.00138853409692
0.00135565832666
0.00132171719053
0.00128688969678
0.00125133395067
0.00121518810522
0.00117857064086
0.0011415800206
0.00110429377207
0.00106676705672
0.00102903079892
0.000991089468574
0.000952918642783
0.000914462522971
0.000875631663334
0.00083630128764
0.00079631074981
0.000755464945028
0.000713538813834
0.000670286500657
0.000625457202712
0.000578820195297
0.000530201771339
0.000479536547795
0.000426934158791
0.00037275877706
0.000317711807404
0.000262896286587
0.000209825917089
0.000160329312882
0.000116308489761
7.93634377142e-05
5.03928700529e-05
2.9360374871e-05
1.53649361067e-05
6.96572884719e-06
2.56379170132e-06
6.87863054771e-07
1.8084884313e-07
6.47098122213e-07
0.00122710538235
0.0012223762313
0.00121354087644
0.00120114273221
0.00118565749921
0.00116750265187
0.00114704539055
0.00112460943788
0.00110048088024
0.00107491316543
0.00104813132435
0.00102033546681
0.000991703594612
0.00096239377447
0.00093254571404
0.000902281786332
0.000871707550789
0.00084091182339
0.000809966353616
0.000778925173857
0.000747823697752
0.00071667765999
0.0006854820145
0.000654209945677
0.000622812205077
0.000591217072454
0.000559331363972
0.000527043078544
0.000494226484691
0.0004607506878
0.000426492933312
0.000391357996006
0.000355304802149
0.000318380648717
0.000280761630911
0.000242794733204
0.000205032256153
0.000168243417694
0.000133383462146
0.000101502517325
7.35914921621e-05
5.03928707043e-05
3.22379067825e-05
1.89792723974e-05
1.00488866286e-05
4.60682682988e-06
1.71184633596e-06
4.64765230308e-07
1.32264544382e-07
5.08493155308e-07
0.000837365408758
0.000833760564854
0.000827030580646
0.000817597569612
0.000805833610958
0.000792067014399
0.000776587735454
0.0007596521334
0.000741487157693
0.00072229400135
0.000702251242182
0.000681517490104
0.000660233562071
0.000638524211444
0.000616499443802
0.000594255455601
0.000571875236485
0.00054942888011
0.000526973652796
0.000504553874652
0.000482200674759
0.000459931691848
0.000437750806725
0.000415648015508
0.000393599587468
0.000371568702503
0.000349506834929
0.000327356243554
0.000305054037206
0.000282538390938
0.000259757549356
0.000236682193689
0.000213321447599
0.000189742088951
0.000166089244857
0.000142604887403
0.000119638023058
9.76383930912e-05
7.7125468022e-05
5.86288601487e-05
4.26064702445e-05
2.93603755424e-05
1.89792725849e-05
1.13296464015e-05
6.0949046701e-06
2.83914707086e-06
1.07021961998e-06
2.95724545415e-07
9.31834829803e-08
3.87205646473e-07
0.000487783572772
0.00048548384979
0.000481193883242
0.000475188516722
0.000467711720441
0.000458979871994
0.000449184731735
0.000438496167504
0.000427064634577
0.000415023400464
0.000402490503493
0.000389570440269
0.000376355585032
0.000362927351592
0.000349357114786
0.000335706913161
0.000322029958594
0.000308370981613
0.000294766444024
0.000281244653305
0.000267825816768
0.000254522078339
0.000241337588213
0.000228268667249
0.000215304145706
0.000202425982004
0.000189610303085
0.000176829053141
0.000164052487077
0.000151252785949
0.0001384090779
0.000125514075131
0.000112582320171
9.9659594291e-05
8.683231459e-05
7.42347549111e-05
6.20508859167e-05
5.05070756865e-05
3.98526830209e-05
3.03285569448e-05
2.21286023751e-05
1.53649365722e-05
1.00488868016e-05
6.09490471459e-06
3.34372804395e-06
1.59170115291e-06
6.13018788351e-07
1.74087711931e-07
6.26832137297e-08
2.828975139e-07
0.00023314742398
0.000231984473617
0.000229816388907
0.000226784257878
0.000223013927707
0.000218617379936
0.000213694045561
0.000208332062057
0.000202609456066
0.000196595232289
0.000190350352697
0.000183928596351
0.000177377296426
0.000170737956612
0.000164046753403
0.000157334934013
0.000150629122131
0.000143951545523
0.000137320200937
0.000130748973129
0.000124247726351
0.00011782238875
0.000111475053336
0.000105204124346
9.90045456644e-05
9.28681596035e-05
8.6784260083e-05
8.07404237429e-05
7.47237228765e-05
6.87224386623e-05
6.27283890905e-05
5.67399420165e-05
5.07656702368e-05
4.4828389563e-05
3.89689835431e-05
3.32489889283e-05
2.77505209701e-05
2.25720198401e-05
1.7818858977e-05
1.35893285641e-05
9.95867278932e-06
6.96572909548e-06
4.60682693346e-06
2.83914710635e-06
1.59170116113e-06
7.78754108909e-07
3.09633144632e-07
9.19917086072e-08
3.96643171215e-08
1.95118295156e-07
8.69380236995e-05
8.64936623379e-05
8.56654827665e-05
8.45077796915e-05
8.3069089348e-05
8.1392661339e-05
7.95169254477e-05
7.74759495063e-05
7.52998784667e-05
7.30153444863e-05
7.06458399336e-05
6.82120481405e-05
6.57321295952e-05
6.3221963712e-05
6.0695348223e-05
5.81641596167e-05
5.56384790971e-05
5.31266892756e-05
5.06355473819e-05
4.81702412925e-05
4.57344352336e-05
4.33303127759e-05
4.09586259174e-05
3.86187609188e-05
3.63088344492e-05
3.40258378304e-05
3.17658529022e-05
2.95243700131e-05
2.72967457498e-05
2.50788426184e-05
2.28678900139e-05
2.06635874149e-05
1.846942587e-05
1.6294121109e-05
1.41529262578e-05
1.20684394401e-05
1.00703943941e-05
8.19392058467e-06
6.47600622736e-06
4.95045576306e-06
3.64237758408e-06
2.5637918019e-06
1.7118463805e-06
1.07021963708e-06
6.13018793623e-07
3.09633145688e-07
1.28914464527e-07
4.14812860307e-08
2.30075295234e-08
1.23438073518e-07
2.28055188192e-05
2.26886418596e-05
2.24708248455e-05
2.21663686892e-05
2.17880625601e-05
2.13473048092e-05
2.08542236208e-05
2.0317796108e-05
1.97459630546e-05
1.91457364671e-05
1.85232976848e-05
1.78840846022e-05
1.72328673349e-05
1.65738123262e-05
1.59105354058e-05
1.5246144689e-05
1.45832744833e-05
1.39241115723e-05
1.32704153962e-05
1.26235337874e-05
1.1984416062e-05
1.13536254742e-05
1.07313533405e-05
1.0117437638e-05
9.51138962528e-06
8.91243313929e-06
8.31956269404e-06
7.73162829142e-06
7.1474566295e-06
6.56601945136e-06
5.98665878786e-06
5.40937368697e-06
4.83516084804e-06
4.2663795576e-06
3.70707858886e-06
3.16318398197e-06
2.64241654704e-06
2.15381287861e-06
1.70679391215e-06
1.30987189586e-06
9.69271303953e-07
6.87863082838e-07
4.64765243192e-07
2.95724550675e-07
1.74087713757e-07
9.19917091021e-08
4.14812861159e-08
1.5672375697e-08
1.1811455704e-08
6.76061326767e-08
4.22843935721e-06
4.2086992896e-06
4.17188744871e-06
4.12038191104e-06
4.05629741047e-06
3.98150972104e-06
3.89767859635e-06
3.80626947708e-06
3.70857380938e-06
3.60572772072e-06
3.49872883505e-06
3.38845109875e-06
3.27565758823e-06
3.16101136036e-06
3.0450844792e-06
2.92836540715e-06
2.81126499071e-06
2.69412130241e-06
2.57720362605e-06
2.4607158961e-06
2.34479992833e-06
2.2295388126e-06
2.11496088741e-06
2.00104478723e-06
1.88772615563e-06
1.77490675422e-06
1.66246686479e-06
1.55028205593e-06
1.43824550703e-06
1.32629704117e-06
1.21445962759e-06
1.10288310323e-06
9.91892903641e-07
8.82038414561e-07
7.74131210327e-07
6.69258761391e-07
5.68756274672e-07
4.74121631477e-07
3.86869511028e-07
3.08341408203e-07
2.39512303486e-07
1.80848848976e-07
1.32264547311e-07
9.31834843344e-08
6.2683214296e-08
3.96643173296e-08
2.30075295875e-08
1.18114557187e-08
6.94259428314e-09
2.78873937958e-08
8.76450468819e-06
8.73368535121e-06
8.6760770089e-06
8.59517628149e-06
8.4940224201e-06
8.37525849202e-06
8.24118216559e-06
8.09378891308e-06
7.93480921569e-06
7.76574069136e-06
7.58787574768e-06
7.40232523485e-06
7.21003854107e-06
7.01182058393e-06
6.80834617906e-06
6.60017229958e-06
6.38774877373e-06
6.17142800313e-06
5.95147432115e-06
5.72807365241e-06
5.50134418149e-06
5.27134879223e-06
5.03811009316e-06
4.80162889085e-06
4.56190698511e-06
4.31897509688e-06
4.07292653294e-06
3.82395674448e-06
3.57240813434e-06
3.31881819628e-06
3.06396727806e-06
2.80892004066e-06
2.55505239545e-06
2.30405405049e-06
2.05789684776e-06
1.81876199565e-06
1.58892584275e-06
1.37061355195e-06
1.16584067884e-06
9.76270356063e-07
8.03114399524e-07
6.47098136707e-07
5.08493163508e-07
3.87205650802e-07
2.82897515986e-07
1.95118296041e-07
1.23438073829e-07
6.76061327571e-08
2.78873938073e-08
5.87916448668e-09
)
;

boundaryField
{
    side_walls
    {
        type            fixedValue;
        value           uniform 1e-15;
    }
    inlet
    {
        type            cyclic;
    }
    outlet
    {
        type            cyclic;
    }
    side_left
    {
        type            symmetryPlane;
    }
    side_bottom
    {
        type            symmetryPlane;
    }
}


// ************************************************************************* //
