/*--------------------------------*- C++ -*----------------------------------*\
| =========                 |                                                 |
| \\      /  F ield         | OpenFOAM: The Open Source CFD Toolbox           |
|  \\    /   O peration     | Version:  3.0.1                                 |
|   \\  /    A nd           | Web:      www.OpenFOAM.org                      |
|    \\/     M anipulation  |                                                 |
\*---------------------------------------------------------------------------*/
FoamFile
{
    version     2.0;
    format      ascii;
    class       volScalarField;
    location    "50000";
    object      nut;
}
// * * * * * * * * * * * * * * * * * * * * * * * * * * * * * * * * * * * * * //

dimensions      [0 2 -1 0 0 0 0];

internalField   nonuniform List<scalar> 
2500
(
0.00311434404741
0.0031273522841
0.00314824207121
0.00317086137562
0.00318965888175
0.00320044280177
0.00320049662612
0.00318837294766
0.0031635925173
0.00312636019631
0.00307733511051
0.00301745747019
0.00294782264687
0.00286959144169
0.0027839272676
0.00269195331141
0.00259472467692
0.00249321187036
0.00238829287946
0.00228075167535
0.00217128136429
0.00206049052448
0.00194891153067
0.00183700991775
0.00172519406745
0.00161382471579
0.00150322396852
0.00139368367326
0.00128547313303
0.00117884625873
0.00107404835977
0.000971322872271
0.000870918445678
0.000773096977102
0.000678143447955
0.000586378855426
0.000498178277124
0.000413997374
0.000334412698526
0.000260184028516
0.000192348526939
0.000132345476935
8.21046626676e-05
4.38219089698e-05
1.88815272954e-05
6.07160518263e-06
1.31535399661e-06
1.61565289396e-07
9.92038512227e-09
3.51223714416e-09
0.00312734205686
0.00314013886219
0.00316070206013
0.00318298053891
0.00320148762782
0.00321205135629
0.00321194104483
0.00319967685171
0.00317474188578
0.00313730668227
0.00308800396946
0.00302775735658
0.00295765552271
0.00287886153146
0.00279254845173
0.0026998546628
0.0026018540701
0.00249953776074
0.00239380447177
0.00228545777921
0.00217520827277
0.00206367925299
0.0019514147257
0.00183888869741
0.00172651499767
0.0016146570665
0.00150363733875
0.00139374602772
0.00128524925604
0.00117839660568
0.00107342826914
0.000970582092688
0.000870100928815
0.00077224088898
0.000677281355198
0.000585538049539
0.000497381207513
0.000413262168478
0.000333753755135
0.000259612652962
0.000191873525424
0.000131973377176
8.18386114551e-05
4.36575724527e-05
1.88007075795e-05
6.04292488219e-06
1.30877839855e-06
1.6074194813e-07
9.8741066714e-09
3.49988674554e-09
0.00314821526445
0.00316068540967
0.0031807563863
0.00320254746068
0.00322068071452
0.00323101540505
0.00323079230564
0.00321847009851
0.00319346028483
0.00315586690102
0.00310626983838
0.00304555730446
0.0029748006663
0.0028951624664
0.00280782956604
0.00271396532398
0.00261467642734
0.00251099120907
0.0024038470636
0.00229408504205
0.00218244999738
0.00206959485427
0.00195608775827
0.00184242104175
0.00172902113822
0.00161625877652
0.00150445898195
0.0013939105934
0.00128487516834
0.00117759529035
0.0010723024223
0.000969224572764
0.00086859418251
0.000770656821166
0.000675681558783
0.000583974322265
0.000495896296719
0.000411890699874
0.00033252331135
0.000258544949619
0.000190985510279
0.000131277630222
8.13412502047e-05
4.33505342712e-05
1.86498345971e-05
5.98942926774e-06
1.29652024809e-06
1.59207436016e-07
9.78780461789e-09
3.4768010472e-09
0.00317081596944
0.00318294507754
0.00320252843568
0.00322389429007
0.00324179815754
0.00325213481895
0.0032521030056
0.00324007487046
0.00321535996746
0.00317796508677
0.00312838944336
0.00306746295668
0.0029962228613
0.00291582085963
0.00282745370777
0.00273231177821
0.00263154169155
0.00252622024359
0.00241733757517
0.00230578794323
0.00219236666881
0.00207777195984
0.00196261040138
0.00184740501464
0.00173260492244
0.00161859582375
0.00150571066176
0.0013942400562
0.00128444225077
0.00117655249252
0.00107079191488
0.000967376144494
0.000866524012469
0.000768466950607
0.000673459940434
0.00058179533722
0.000493821647418
0.000409970608457
0.000330797966418
0.000257046118492
0.000189738058645
0.000130300051787
8.06426468752e-05
4.29196566971e-05
1.84383902447e-05
5.91455448714e-06
1.27937841637e-06
1.57062340329e-07
9.66705298787e-09
3.44438126898e-09
0.00318959631877
0.0032014346229
0.0032206436374
0.0032417797564
0.00325974594281
0.00327047530979
0.00327111529977
0.00325993256772
0.00323610949562
0.00319952749541
0.00315057682191
0.00309000278558
0.00301878570059
0.00293804829445
0.00284898445677
0.00275280451957
0.00265069363801
0.00254378090457
0.00243311752467
0.00231966276733
0.00220427657659
0.00208771777891
0.00197064682607
0.0018536320235
0.00173715824225
0.00162163720816
0.00150741860054
0.00139480136181
0.00128404480374
0.00117537928305
0.00106901640181
0.000965158868898
0.00086401034854
0.000765785848266
0.00067072350606
0.000579099106911
0.00049124542611
0.000407579772519
0.000328645143931
0.000255173127466
0.000188177757889
0.000129076942077
7.97689592442e-05
4.23814458249e-05
1.81747379668e-05
5.82135304013e-06
1.25806577226e-06
1.54396572737e-07
9.51680824793e-09
3.40384534818e-09
0.00320036665463
0.00321198421016
0.00323096337722
0.00325210073479
0.00327045920679
0.0032820172664
0.00328386942588
0.00327416620957
0.00325194469576
0.00321693749455
0.00316939944368
0.00310996380279
0.00303952732962
0.00295915949269
0.00287003068506
0.00277335524623
0.00267034628123
0.00256218026227
0.00244997009247
0.00233474571585
0.00221744153208
0.00209888989365
0.00197981989849
0.0018608606063
0.00174254774677
0.00162533298163
0.00150959483917
0.00139565055582
0.00128376821992
0.00117417880281
0.00106708786679
0.000962686952926
0.000861164878414
0.000762719434569
0.000667570314959
0.00057597459845
0.000488246897661
0.000404787569726
0.000326124418299
0.000252975976592
0.000186345309494
0.000127639957491
7.87430338794e-05
4.17503856188e-05
1.78662611218e-05
5.71253352667e-06
1.23321679505e-06
1.51290242787e-07
9.34146661655e-09
3.35625245873e-09
0.00320041138517
0.00321186410924
0.00323072942348
0.00325205699148
0.0032710864476
0.00328385625225
0.00328741587105
0.0032797988073
0.00325988733002
0.00322724850138
0.00318197957528
0.00312457604235
0.00305582361928
0.00297671094947
0.00288835886484
0.00279196260017
0.00268874430043
0.00257991406551
0.00246663847302
0.00235001597159
0.00223105876447
0.00211068084989
0.00198969180498
0.00186879575438
0.00174859480768
0.0016295961273
0.00151222173037
0.00139682014871
0.0012836791661
0.00117303901021
0.00106510557999
0.000960063525196
0.000858089256901
0.000759364271651
0.000664089550988
0.000572502329662
0.000484897340452
0.000401655948409
0.000323288615932
0.000250498733058
0.000184276425965
0.000126016818265
7.75848961725e-05
4.10392167801e-05
1.75194828621e-05
5.59049695402e-06
1.20539490051e-06
1.47814522182e-07
9.14491794129e-09
3.30252336216e-09
0.00318828315144
0.00319959457012
0.0032184006207
0.00324002092087
0.0032598946347
0.0032741431644
0.00327978855123
0.00327475639139
0.00325777393949
0.0032282339061
0.00318605998355
0.00313158837322
0.00306546832684
0.00298857994378
0.00290196607679
0.00280677532467
0.00270421376322
0.00259550383267
0.00248184946825
0.00236440705719
0.00224426211326
0.00212241168615
0.00199975249432
0.00187707462693
0.00175506045275
0.00163428815575
0.00151523913643
0.00139830841066
0.001283817123
0.00117202637015
0.00106315169245
0.000957377820662
0.000854873549834
0.000755806954729
0.000660361588007
0.000568754880961
0.000481260822621
0.000398240327365
0.000320184732642
0.000247780388242
0.000182002571356
0.000124231893722
7.63121592087e-05
4.02591740517e-05
1.71401716929e-05
5.45737019822e-06
1.17509947938e-06
1.4403249269e-07
8.93059664953e-09
3.24345771997e-09
0.00316350222865
0.0031746582707
0.00319338811499
0.00321530181318
0.00323606597977
0.00325191499728
0.00325986972615
0.00325776626797
0.00324418580981
0.00321834631255
0.00317998920234
0.00312927575635
0.00306669763312
0.00299300119395
0.00290912349341
0.00281613754338
0.00271520482125
0.00260753357139
0.00249434203854
0.00237682627798
0.00225613256673
0.00213333466934
0.00200941628637
0.00188525894362
0.00176163539449
0.00163920835155
0.0015185340903
0.00140007023185
0.00128418685656
0.00117118005259
0.00106128707174
0.000954702441149
0.000851594652632
0.000752123415301
0.00065645792727
0.000564797254177
0.00047739481158
0.000394590325091
0.000316854685964
0.000244855564075
0.0001795515737
0.000122306688773
7.49403670519e-05
3.9420189172e-05
1.67334344883e-05
5.31503661479e-06
1.14277254539e-06
1.39999959487e-07
8.70152941509e-09
3.17974900249e-09
0.00312627274484
0.00313722505305
0.00315579531946
0.00317790592261
0.00319948145257
0.00321690401083
0.00322722619287
0.00322822095808
0.00321834077744
0.00319663669712
0.0031626668124
0.00311640861592
0.00305818074777
0.00298857506737
0.00290839795437
0.00281861912391
0.00272032629707
0.00261468441924
0.00250289857459
0.0023861802057
0.00226571665617
0.00214264437215
0.00201802629348
0.00189283401972
0.00176793524588
0.00164408674939
0.0015219329119
0.00140200943578
0.00128475162491
0.0011705063982
0.00105954712806
0.000952090461752
0.000848314492154
0.000748377990481
0.000652440905866
0.000560687016453
0.00047335058575
0.000390750309758
0.000313335908154
0.000241755082146
0.000176948124907
0.000120260245259
7.34832814743e-05
3.85310634804e-05
1.63037977107e-05
5.16516360801e-06
1.10880487407e-06
1.35766211045e-07
8.46037895474e-09
3.11199736299e-09
0.00307725301334
0.00308792686583
0.00310620140432
0.00312833181836
0.0031505307458
0.00316936456564
0.00318195480983
0.00318604383404
0.00317998001657
0.00316266296328
0.00313347387885
0.00309220466823
0.00303899192956
0.00297425782282
0.00289865770493
0.0028130335398
0.0027183718651
0.00261576520961
0.0025063761357
0.00239140343983
0.00227205042463
0.00214949551415
0.00202486577826
0.00189921412172
0.00177350094848
0.00164858101622
0.00152519596344
0.00140397265728
0.00128542713722
0.00116997358608
0.00105793751452
0.000949572247817
0.000845077882479
0.000744622150184
0.000648363095214
0.000556474175284
0.000469173417802
0.000386759756852
0.000309661778781
0.000238506401367
0.000174214176705
0.000118109466207
7.19531176736e-05
3.75996126323e-05
1.58552772227e-05
5.00922697557e-06
1.0735415361e-06
1.31374710561e-07
8.20948344953e-09
3.04072071889e-09
0.00301738246057
0.00302768655938
0.00304549386373
0.00306740876682
0.00308995858584
0.00310992940955
0.0031245506271
0.00313157072448
0.00312926449434
0.00311640235069
0.00309220210483
0.00305627522065
0.00300857383897
0.00294934132662
0.00287906710931
0.00279844552073
0.00270833795252
0.00260973747812
0.00250373521353
0.00239148789293
0.00227418643175
0.00215302558697
0.0020291751639
0.00190375351565
0.00177780428558
0.00165227741336
0.00152801533544
0.00140574506392
0.00128607646058
0.00116950659902
0.00105642971229
0.000947151937702
0.000841909964311
0.000740892809128
0.000644266327425
0.000552200739043
0.000464902500455
0.000382653399553
0.000305861892138
0.000235133925738
0.000171369237156
0.000115869368028
7.0360732706e-05
3.66327851972e-05
1.53914370372e-05
4.84853193333e-06
1.03728676528e-06
1.26863709314e-07
7.95089129364e-09
2.96636422995e-09
0.00294775576161
0.00295759213365
0.00297474341827
0.00299617340104
0.0030187447387
0.00303949480973
0.00305579892927
0.00306545050578
0.00306668554761
0.00305817322754
0.00303898786217
0.00300857222899
0.00296669811243
0.00291342724207
0.0028490740575
0.0027741706966
0.00268943402041
0.00259573419841
0.00249406428827
0.00238551029893
0.00227122139479
0.0021523801566
0.00203017313521
0.00190576227765
0.0017802581232
0.00165469590157
0.00153001576286
0.00140704829206
0.00128650620497
0.0011689827204
0.00105495662963
0.000944803635525
0.000838813217409
0.000737210186588
0.000640180306588
0.000547899925916
0.000460570588352
0.000378461156132
0.000301962152474
0.000231659181152
0.000168430569976
0.000113553263889
6.87157694003e-05
3.56367566609e-05
1.49154374464e-05
4.68423083427e-06
1.00030813846e-06
1.22266777664e-07
7.68639110567e-09
2.88930835112e-09
0.00286953313524
0.00287880608046
0.00289511205958
0.0029157769032
0.00293801145001
0.00295912979606
0.00297668796645
0.00298856292914
0.002992989233
0.00298856718958
0.00297425308534
0.00294933886973
0.0029134263213
0.00286639885682
0.00280839283131
0.00273976926073
0.0026610862816
0.00257307226184
0.00247659924438
0.00237265630981
0.00226232247097
0.00214673885263
0.00202708015112
0.00190452569069
0.00178023075873
0.00165529925628
0.00153075897875
0.00140754097736
0.00128646439485
0.00116822790556
0.00105340845247
0.000942467446736
0.000835764098296
0.000733575216065
0.000636120783463
0.00054359499406
0.000456203332795
0.000374207818634
0.000297984688626
0.000228100858414
0.000165413297266
0.000111172880491
6.70267580181e-05
3.4617000291e-05
1.44300731011e-05
4.51733769772e-06
9.62840077087e-07
1.17613253946e-07
7.41753714748e-09
2.80987564153e-09
0.00278387753302
0.00279250101198
0.00280778620304
0.00282741560156
0.00284895220643
0.00287000438882
0.00288833823087
0.00290195054181
0.00290911233323
0.00290839037692
0.00289865292218
0.00287906438795
0.00284907275089
0.00280839239589
0.00275698438065
0.00269503538849
0.00262293609511
0.00254125924591
0.00245073742057
0.00235224024884
0.00224675073539
0.00213534036003
0.00201914274364
0.00189932591091
0.00177706351866
0.00165350582017
0.00152975154191
0.00140682218501
0.00128564044837
0.00116701444024
0.00105162907494
0.000940045575614
0.000832709422631
0.000729966551823
0.000632087297911
0.000539297678459
0.000451818290982
0.000369912487939
0.000293947578861
0.00022447471844
0.000162330405292
0.000108738409755
6.53011776623e-05
3.35783363589e-05
1.39378017381e-05
4.3487397487e-06
9.25086705688e-07
1.12928615034e-07
7.14567046483e-09
2.72833652265e-09
0.00269191179621
0.00269981496195
0.00271392886439
0.00273227953304
0.00275277701788
0.00277333262409
0.00279194467633
0.00280676168596
0.00281612762842
0.00281861229729
0.00281302915251
0.00279844295531
0.00277416939773
0.00273976875317
0.00269503528469
0.00263998378836
0.00257483426215
0.00249999531495
0.00241604659172
0.00232372020871
0.00222388098631
0.00211750515245
0.00200565718484
0.00188946457954
0.00177009058242
0.00164870528734
0.00152645595748
0.00140443789945
0.00128366762965
0.00116506031878
0.0010494135041
0.00093739878263
0.000829562681731
0.00072633727057
0.000628060525383
0.000535006236899
0.00044742359867
0.000365587742521
0.000289864376659
0.000220793354889
0.000159192652186
0.000106258496542
6.35454793081e-05
3.25249612672e-05
1.34407643606e-05
4.17920623019e-06
8.8722412095e-07
1.08234774968e-07
6.87193619146e-09
2.64491419118e-09
0.00259469078718
0.00260182159082
0.00261464648185
0.00263151506844
0.00265067079368
0.00267032737023
0.00268872922443
0.00270420222997
0.00271519640581
0.00272032049917
0.00271836815854
0.00270833582435
0.00268943299933
0.00266108595634
0.00262293612408
0.0025748343762
0.00251683228936
0.00244917118693
0.00237226949578
0.00228670865226
0.00219321753166
0.00209265516915
0.00198599141821
0.00187428517931
0.00175865995241
0.0016402767336
0.00152030468682
0.00139989054062
0.00128012822184
0.00116203074007
0.00104650666239
0.000934343563165
0.000826200552012
0.000722611424023
0.000623999303161
0.000530703130332
0.000443016306449
0.000361238532609
0.000285743429379
0.000217065809472
0.000156008376277
0.000103740163436
6.17650724059e-05
3.14604582683e-05
1.29407977824e-05
4.00939480372e-06
8.49402139835e-07
1.03550319921e-07
6.59729755685e-09
2.55978890617e-09
0.00249318485977
0.00249951182727
0.00251096722142
0.00252619882936
0.00254376244882
0.00256216492343
0.00257990180488
0.00259549445294
0.00260752675958
0.00261467978953
0.00261576234259
0.00260973595372
0.00259573362155
0.00257307228033
0.00254125956137
0.00249999568771
0.00244917143607
0.0023888630294
0.00231932464357
0.00224097897103
0.0021544060193
0.00206033007022
0.00195960451645
0.0018531941612
0.001742154548
0.00162760801411
0.00151071645662
0.00139265126764
0.00127456150385
0.00115754202991
0.00104260399772
0.000930650447831
0.000822459917973
0.000718680658845
0.000619837458764
0.000526352392834
0.000438580395997
0.000356860798959
0.000281586984588
0.000213297036074
0.000152783204025
0.000101188673804
5.99642772151e-05
3.03877916314e-05
1.24394405498e-05
3.83985589419e-06
8.11745605392e-07
9.88906892353e-08
6.32254721139e-09
2.47310188367e-09
0.00238827192222
0.00239378432137
0.00240382837902
0.0024173208466
0.00243310306997
0.00244995806371
0.00246662887214
0.00248184217038
0.00249433682056
0.00250289514583
0.002506374168
0.00250373436822
0.00249406423845
0.0024765996918
0.00245073810702
0.00241604730536
0.00237227007321
0.00231932496863
0.00225730412069
0.00218646858996
0.00210724164482
0.0020202000593
0.00192606328765
0.00182568015454
0.0017200125579
0.00161011565753
0.00149711415996
0.0013821746455
0.0012664744279
0.00115116816345
0.00103735424951
0.000926043829687
0.000818135775383
0.000714401179644
0.000615480615496
0.000521896783744
0.000434084515075
0.000352439826869
0.000277390084008
0.000209487212004
0.000149519657533
9.86073349995e-05
5.81462454542e-05
2.93092863641e-05
1.19379333611e-05
3.67103537208e-06
7.74355337485e-07
9.42683132772e-08
6.04831654236e-09
2.38495904717e-09
0.0022807359233
0.00228544261857
0.00229407096216
0.00230577531929
0.00231965185617
0.00233473665652
0.00235000879177
0.00236440168558
0.0023768225619
0.00238617793198
0.00239140235701
0.00239148773252
0.00238551079428
0.00237265721134
0.00235224133529
0.00232372129435
0.00228670959041
0.00224097965457
0.00218646894944
0.00212327919811
0.00205167420136
0.00197207550788
0.00188505595889
0.00179133087328
0.00169174640998
0.00158726448768
0.0014789436126
0.00136791511909
0.00125535471845
0.00114244990021
0.00103036461503
0.000920203689227
0.000812980402823
0.00070959138145
0.000610803205194
0.00051725485903
0.000429479499437
0.00034794836279
0.000273139253367
0.000205630898624
0.0001462166636
9.59972446788e-05
5.63128525495e-05
2.82265959527e-05
1.14372152454e-05
3.5032760043e-06
7.37308823505e-07
8.96927198517e-08
5.77508371012e-09
2.29543489869e-09
0.00217126998952
0.00217519732059
0.00218243982229
0.00219235755168
0.00220426872046
0.00221743505932
0.00223105371723
0.00224425845842
0.00225613020541
0.00226571543705
0.00227205015951
0.00227418691177
0.00227122240577
0.00226232380677
0.00224675220846
0.00222388243523
0.00219321882565
0.00215440706006
0.00210724236611
0.00205167456687
0.00198781043871
0.00191591374083
0.00183640308892
0.00174984760022
0.00165695996844
0.00155858637753
0.00145569248663
0.0013493446825
0.0012406859754
0.00113090638115
0.00102120842633
0.000912769514324
0.000806704179552
0.000704030512467
0.000605645970701
0.00051231814856
0.000424695786514
0.000343344543628
0.000268811009007
0.000201716060076
0.000142868969681
9.3356985171e-05
5.44645658589e-05
2.71406610966e-05
1.09379169353e-05
3.33681815208e-06
7.00660753162e-07
8.51706219664e-08
5.50318119539e-09
2.20457679428e-09
0.0020604827492
0.00206367177026
0.00206958791329
0.00207776576558
0.00208771248828
0.00209888561092
0.00211067762357
0.00212240950909
0.00213333348265
0.00214264407275
0.00214949596506
0.00215302662911
0.0021523816209
0.00214674057124
0.00213534217585
0.0021175069266
0.00209265678595
0.00206033143999
0.00202020111916
0.00197207622083
0.0019159140936
0.00185182335069
0.00178006598062
0.00170105733358
0.00161536380568
0.0015236977516
0.0014269088768
0.0013259711571
0.00122196429016
0.00111604890143
0.00100943530355
0.000903346607015
0.000798978383075
0.000697458738493
0.000599814283899
0.000506948677389
0.000419640869141
0.000338569718721
0.000264370219926
0.000197722958755
0.000139466477596
9.06822739331e-05
5.26002949272e-05
2.6051663172e-05
1.04403531323e-05
3.17180026026e-06
6.64443513793e-07
8.07060011735e-08
5.23280372826e-09
2.11240992906e-09
0.00194890664641
0.00195141003563
0.00195608343082
0.00196260658162
0.00197064363233
0.00197981741711
0.00198969008531
0.00199975154586
0.00200941607898
0.00201802676079
0.00202486682392
0.00202917666971
0.00203017497025
0.00202708218088
0.00201914483833
0.00200565922628
0.00198599330504
0.00195960616753
0.00192606464368
0.00188505698254
0.00183640376371
0.00178006630883
0.00171615287247
0.00164492279249
0.00156678858162
0.0014823156639
0.00139221913364
0.00129735659298
0.00119871588459
0.0010973964878
0.000994583623087
0.000891514848315
0.00078944022457
0.000689578962664
0.000593077632361
0.000500977117483
0.000414196985869
0.000333546281671
0.000259768388361
0.000193622960736
0.000135993514269
8.79655829667e-05
5.07172324212e-05
2.49589773052e-05
9.94451575007e-06
3.0082597827e-06
6.286677817e-07
7.6300202935e-08
4.96401758392e-09
2.01894335856e-09
0.00183700729602
0.0018388861969
0.00184241877017
0.00184740307068
0.001853630494
0.00186085956089
0.00186879523973
0.00187707466229
0.00188525951872
0.0018928350954
0.00189921563313
0.00190375537753
0.00190576439086
0.00190452794938
0.00189932820944
0.00188946681866
0.00187428727121
0.00185319603318
0.00182568175122
0.00179133215752
0.00174984855283
0.00170105795212
0.00164492308935
0.00158155048432
0.0015111966685
0.0014342724502
0.00135134478763
0.00126313546137
0.00117051535863
0.00107449289518
0.000976195052464
0.00087683987872
0.000777700286265
0.000680060708787
0.000585170633538
0.00049420189573
0.000408219294411
0.000328175673346
0.000254941944033
0.000189377305116
0.00013242807147
8.51957475165e-05
4.8810698353e-05
2.38611316777e-05
9.45007081645e-06
2.84613534528e-06
5.93323375192e-07
7.19520639748e-08
4.69677239819e-09
1.92417740173e-09
0.00172519316366
0.00172651416219
0.00172902043407
0.00173260441317
0.00173715798956
0.00174254780542
0.00174859521965
0.00175506124209
0.001761636564
0.00176793677591
0.00177350279804
0.00177780639539
0.00178026042014
0.0017802331612
0.00177706594216
0.00177009294483
0.00175866217868
0.00174215657378
0.00172001433211
0.00169174789627
0.00165696114561
0.00161536466715
0.00156678913424
0.00151119693076
0.00144869215916
0.00137952905038
0.00130411854868
0.00122303248028
0.00113700426832
0.00104692469676
0.000953830881747
0.00085888657251
0.000763352432061
0.000668546311646
0.000575795918201
0.000486389609223
0.000401534822051
0.000322336766754
0.000249810687309
0.000184935919508
0.00012874106489
8.23575954826e-05
4.68740061532e-05
2.27557822965e-05
8.95636261344e-06
2.68527118644e-06
5.58380581292e-07
6.76580969879e-08
4.4309168955e-09
1.82811277588e-09
0.00161382506843
0.00161465745009
0.00161625922207
0.00161859636879
0.00162163789475
0.00162533385177
0.00162959721736
0.00163428949123
0.0016392099432
0.00164408859102
0.00164858308439
0.00165227966883
0.0016546982921
0.00165530172046
0.00165350829173
0.00164870769952
0.00164027902322
0.00162761012506
0.0016101175434
0.00158726611361
0.00155858772105
0.00152369880275
0.00148231642462
0.00143427293313
0.0013795292773
0.00131818708738
0.00125049945473
0.00117688006736
0.00109790991946
0.00101434026694
0.000927089934467
0.00083723466368
0.000745986197921
0.000654659591022
0.000564629190378
0.000477277107094
0.000393942526771
0.000315884896234
0.000244276564396
0.000180236401014
0.000124895688573
7.9431645033e-05
4.48983778244e-05
2.16397162571e-05
8.46242993845e-06
2.52542526349e-06
5.23792235868e-07
6.34127659616e-08
4.16622024423e-09
1.73076178841e-09
0.00150322519481
0.00150363857055
0.00150446022805
0.00150571194095
0.00150741993994
0.00150959627013
0.00151222328342
0.00151524083635
0.00151853595212
0.00152193493822
0.00152519814328
0.00152801764461
0.00153001816554
0.00153076143001
0.00152975399095
0.00152645835107
0.00152030697275
0.00151071858679
0.00149711609299
0.00147894531573
0.001455693937
0.00142691006193
0.00139222005134
0.00135134544531
0.00130411896226
0.00125049964726
0.00119058721972
0.00112463549658
0.00105306441247
0.000976469619809
0.00089562796657
0.000811496439301
0.000725201661341
0.000638017144601
0.000551326734624
0.000466575593257
0.000385214832583
0.000308651843873
0.000238223011745
0.000175203328306
0.000120846975042
7.63939401638e-05
4.28729475184e-05
2.05089017887e-05
7.9670411598e-06
2.36628288677e-06
4.89496928695e-07
5.92088959835e-08
3.90240114828e-09
1.63216182746e-09
0.00139368546278
0.00139374780625
0.00139391235501
0.00139424180665
0.0013948031171
0.00139565233867
0.00139682198409
0.00139831032133
0.00140007223452
0.00140201153834
0.00140397485724
0.00140574734803
0.00140705063703
0.00140754335146
0.00140682455032
0.00140444021447
0.00139989276308
0.00139265335714
0.00138217656587
0.00136791684033
0.00134934618215
0.00132597242111
0.0012973576159
0.00126313624617
0.00122303303766
0.00117688041472
0.00112463565679
0.00106639779319
0.00100242405033
0.000933145220499
0.000859178636273
0.000781336556533
0.000700626866238
0.000618242413039
0.000535535631113
0.000453977100718
0.000375101024783
0.000300447142809
0.000231515164491
0.000169748125319
0.000116541715126
7.32161232321e-05
4.07849088644e-05
1.9358610199e-05
7.4687570099e-06
2.20747833298e-06
4.55423817184e-07
5.50382742279e-08
3.63916719183e-09
1.53239121447e-09
0.00128547524001
0.00128525134215
0.00128487721853
0.00128444426215
0.00128404678431
0.00128377018558
0.00128368113679
0.00128381911873
0.00128418889403
0.00128475371477
0.00128542928238
0.00128607865544
0.00128650843554
0.00128646663967
0.00128564267998
0.00128366981654
0.00128013033058
0.00127456350125
0.00126647628309
0.00125535640466
0.00124068747136
0.00122196558114
0.00119871696286
0.0011705162236
0.00113700492619
0.00109791038262
0.00105306469851
0.00100242418102
0.000946089156792
0.000884323962953
0.000817576300099
0.000746494243126
0.000671938054704
0.000594982784411
0.0005169069954
0.000439163715307
0.0003633329197
0.000291061102479
0.000224001283052
0.000163769758508
0.00011191894362
6.98658795051e-05
3.86198808705e-05
1.81836428699e-05
6.96603260118e-06
2.04862751615e-06
4.21499647826e-07
5.08925116248e-08
3.37626724186e-09
1.43158715994e-09
0.00117884849396
0.00117839881493
0.00117759745357
0.00117655460147
0.00117538134021
0.00117418081883
0.00117304100061
0.001172028352
0.00117118204146
0.00117050840573
0.00116997561827
0.00116950865534
0.00116898479351
0.00116822998174
0.00116701650034
0.00116506233954
0.00116203269572
0.00115754389388
0.00115116991006
0.00114245150623
0.00113090782718
0.00111605017288
0.0010973975756
0.00107449379612
0.00104692541343
0.00101434080738
0.000976469996928
0.000933145451236
0.000884324067312
0.000830110414733
0.00077078097575
0.000706808352382
0.000638883217125
0.000567930242141
0.000495112732123
0.000421820033894
0.000349633291656
0.000280270019069
0.00021551581475
0.000157156615168
0.000106911254687
6.63079290489e-05
3.63625882696e-05
1.69787044401e-05
6.45737238249e-06
1.88937527339e-06
3.87658661633e-07
4.67642424291e-08
3.11355961603e-09
1.3299650546e-09
0.00107405058243
0.00107343046408
0.0010723045674
0.00107079399901
0.00106901842383
0.0010670898334
0.00106510750301
0.00106315358601
0.00106128894968
0.00105954900181
0.00105793939156
0.00105643159514
0.00105495851546
0.0010534103332
0.0010516309378
0.00104941533248
0.00104650843698
0.00104260569781
0.00103735585432
0.00103036610504
0.00102120978442
0.00100943651604
0.000994584680436
0.000976195949744
0.00095383161882
0.000927090515879
0.000895628401193
0.000859178936749
0.000817576482106
0.000770781057167
0.000718905687587
0.000662245855585
0.000601309756106
0.000536846417593
0.000469866626779
0.000401649597144
0.0003337277075
0.000267844141643
0.000205884586814
0.000149789979429
0.000101447268738
6.25057797354e-05
3.39979699679e-05
1.5738968437e-05
5.94155248333e-06
1.72946078157e-06
3.53856020977e-07
4.26487320255e-08
2.85109780693e-09
1.22783760964e-09
0.000971324982244
0.000970584175481
0.000969226606226
0.000967378116348
0.000965160775818
0.000962688798761
0.000960065318733
0.000957379573294
0.000954704164723
0.000952092166761
0.000949573942035
0.000947153625268
0.000944805316466
0.000942469116893
0.00094004722691
0.000937400403626
0.000934345139836
0.000930651964499
0.000926045270037
0.000920205037348
0.00091277075569
0.000903347729367
0.000891515842372
0.000876840738703
0.000858887296435
0.000837235253427
0.000811496900468
0.000781336898087
0.000746494476896
0.000706808492425
0.000662245917461
0.000612934197026
0.000559197229638
0.000501593318929
0.000440951111949
0.000378396514582
0.000315360778661
0.000253559193037
0.000194932760336
0.00014154960327
9.54556232093e-05
5.84244803257e-05
3.1512834541e-05
1.4460878745e-05
5.41792204297e-06
1.56880344708e-06
3.20085112957e-07
3.85459265987e-08
2.58923317996e-09
1.12563147096e-09
0.000870920376353
0.000870102834305
0.000868596041982
0.000866525813705
0.000864012087096
0.00086116655616
0.000858090880202
0.000854875127656
0.000851596194778
0.000848316007778
0.000845079378923
0.0008419114463
0.000838814686581
0.000835765553039
0.000832710858188
0.000829564090531
0.000826201924185
0.000822461241999
0.000818137038838
0.000812981593165
0.000806705284898
0.000798979392938
0.000789441130494
0.000777701082332
0.000763353115242
0.000745986768252
0.000725202121918
0.000700627223051
0.000671938316307
0.000638883394188
0.000601309860863
0.000559197275275
0.000512695951421
0.000462171288772
0.000408251662915
0.000351874245053
0.000294318508063
0.00023721271589
0.000182496441383
0.000132321990366
8.88708968596e-05
5.40346063343e-05
2.88981591631e-05
1.31432112326e-05
4.88678558544e-06
1.40760842927e-06
2.86398384882e-07
3.44628913944e-08
2.32872945967e-09
1.02389801376e-09
0.000773098688922
0.000772242578458
0.000770658469607
0.000768468546642
0.000765787387089
0.000762720916755
0.000759365701686
0.000755808339502
0.000752124762681
0.00074837930812
0.000744623444561
0.000740894084876
0.000737211446065
0.00073357645917
0.000729967776009
0.00072633847103
0.000722612594025
0.00071868179017
0.000714402263112
0.000709592407495
0.000704031471728
0.000697459622389
0.000689579763925
0.0006800614219
0.000668546933209
0.000654660119961
0.00063801758226
0.000618242763136
0.000594983052854
0.000567930436735
0.000536846547645
0.000501593394779
0.000462171321277
0.000418765532511
0.000371801249855
0.000322004433719
0.000270459472751
0.000218647392436
0.000168439386722
0.000122012238399
8.1641903911e-05
4.93176491657e-05
2.61520558948e-05
1.17883735133e-05
4.34984844092e-06
1.24648478548e-06
2.52930067841e-07
3.04164267997e-08
2.07087635273e-09
9.23314362983e-10
0.000678144922686
0.000677282810834
0.00067568297919
0.000673461315563
0.000670724831261
0.000667571590027
0.000664090778999
0.000660362774126
0.000656459077632
0.000652442026627
0.000648364191787
0.000644267403939
0.000640181365527
0.000636121825489
0.000632088321837
0.000628061528276
0.00062400028055
0.000619838404937
0.000615481523859
0.000610804068679
0.000605646782198
0.000599815036684
0.000593078320512
0.000585171252301
0.000575796464299
0.000564629662236
0.000551327132497
0.000535535957115
0.000516907253427
0.000495112927679
0.000469866766711
0.00044095120411
0.000408251715775
0.000371801272075
0.000331837029737
0.000288869464063
0.0002437589524
0.000197784903311
0.00015267725194
0.000110560744315
7.3742834775e-05
4.42728349943e-05
2.32832810609e-05
1.04038355337e-05
3.81067337913e-06
1.08655944529e-06
2.19917164103e-07
2.64354170397e-08
1.81757944604e-09
8.24670704954e-10
0.000586380091148
0.000585539269496
0.000583975513023
0.000581796490283
0.000579100218107
0.000575975667173
0.000572503357965
0.000568755872624
0.000564798213846
0.000560687948897
0.00055647508481
0.00055220162907
0.000547900798689
0.0005435958505
0.000539298518127
0.000535007058047
0.00053070393004
0.000526353167207
0.000521897528157
0.000517255568407
0.000512318817681
0.0005069493012
0.0005009776914
0.000494202415921
0.000486390072859
0.000477277512542
0.000466575940216
0.00045397739028
0.000439163949943
0.000421820217367
0.00040164973434
0.000378396611283
0.000351874307657
0.000322004468924
0.000288869478526
0.00025278198654
0.000214371167436
0.000174675673451
0.000135213427357
9.79669212055e-05
6.51878308757e-05
3.89251608812e-05
2.03149212434e-05
9.00345435354e-06
3.27504951286e-06
9.29557580557e-07
1.87712646928e-07
2.25621883826e-08
1.57139251156e-09
7.28841126889e-10
0.000498179283888
0.000497382201703
0.000495897267539
0.00049382258798
0.000491246332896
0.000488247769931
0.000484898179541
0.000481261631232
0.000477395593125
0.000473351343787
0.000469174155595
0.000464903220653
0.000460571292773
0.000456204022313
0.000451818965487
0.000447424257107
0.000443016946905
0.000438581015834
0.000434085111096
0.000429480068079
0.000424696324057
0.000419641371928
0.000414197450518
0.000408219718024
0.000401535202393
0.000393942862431
0.000385215123083
0.000375101270648
0.000363333122477
0.000349633453869
0.000333727832558
0.000315360870711
0.000294318571797
0.000270459513181
0.000243758974605
0.000214371176309
0.000182713693318
0.000149570813281
0.000116192241736
8.43232773385e-05
5.6049815237e-05
3.33341261104e-05
1.72875694049e-05
7.60829903127e-06
2.75112375542e-06
7.77807997399e-07
1.56782773718e-07
1.88519372551e-08
1.33545148614e-09
6.36737842458e-10
0.000413998170077
0.000413262954889
0.000411891468261
0.000409971353472
0.000407580491363
0.000404788261696
0.000401656614362
0.000398240969188
0.00039459094521
0.000390750910722
0.00038676034101
0.000382653968822
0.000378461711842
0.000374208361447
0.000369913017828
0.000365588258791
0.000361239033964
0.000356861283589
0.000352440292572
0.000347948807099
0.000343344963955
0.000338570112507
0.000333546646531
0.000328176007212
0.000322337068002
0.000315885163799
0.000308652077331
0.000300447342435
0.00029106126927
0.000280270154728
0.000267844248528
0.000253559274068
0.000237212774423
0.00021864743211
0.000197784927871
0.000174675686563
0.000149570818348
0.000123019010221
9.59748207764e-05
6.98637940282e-05
4.64845844495e-05
2.76023368833e-05
1.42610048763e-05
6.24645505051e-06
2.24911552896e-06
6.34128485823e-07
1.2768031948e-07
1.53693222389e-08
1.11327478992e-09
5.49252553842e-10
0.000334413307183
0.000333754356667
0.000332523899552
0.000330798537331
0.000328645695464
0.000326124949881
0.000323289128118
0.00032018522672
0.000316855163599
0.00031333637109
0.00030966222861
0.000305862330141
0.000301962579515
0.000297985105104
0.000293947984698
0.000289864771323
0.000285743811931
0.000281587353751
0.000277390438246
0.000273139590977
0.000268811328218
0.000264370518994
0.000259768665672
0.000254942198193
0.000249810917232
0.000244276769375
0.000238223191511
0.000231515319252
0.000224001413508
0.000215515922089
0.000205884672678
0.000194932826768
0.000182496490741
0.000168439421579
0.000152677274967
0.000135213441197
0.000116192248874
9.59748234244e-05
7.52332545625e-05
5.50266603402e-05
3.67601484539e-05
2.18829323001e-05
1.13133433018e-05
4.95131480366e-06
1.7804685268e-06
5.01561167609e-07
1.00989347093e-07
1.21818145155e-08
9.08420765739e-10
4.67192966599e-10
0.000260184475317
0.000259613094774
0.000258545382063
0.000257046538802
0.00025517353419
0.000252976369335
0.000250499112194
0.000247780754631
0.000244855918816
0.000241755426366
0.000238506736066
0.000235134251684
0.000231659498818
0.000228101167948
0.000224475019671
0.000220793647347
0.000217066092423
0.000213297308577
0.000209487472966
0.000205631146863
0.000201716294388
0.000197723177979
0.000193623163821
0.000189377491175
0.000184936087874
0.000180236551286
0.000175203460381
0.000169748239412
0.000163769855166
0.000157156695258
0.000149790044118
0.000141549653986
0.000132322028748
0.000122012266226
0.000110560763434
9.79669334485e-05
8.43232844364e-05
6.98637975373e-05
5.50266615773e-05
4.05136286059e-05
2.72853176782e-05
1.63842341576e-05
8.53715960646e-06
3.75821514246e-06
1.35643382346e-06
3.82969668305e-07
7.72458555603e-08
9.35045057164e-09
7.24041452757e-10
3.91225558305e-10
0.000192348837739
0.000191873832965
0.000190985811669
0.000189738352097
0.000188178042491
0.000186345585025
0.000184276692695
0.000182002829851
0.000179551824646
0.000176948368982
0.00017421441447
0.000171369469
0.000168430796073
0.000165413517571
0.00016233061955
0.000159192859952
0.000156008576951
0.000152783396888
0.000149519841791
0.000146216838429
0.000142869134268
0.000139466631185
0.000135993656199
0.000132428201212
0.000128741182078
0.000124895793026
0.000120847066784
0.000116541794393
0.000111919010862
0.000106911310556
0.000101447314074
9.54556590088e-05
8.88709242444e-05
8.16419240831e-05
7.37428489685e-05
6.51878403058e-05
5.60498210494e-05
4.64845876739e-05
3.67601499672e-05
2.72853181792e-05
1.86134483002e-05
1.13672423446e-05
6.03325734717e-06
2.70008420923e-06
9.8633820859e-07
2.80573185769e-07
5.68503500192e-08
6.91995176985e-09
5.62428397273e-10
3.21835948246e-10
0.000132345676986
0.000131973575307
0.000131277824702
0.000130300241589
0.000129077126712
0.000127640136887
0.000126016992628
0.000124232063412
0.000122306854191
0.000120260406766
0.000118109624066
0.000115869522365
0.000113553414684
0.000111173027577
0.000108738552834
0.000106258635206
0.00010374029719
0.000101188802099
9.86074572609e-05
9.59973603361e-05
9.3357093687e-05
9.06823748306e-05
8.79656758515e-05
8.51958320979e-05
8.23576715888e-05
7.94317126224e-05
7.63939993308e-05
7.32161742077e-05
6.98659226525e-05
6.63079648534e-05
6.25058087893e-05
5.84245033083e-05
5.40346239882e-05
4.93176622695e-05
4.42728443332e-05
3.89251672165e-05
3.33341301514e-05
2.7602339262e-05
2.18829335519e-05
1.638423471e-05
1.13672425144e-05
7.12276159817e-06
3.90319031166e-06
1.80378369965e-06
6.76102369016e-07
1.9555109466e-07
3.99971617191e-08
4.91106140114e-09
4.24679332598e-10
2.59314802746e-10
8.21047771493e-05
8.1838724982e-05
8.13413618917e-05
8.06427562388e-05
7.97690660934e-05
7.87431382386e-05
7.75849981992e-05
7.63122591175e-05
7.49404650513e-05
7.34833777197e-05
7.19532122384e-05
7.03608255676e-05
6.87158604386e-05
6.70268470232e-05
6.53012643485e-05
6.35455633323e-05
6.17651533868e-05
5.99643547544e-05
5.81463191562e-05
5.63129220403e-05
5.44646308032e-05
5.26003550434e-05
5.07172874935e-05
4.88107482409e-05
4.68740507982e-05
4.48984172526e-05
4.28729818411e-05
4.07849382742e-05
3.86199056356e-05
3.63626087242e-05
3.3997986501e-05
3.15128475826e-05
2.88981691692e-05
2.61520633309e-05
2.32832863854e-05
2.0314924892e-05
1.72875717758e-05
1.42610063186e-05
1.13133441074e-05
8.53716000615e-06
6.03325751202e-06
3.90319035844e-06
2.23758789839e-06
1.08896574037e-06
4.27765916943e-07
1.27868917832e-07
2.66439935102e-08
3.31761377306e-09
3.10592459499e-10
2.03770961868e-10
4.38219639544e-05
4.36576270838e-05
4.33505882031e-05
4.29197097734e-05
4.23814980195e-05
4.17504369936e-05
4.10392674409e-05
4.02592241101e-05
3.9420238714e-05
3.85311125454e-05
3.7599661202e-05
3.66328331931e-05
3.5636803948e-05
3.46170466865e-05
3.35783816435e-05
3.25250051976e-05
3.14605005904e-05
3.03878320925e-05
2.93093247247e-05
2.82266319966e-05
2.71406946394e-05
2.60516940683e-05
2.49590054533e-05
2.3861157023e-05
2.27558048331e-05
2.1639736027e-05
2.050891888e-05
1.93586247416e-05
1.81836550308e-05
1.69787144168e-05
1.57389764502e-05
1.44608850307e-05
1.31432160336e-05
1.17883770712e-05
1.04038380805e-05
9.00345610476e-06
7.6083001799e-06
6.24645576244e-06
4.95131521519e-06
3.75821535993e-06
2.70008431077e-06
1.80378373875e-06
1.08896575058e-06
5.68163958712e-07
2.40543527326e-07
7.6439829891e-08
1.65319088962e-08
2.10912863601e-09
2.18815132399e-10
1.5516682686e-10
1.88815480936e-05
1.88007283026e-05
1.86498551599e-05
1.84384106298e-05
1.81747581995e-05
1.78662812516e-05
1.7519502944e-05
1.71401917721e-05
1.6733454588e-05
1.63038178255e-05
1.58552973161e-05
1.53914570427e-05
1.4915457272e-05
1.44300926344e-05
1.39378208535e-05
1.34407829257e-05
1.29408156648e-05
1.2439457623e-05
1.19379495096e-05
1.1437230369e-05
1.09379309524e-05
1.04403659823e-05
9.94452739504e-06
9.45008124122e-06
8.9563718256e-06
8.46243796715e-06
7.96704805393e-06
7.46876283569e-06
6.96603743929e-06
6.4573763247e-06
5.94155562907e-06
5.41792449568e-06
4.88678744904e-06
4.34984981644e-06
3.81067436162e-06
3.27505018884e-06
2.75112420089e-06
2.24911580813e-06
1.78046869161e-06
1.3564339139e-06
9.86338253797e-07
6.76102388879e-07
4.27765924073e-07
2.40543529027e-07
1.12576328037e-07
3.96646488013e-08
9.25072918818e-09
1.23750606975e-09
1.47176322803e-10
1.13366917788e-10
6.07161107022e-06
6.04293076825e-06
5.98943514378e-06
5.91456036202e-06
5.82135893223e-06
5.71253945791e-06
5.59050294412e-06
5.45737626007e-06
5.31504275121e-06
5.16516981024e-06
5.00923322323e-06
4.84853819557e-06
4.68423707176e-06
4.51734386504e-06
4.34874579697e-06
4.17921210958e-06
4.00940046576e-06
3.8398612938e-06
3.67104046923e-06
3.50328076529e-06
3.33682255045e-06
3.17180427737e-06
3.00826340796e-06
2.84613857608e-06
2.68527402781e-06
2.52542772747e-06
2.36628499169e-06
2.20748010243e-06
2.04862897794e-06
1.88937645839e-06
1.72946172252e-06
1.56880417741e-06
1.40760898201e-06
1.24648519223e-06
1.08655973533e-06
9.2955778016e-07
7.77808129342e-07
6.34128569112e-07
5.01561217449e-07
3.82969696308e-07
2.8057320034e-07
1.95551101534e-07
1.27868920662e-07
7.64398308303e-08
3.96646490027e-08
1.61373100986e-08
4.34596400676e-09
6.45236096453e-10
9.30717577679e-11
7.81907196749e-11
1.31535516644e-06
1.30877957121e-06
1.29652142439e-06
1.27937960021e-06
1.25806696897e-06
1.23321801014e-06
1.20539613843e-06
1.17510074261e-06
1.14277383379e-06
1.1088061847e-06
1.0735428633e-06
1.03728810104e-06
1.00030947292e-06
9.6284139916e-07
9.25088003677e-07
8.87225383132e-07
8.49403354988e-07
8.11746763236e-07
7.74356429035e-07
7.37309841331e-07
7.00661691564e-07
6.64444368892e-07
6.28668551458e-07
5.93324059358e-07
5.58381181299e-07
5.23792754675e-07
4.89497370588e-07
4.55424187549e-07
4.21499952899e-07
3.87658908242e-07
3.53856216279e-07
3.20085264187e-07
2.86398499119e-07
2.52930151795e-07
2.19917223944e-07
1.87712688148e-07
1.56782801039e-07
1.27680336818e-07
1.00989357564e-07
7.72458615312e-08
5.68503532016e-08
3.9997163281e-08
2.66439941997e-08
1.65319091587e-08
9.25072926714e-09
4.34596402147e-09
1.45970234054e-09
2.74343598883e-10
5.37689631647e-11
4.94659507305e-11
1.61565425379e-07
1.60742084655e-07
1.59207573348e-07
1.57062479066e-07
1.54396713615e-07
1.51290386524e-07
1.47814669331e-07
1.44032643533e-07
1.40000113966e-07
1.35766368738e-07
1.31374870704e-07
1.26863870851e-07
1.22266939315e-07
1.17613414284e-07
1.12928772568e-07
1.08234928212e-07
1.03550467464e-07
9.88908297907e-08
9.42684457287e-08
8.96928432828e-08
8.51707356806e-08
8.07061047035e-08
7.6300296043e-08
7.19521466449e-08
6.76581694111e-08
6.3412828515e-08
5.92089492047e-08
5.50383187866e-08
5.08925482911e-08
4.67642720416e-08
4.26487554592e-08
3.85459447346e-08
3.44629050908e-08
3.04164368675e-08
2.64354242218e-08
2.2562193338e-08
1.88519405491e-08
1.53693243388e-08
1.21818157924e-08
9.35045130737e-09
6.91995216811e-09
4.91106160134e-09
3.31761386493e-09
2.10912867347e-09
1.2375060827e-09
6.45236099917e-10
2.74343599445e-10
8.04783075991e-11
2.66811427101e-11
2.70921408519e-11
9.92039000144e-09
9.87411162951e-09
9.78780971218e-09
9.66705828265e-09
9.51681380566e-09
9.34147249037e-09
9.14492416841e-09
8.93060324647e-09
8.70153637521e-09
8.46038624827e-09
8.20949102559e-09
7.95089908379e-09
7.68639902836e-09
7.41754511292e-09
7.1456783797e-09
6.87194396334e-09
6.59730509799e-09
6.32255444185e-09
6.04832339242e-09
5.77509012199e-09
5.50318712428e-09
5.23280914282e-09
4.96402246616e-09
4.69677674295e-09
4.4309207095e-09
4.16622354481e-09
3.9024039619e-09
3.63916955239e-09
3.3762691889e-09
3.11356119293e-09
2.85109905916e-09
2.58923415335e-09
2.32873019892e-09
2.07087690007e-09
1.81757984017e-09
1.57139278683e-09
1.33545167203e-09
1.1132749109e-09
9.08420841321e-10
7.24041497886e-10
5.62428422886e-10
4.24679346321e-10
3.10592466373e-10
2.18815135576e-10
1.47176324131e-10
9.30717582553e-11
5.3768963314e-11
2.66811427433e-11
1.1665935695e-11
1.11754537379e-11
3.51223587845e-09
3.49988554593e-09
3.47679996821e-09
3.4443803564e-09
3.40384463848e-09
3.35625197832e-09
3.30252312695e-09
3.24345773547e-09
3.17974926434e-09
3.111997858e-09
3.04072142642e-09
2.96636512356e-09
2.88930940026e-09
2.80987681326e-09
2.72833778316e-09
2.64491550721e-09
2.55979024615e-09
2.47310321867e-09
2.38496035158e-09
2.2954361507e-09
2.20457797612e-09
2.1124110271e-09
2.01894436318e-09
1.92417830714e-09
1.82811357976e-09
1.73076249152e-09
1.63216243316e-09
1.53239172821e-09
1.43158758877e-09
1.32996540667e-09
1.22783789373e-09
1.12563169608e-09
1.02389818877e-09
9.23314496319e-10
8.24670804373e-10
7.28841199332e-10
6.36737893951e-10
5.4925258947e-10
4.67192990527e-10
3.91225573849e-10
3.21835957964e-10
2.59314808554e-10
2.03770965154e-10
1.55166828595e-10
1.13366918624e-10
7.81907200296e-11
4.94659508552e-11
2.70921408841e-11
1.11754537425e-11
2.35598677945e-12
)
;

boundaryField
{
    side_walls
    {
        type            calculated;
        value           nonuniform List<scalar> 
100
(
4.0073409775e-19
4.00734100804e-19
4.00734106513e-19
4.00734114531e-19
4.00734124556e-19
4.00734136327e-19
4.00734149615e-19
4.00734164222e-19
4.00734179978e-19
4.00734196734e-19
4.00734214362e-19
4.00734232751e-19
4.00734251808e-19
4.00734271453e-19
4.00734291619e-19
4.0073431225e-19
4.00734333303e-19
4.00734354742e-19
4.00734376541e-19
4.00734398681e-19
4.00734421152e-19
4.00734443946e-19
4.00734467061e-19
4.00734490498e-19
4.00734514256e-19
4.00734538333e-19
4.00734562718e-19
4.00734587392e-19
4.00734612323e-19
4.00734637455e-19
4.00734662713e-19
4.0073468799e-19
4.0073471315e-19
4.00734738025e-19
4.00734762421e-19
4.00734786121e-19
4.007348089e-19
4.00734830536e-19
4.00734850831e-19
4.00734869618e-19
4.00734886779e-19
4.00734902242e-19
4.00734915978e-19
4.00734927999e-19
4.00734938337e-19
4.00734947036e-19
4.0073495414e-19
4.00734959673e-19
4.0073496361e-19
4.00734965791e-19
4.0073409775e-19
4.00734100804e-19
4.00734106514e-19
4.00734114532e-19
4.00734124557e-19
4.00734136327e-19
4.00734149615e-19
4.00734164222e-19
4.00734179978e-19
4.00734196734e-19
4.00734214362e-19
4.00734232751e-19
4.00734251808e-19
4.00734271453e-19
4.00734291619e-19
4.0073431225e-19
4.00734333303e-19
4.00734354742e-19
4.0073437654e-19
4.00734398681e-19
4.00734421151e-19
4.00734443946e-19
4.00734467061e-19
4.00734490498e-19
4.00734514256e-19
4.00734538332e-19
4.00734562718e-19
4.00734587392e-19
4.00734612322e-19
4.00734637455e-19
4.00734662713e-19
4.0073468799e-19
4.0073471315e-19
4.00734738025e-19
4.00734762421e-19
4.00734786121e-19
4.007348089e-19
4.00734830536e-19
4.00734850831e-19
4.00734869618e-19
4.00734886779e-19
4.00734902242e-19
4.00734915978e-19
4.00734927999e-19
4.00734938337e-19
4.00734947036e-19
4.0073495414e-19
4.00734959674e-19
4.0073496361e-19
4.00734965791e-19
)
;
    }
    inlet
    {
        type            cyclic;
    }
    outlet
    {
        type            cyclic;
    }
    side_left
    {
        type            symmetryPlane;
    }
    side_bottom
    {
        type            symmetryPlane;
    }
}


// ************************************************************************* //
