/*--------------------------------*- C++ -*----------------------------------*\
| =========                 |                                                 |
| \\      /  F ield         | OpenFOAM: The Open Source CFD Toolbox           |
|  \\    /   O peration     | Version:  3.0.1                                 |
|   \\  /    A nd           | Web:      www.OpenFOAM.org                      |
|    \\/     M anipulation  |                                                 |
\*---------------------------------------------------------------------------*/
FoamFile
{
    version     2.0;
    format      ascii;
    class       volScalarField;
    location    "50000";
    object      omega;
}
// * * * * * * * * * * * * * * * * * * * * * * * * * * * * * * * * * * * * * //

dimensions      [0 0 -1 0 0 0 0];

internalField   nonuniform List<scalar> 
2500
(
0.326824528538
0.332200820796
0.342151123675
0.355952970013
0.373022776493
0.392940655483
0.415446357941
0.440419883804
0.467857696138
0.497850623455
0.530565905381
0.566233877844
0.605138984232
0.647614597627
0.694041204052
0.744847653056
0.800515355171
0.86158547253
0.928669310448
1.00246228662
1.08376204927
1.17349155907
1.27272826977
1.3827409756
1.50503648794
1.64141912905
1.79406718632
1.96563210701
2.15936855446
2.37930683651
2.63048418098
2.91925869157
3.25374085965
3.64439428914
4.10488319134
4.65328500898
5.31385304388
6.11962940334
7.11643289839
8.36926396048
9.97361254102
12.0787744103
14.9456130506
19.1083586016
25.8338829697
38.3996025242
66.0947165985
141.153461096
426.237210377
2495.42029394
0.332201423572
0.337545405243
0.347437132059
0.361159361407
0.37813155557
0.397934444616
0.420306473529
0.445125175333
0.472384115053
0.502171385339
0.534652097405
0.570055378923
0.608665581361
0.650817192903
0.696893015262
0.747325319925
0.802599875879
0.863262911789
0.929931240607
1.00330594522
1.08419021792
1.17351218721
1.27235388129
1.38198790472
1.50392399402
1.63996843688
1.79230049147
1.96357157416
2.15703532208
2.3767200232
2.6276598659
2.91620881162
3.25047192261
3.64090573612
4.10116513478
4.64931489938
5.30959054344
6.11500835759
7.1113489466
8.36355684517
9.96704673797
12.0710396436
14.9364137748
19.0977156624
25.8226154586
38.3894023442
66.0872673953
141.149357797
426.235741529
2495.42027492
0.342152775187
0.347438181378
0.357223770624
0.370801927354
0.387597897283
0.407193830541
0.429326050692
0.4538677375
0.480807151704
0.510227190949
0.542288693579
0.57721802621
0.615298684358
0.656866420038
0.702307466194
0.752059584996
0.806615848399
0.866531237585
0.932432320161
1.00503043968
1.08513904789
1.17369604834
1.27179233016
1.38070808901
1.50195911154
1.63735600854
1.78908052368
1.9597846686
2.15272076533
2.37191385567
2.62239288698
2.91050442079
3.24434361382
3.63435393692
4.09417288035
4.64184150447
5.30156192015
6.10630190346
7.10177028333
8.35280670209
9.95468493338
12.0564869605
14.9191216072
19.0777329954
25.8014874777
38.3702985127
66.073328297
141.141683918
426.232995319
2495.42023937
0.355955937124
0.361161727782
0.370803245702
0.384186398111
0.400744966819
0.420063800764
0.441877013694
0.466052294022
0.49257077581
0.521507992298
0.553018280888
0.587323201841
0.62470373355
0.665495779935
0.710088570787
0.758925689434
0.812508646879
0.871403107983
0.936248057644
1.00776838006
1.08679152638
1.17426918626
1.27130518578
1.37919124477
1.49945279454
1.63390785247
1.78474307753
1.95461274111
2.14676866439
2.36523253884
2.61502698015
2.90248898018
3.2357003881
3.62508670531
4.08426115438
4.63123141682
5.29015239565
6.09392319256
7.08815105633
8.33752742225
9.93712768419
12.0358401079
14.8946233368
19.0494743971
25.7716697385
38.3433877516
66.0537203869
141.130898707
426.229137429
2495.42018944
0.373027157647
0.378135338856
0.387600636227
0.400746390272
0.417018100701
0.436005355073
0.457440882494
0.481186622843
0.507215459972
0.535593802651
0.566467307682
0.600050331159
0.636618909713
0.676506833676
0.72010440391
0.767859608336
0.820281637583
0.877946851016
0.941507497071
1.01170368923
1.08937935298
1.17550310808
1.27119536084
1.37776329007
1.49674596963
1.62997265345
1.77963836035
1.94840248715
2.13951847713
2.35700591421
2.60588132388
2.89247124303
3.22484203847
3.61339752675
4.07172098757
4.61777837586
5.27566517011
6.0781937791
7.07084320007
8.31811810927
9.91484510035
12.0096728768
14.863633849
19.0138141332
25.7341427968
38.3096028572
66.0291493028
141.117399242
426.224311542
2495.42012702
0.392946410871
0.397939607066
0.40719795596
0.420066618077
0.436006753822
0.45461568592
0.475626604759
0.498896403151
0.524389387395
0.552161640213
0.582348222763
0.615153818586
0.650846665931
0.68975537461
0.732268234519
0.778834751688
0.829969322705
0.886257149414
0.948362694569
1.01704118792
1.09315392068
1.17768832989
1.27178419693
1.37676770007
1.49419562059
1.62591277779
1.7741268653
1.94150643278
2.13131003103
2.34755785374
2.59526208574
2.88073940471
3.21203993799
3.59954344856
4.05679890115
4.60172350867
5.25834260722
6.0593657958
7.05011984134
8.29488818674
9.88820437077
11.9784398616
14.8267304177
18.9714732583
25.6897312172
38.269739756
66.0002227593
141.101529299
426.218642372
2495.42005372
0.415453346811
0.420312877088
0.429331429303
0.44188109761
0.457443559379
0.475627889734
0.496170623222
0.518925280721
0.543848113415
0.570984356298
0.60045703103
0.632458906493
0.667247512826
0.705142850059
0.746527423771
0.791848348498
0.841621419008
0.896437231872
0.956969637062
1.02398701392
1.09836710629
1.18111643182
1.27339562089
1.37655247308
1.49216508985
1.62209822144
1.7685770575
1.93428424715
2.12248818313
2.33721386704
2.58347250555
2.86757316887
3.19755061714
3.58375975289
4.03971234305
4.58327130134
5.23838263537
6.03763882104
7.0261928361
8.26807600675
9.85749005736
11.9424991666
14.7843782278
18.9230470369
25.6391298759
38.2244788089
65.9674646403
141.083586582
426.21223815
2495.41997097
0.440427900311
0.445132617383
0.453874172402
0.466057454868
0.481190396159
0.498898799634
0.518926400507
0.541125957883
0.565447048152
0.591924289903
0.620667845152
0.651856792991
0.685735322676
0.722611443518
0.762857882914
0.806914929527
0.855295117189
0.908589811263
0.967477946413
1.03273737638
1.10525954142
1.18606845143
1.27634534131
1.37746080946
1.49101684176
1.61890191986
1.76336351124
1.92710379104
2.11340667656
2.32630750574
2.57082147523
2.8532540678
3.18162737686
3.56627244566
4.02066270321
4.56260288555
5.21595216608
6.01317342475
6.99922659366
8.23786328228
9.82291965658
11.9021297432
14.7369499299
18.8690261896
25.5829247041
38.1744019835
65.9313266041
141.063828781
426.205192734
2495.41988001
0.467866499268
0.472392358215
0.480814411925
0.492576790691
0.507220115702
0.524392690489
0.543850157191
0.565447981163
0.589131276171
0.614925059135
0.642926530017
0.673299935759
0.70627401308
0.742141772657
0.781262349196
0.824064705745
0.871053096069
0.922814334017
0.980027088835
1.04347362492
1.11405464428
1.19280818478
1.28093389752
1.37982449974
1.49110681696
1.61669564978
1.7588648224
1.92034133436
2.10443076521
2.31518530983
2.55763056193
2.83807420376
3.16453032899
3.54730916985
3.99984671323
4.53988761706
5.19119865236
5.9861026389
6.96934954313
8.20438680513
9.78465600651
11.8575450565
14.6847410257
18.809813727
25.5216093693
38.1200069398
65.8921977904
141.042478718
426.197587407
2495.4197819
0.497859959712
0.502180180013
0.510235033734
0.521514627055
0.53559911603
0.552165634729
0.570987118315
0.591925959413
0.614925804723
0.64000386905
0.667245055585
0.696798371755
0.728875672719
0.763752564073
0.801771253181
0.843345184159
0.888965384486
0.939208573678
0.994747233194
1.05636201757
1.1249571117
1.20157942547
1.2874428864
1.38395957398
1.49278007583
1.61584629576
1.75546109659
1.91438075312
2.09593843597
2.30421017147
2.544239432
2.82234348413
3.14653507535
3.52710890208
3.97746673467
4.51529358274
5.16426053682
5.95654219667
6.93666416578
8.1677484452
9.74281760837
11.8089042296
14.6279822826
18.7457385407
25.4555988792
38.0617187072
65.8504130041
141.019728731
426.189492425
2495.41967755
0.530575524728
0.534661197558
0.542296879915
0.553025305315
0.566473058084
0.582352697757
0.600460309785
0.620670058743
0.642927837561
0.667245626158
0.693697485995
0.722417571607
0.7536002099
0.787501944701
0.824445407751
0.864824910313
0.909113723155
0.957873113603
1.01176333524
1.07155692486
1.13815486542
1.21260644152
1.29613397041
1.39016406926
1.49636776215
1.61671259883
1.75353114009
1.9096117932
2.08832026003
2.29376310561
2.53100965656
2.80639536386
3.12794011033
3.50593061699
3.95374023252
4.48899744369
5.13527709701
5.92460013105
6.90125625059
8.1280241431
9.69748762374
11.7563214707
14.5668500155
18.6770665629
25.385240791
37.9998994178
65.806259627
140.995744422
426.180968348
2495.41956779
0.566243544143
0.570064552377
0.577226330861
0.587330399412
0.60005631152
0.615158576512
0.632462513628
0.651859371023
0.673301633893
0.696799349479
0.722417986538
0.750278060108
0.780556564634
0.813490167692
0.849380097376
0.888598684332
0.931597578444
0.978917742931
1.03120143573
1.08920652591
1.15382367423
1.22609715136
1.30725040021
1.39871790766
1.50218558181
1.61964270059
1.75344969594
1.90642769748
2.0819780786
2.28424353204
2.51832692415
2.79059108412
3.10907294812
3.48406097542
3.92890857474
4.46119385322
5.10439802247
5.89038615043
6.86320385628
8.08527242869
9.64872211704
11.6998743824
14.5014748519
18.6040100867
25.310824524
37.9348564426
65.7599834523
140.970667838
426.17206717
2495.41945327
0.605148481556
0.608674615946
0.615306901761
0.624710907027
0.636624931866
0.650851527736
0.667251278038
0.685738103059
0.706275947377
0.728876910381
0.753600899448
0.780556846001
0.80990548703
0.841863699603
0.876710385711
0.91479393659
0.956541356379
1.00246919432
1.05319652583
1.1094603427
1.17213387341
1.24224857479
1.32102084167
1.40988491086
1.51053403863
1.62497288055
1.75558519278
1.90522264474
2.07732288123
2.27606829841
2.50660176109
2.77532241047
3.09029493152
3.4618210026
3.90324517911
4.43210455506
5.0717929229
5.85402107854
6.82258633915
8.039542877
9.59655799026
11.6396116235
14.4319494566
18.5267357094
25.2325891727
37.8668492122
65.7117936027
140.944620169
426.162833287
2495.4193346
0.647623733665
0.650825899706
0.656874367302
0.665502754087
0.676512730802
0.689760181977
0.705146623194
0.722614283715
0.742143807606
0.763753932649
0.787502785915
0.813490613267
0.841863869472
0.872820664813
0.906617614281
0.943578180846
0.984102654247
1.02867996841
1.07790164058
1.13247822194
1.19325879384
1.2612542435
1.33766533244
1.42391696748
1.52170065014
1.6330278901
1.76029852616
1.90638954839
2.07477236472
2.26966980563
2.49626896462
2.76101292983
3.07200467919
3.4395716703
3.87706293887
4.4019871571
5.03766085231
5.81564653765
6.77949370744
7.99088482365
9.54102097092
11.5755603033
14.3583356067
18.4453712748
25.1507301491
37.7960949685
65.6618666818
140.917704034
426.153304304
2495.41921227
0.694049811543
0.696901229924
0.702314984165
0.710095193188
0.720110031092
0.732272850219
0.746531075044
0.762860660098
0.781264368347
0.801772642036
0.824446295325
0.849380606818
0.876710629837
0.906617693151
0.939337164022
0.975167614185
1.01448158702
1.05773822473
1.10549808879
1.15844060529
1.21738470064
1.28331337801
1.35740324358
1.44106035903
1.53596432316
1.64412324665
1.7679433874
1.91031881211
2.07474876094
2.26549372745
2.48778608282
2.74811806277
3.05464017318
3.41771828616
3.85072079999
4.37114348656
5.00223983208
5.77543495394
6.73403647375
7.93935658466
9.48213394673
11.5077334311
14.2806709478
18.360012141
25.0654049496
37.7227736731
65.6103503033
140.890005415
426.143511733
2495.4190867
0.744855589938
0.747332902677
0.752066538098
0.758931830071
0.767864841945
0.778839058782
0.791851767568
0.806917539592
0.824066610726
0.843346500115
0.864825755762
0.888599173434
0.914794174725
0.943578262098
0.975167620229
1.00983703331
1.04793136177
1.08987888868
1.13620692129
1.18756012835
1.24472222297
1.30864177753
1.38046320261
1.46156426812
1.55360203764
1.65856979959
1.7788686178
1.91739864656
2.07767758727
2.26399693229
2.4816314169
2.73712408013
3.03867958239
3.39671362939
3.82462934151
4.33992736646
4.96581626493
5.73359986753
6.68635608824
7.8850353507
9.41992587962
11.4361376879
14.1989757182
18.2707270675
24.9767383197
37.6470322963
65.557366144
140.861595329
426.133481584
2495.41895822
0.800522503928
0.802606710798
0.806622123744
0.812514197079
0.820286374004
0.829973223105
0.84162451342
0.855297473131
0.871054804958
0.888966550244
0.909114453331
0.931597977774
0.956541522453
0.984102674905
1.01448153905
1.04793131059
1.08477037066
1.12539624917
1.17030189133
1.22009475927
1.27551942976
1.33748452448
1.40709504927
1.48569155371
1.57489799262
1.67668084469
1.79342302078
1.92801753121
2.08398800567
2.26564630944
2.47830216357
2.72854657186
3.02464105483
3.37705985989
3.79925523436
4.30875161823
4.92873405556
5.69040643456
6.6366359403
7.82802784253
9.3544414637
11.3607817386
14.1132596923
18.177563988
24.8848270789
37.5689887013
65.5030126684
140.832531307
426.123234887
2495.41882713
0.861591739028
0.86326890559
0.866536743673
0.871407978986
0.877951005085
0.886260562178
0.896439925237
0.908591841291
0.922815779436
0.939209525938
0.957873668885
0.978917996141
1.00246923489
1.02867987762
1.05773807428
1.08987874008
1.12539615389
1.16465842302
1.20812428654
1.25636283628
1.31007686998
1.37013076975
1.43758404189
1.51373198635
1.60015542565
1.69878207186
1.81196304098
1.94256938085
2.09411548626
2.27091927017
2.47831344563
2.72292898788
3.01308188883
3.35930936882
3.77512453246
4.27809410322
4.89140320289
5.64618192126
6.5851128169
7.76848172098
9.28575161467
11.2816852433
14.0235295522
18.080555915
24.7897448569
37.488735344
65.4473676765
140.802858758
426.112788175
2495.41869362
0.928674622454
0.929936321163
0.932436985375
0.936252179038
0.941511000416
0.948365554142
0.956971867208
0.967479592027
0.98002821599
0.994747920708
1.01176366764
1.03120149774
1.05319639837
1.07790139808
1.10549779755
1.13620663875
1.17030166592
1.20812415799
1.25010012735
1.29676050223
1.34876505656
1.40693103924
1.4722677051
1.54601828968
1.62971143274
1.72522469819
1.83486374163
1.96146197493
2.10850747873
2.28030674523
2.48219909375
2.72084204537
3.00459769787
3.34406493161
3.75282488903
4.24850267876
4.85430761466
5.60132591839
6.53208860409
7.70659763823
9.21396478421
11.1988886546
13.9297968541
17.9797272017
24.691546991
37.4063430087
65.3904908323
140.772612317
426.102153947
2495.41855788
1.00246659213
1.00331005992
1.00503421069
1.0077716982
1.01170648867
1.01704344248
1.02398873116
1.03273859057
1.04347438977
1.05636239928
1.07155699617
1.08920636111
1.10946001391
1.13247779641
1.15844014368
1.18755968377
1.22009437694
1.25636255363
1.29676034927
1.34178217644
1.39204503803
1.44831768782
1.51155590872
1.58294553132
1.66395529133
1.75640227499
1.86253360119
1.98512925693
2.12763282805
2.29431955237
2.49051514663
2.72288496791
2.99982240881
3.33197976329
3.73300699628
4.22059907469
4.81801193538
5.55631996367
6.47794192304
7.64264169989
9.13923898048
11.1124637984
13.832086694
17.8751003547
24.5902758233
37.3218648042
65.3324263345
140.741817241
426.091341156
2495.41842001
1.0837653147
1.08419333192
1.08514188799
1.08679400283
1.08938140903
1.09315553063
1.09836827189
1.10526028711
1.11405501189
1.12495715511
1.13815464557
1.15382325486
1.17213331762
1.19325816144
1.21738404637
1.24472159539
1.27551887067
1.31007641433
1.34876473263
1.39204486787
1.44049288659
1.49482933514
1.55595499561
1.62499464609
1.70335102519
1.79277187149
1.89543382409
2.01404823875
2.15199576248
2.31349909103
2.50384714931
2.72968969412
2.9994301711
3.32375835577
3.71638581764
4.19508190655
4.78316729065
5.5117362676
6.42313931728
7.57695798561
9.06179424312
11.022525121
13.7304471012
17.7667035532
24.4859666244
37.2353406431
65.2732058975
140.710490973
426.08035575
2495.41828008
1.17349376739
1.17351428169
1.17369793586
1.17427079632
1.17550439355
1.17768926655
1.18111701669
1.18606870009
1.19280812797
1.20157910516
1.2126059071
1.22609645604
1.2422477725
1.26125338643
1.28331251474
1.30864095183
1.33748377453
1.37013012783
1.40693053176
1.44831733555
1.49482915361
1.54714036296
1.60609704724
1.67276116632
1.74846525255
1.83488063389
1.93410313145
2.04876147401
2.18215546526
2.33843347397
2.52282248362
2.74192938718
3.00414051372
3.32015929482
3.7037425203
4.17272933924
4.75051605387
5.46824531844
6.36824557244
7.50998065982
8.98192517152
10.9292413464
13.6249590851
17.6545789733
24.3786543478
37.1468024255
65.2128522112
140.678644953
426.069201297
2495.41813814
1.27272941858
1.27235495159
1.2717932568
1.27130591705
1.27119585962
1.27178444139
1.2733956045
1.27634507194
1.28093339571
1.28744218295
1.29613310353
1.30724941274
1.32101977838
1.33766423775
1.35740215976
1.38046216841
1.40709409905
1.43758320508
1.4722670061
1.51155536687
1.55595462551
1.60609685907
1.66277570667
1.72699059204
1.80000173923
1.88339911005
1.9791893811
2.08990641958
2.21875255294
2.36978047212
2.54812920607
2.76033282948
3.01472838793
3.32200162197
3.69592842697
4.15440231403
4.72089605686
5.42662232218
6.31393278157
7.44224511481
8.90001294666
10.8328471165
13.5157471277
17.5387919318
24.2683813787
37.0562801327
65.1513830519
140.646286777
426.057879738
2495.4179942
1.38274107518
1.38198795859
1.38070805824
1.37919109577
1.37776299594
1.3767672422
1.37655184256
1.37746000769
1.37982353818
1.38395847306
1.39016285662
1.39871661608
1.40988357606
1.42391562611
1.4410590469
1.46156301881
1.48569039756
1.51373094979
1.5460173949
1.58294479613
1.62499408404
1.67276078693
1.72699040111
1.78862228689
1.85884456167
1.93916323697
2.03148988361
2.13825351201
2.26254425878
2.40829907877
2.5805432552
2.7857066553
3.03204112451
3.33017675116
3.69387280741
4.14104976654
4.69524511935
5.38775274896
6.26098790509
7.37439755436
8.81653613791
10.7336540019
13.4029897524
17.4194407614
24.1552063847
36.963809013
65.0888162037
140.613422819
426.046392304
2495.41784825
1.50503555937
1.50392304978
1.50195813705
1.4994517734
1.49674488515
1.49419445814
1.49216383926
1.49101549921
1.49110538605
1.49277856759
1.49636619437
1.50218397768
1.51053242508
1.5216990561
1.53596277795
1.55360056956
1.57489662785
1.60015418744
1.62971034092
1.66395436205
1.70335027085
1.7484646819
1.80000135758
1.85884437118
1.92611240738
2.00322754594
2.09200296633
2.19475548189
2.31445080424
2.45489214812
2.62096649145
2.81896793509
3.05702488498
3.34566853149
3.6985969639
4.13371792911
4.67460739942
5.35263775286
6.21031886526
7.30720249623
8.73207948351
10.6320600825
13.2869296145
17.2966671871
24.0392142897
36.8694379956
65.0251753357
140.580061387
426.034740641
2495.41770031
1.64141720237
1.63996652174
1.63735411266
1.6339059756
1.62997078897
1.6259109156
1.62209635115
1.61890003367
1.61669374464
1.61584437442
1.61671067004
1.61964077855
1.62497098376
1.63302603996
1.64412146603
1.65856811144
1.67667927093
1.69878063245
1.72522341046
1.75640115329
1.79277092696
1.83487987441
1.88339854039
1.9391628589
2.00322735857
2.07693300436
2.16199424343
2.26061136722
2.37561639261
2.5106635016
2.67047893277
2.86119047616
3.09076400056
3.36958485903
3.71123790958
4.13356669053
4.66014392824
5.3224009747
6.16295973646
7.24154792018
8.64733983961
10.5285571611
13.1678823908
17.1706668367
23.9205272905
36.7732394009
64.9604969392
140.546216509
426.02292816
2495.41755038
1.79406429876
1.79229763985
1.78907773595
1.78474036838
1.77963573295
1.7741243145
1.76857457359
1.76336108364
1.75886244259
1.75545876016
1.75352884772
1.7534474535
1.75558301079
1.76029641876
1.76794137112
1.77886671027
1.7934212396
1.8119614027
1.83486226102
1.86253229067
1.89543269344
1.93410218762
1.9791886282
2.03148932301
2.09200259684
2.16199406151
2.2430822566
2.33734994711
2.44748955886
2.57699421183
2.73040985329
2.91366946977
3.13453781082
3.40320542794
3.73308612712
4.14189719564
4.65315089198
5.29829933168
6.12007645665
7.17844833361
8.56312872251
10.4237346814
13.0462436491
17.0416993913
23.7993167149
36.6753199185
64.8948383631
140.511912387
426.01096165
2495.41739854
1.96562830136
1.9635678261
1.9597810243
1.95460922897
1.94839911971
1.94150321007
1.93428116092
1.92710082896
1.92033848367
1.91437800334
1.90960913786
1.9064251349
1.90522017801
1.90638718472
1.91031656187
1.91739652214
1.92801554586
1.9425675477
1.96146030607
1.98512776281
2.01404692769
2.04876035194
2.08990548991
2.13825277565
2.19475493731
2.26061101065
2.33734977267
2.42693901507
2.53192937826
2.65564459694
2.80243426115
2.97801095587
3.18990141993
3.44805197487
3.76564363502
4.16019660495
4.65509094606
5.28174202588
6.08297588246
7.11904706758
8.48037151874
10.3182797559
12.922493013
16.91009789
23.6758154416
36.5758327075
64.828286887
140.477188498
425.998853153
2495.41724488
2.15936387755
2.15703072187
2.1527163042
2.14676438322
2.13951439731
2.13130615792
2.12248451057
2.11340319138
2.10442745146
2.09593527819
2.08831724558
2.08197519903
2.07732013277
2.07476974803
2.07474628048
2.07767525028
2.08398582112
2.09411346381
2.10850562777
2.12763115699
2.15199427814
2.1821541725
2.21875145444
2.26254335491
2.31445009314
2.37561587023
2.4474892191
2.53192921319
2.63134644412
2.74889096259
2.88870385471
3.0562552077
3.2587994301
3.50598999559
3.81071118858
4.19020851948
4.66764541241
5.27432448403
6.05312327096
7.06462100172
8.40010486406
10.2129737019
12.7971955556
16.7762769915
23.550330631
36.4749903637
64.7609696328
140.442105235
425.986622042
2495.41708964
2.37930133786
2.37671461799
2.37190862065
2.3652275262
2.35700115358
2.34755335586
2.33720962825
2.32630351288
2.31518154472
2.30420661465
2.29375973921
2.28424034163
2.27606527394
2.26966694167
2.26549102278
2.26399438915
2.26564393256
2.27091706575
2.28030471994
2.29431771255
2.31349744199
2.33843201947
2.36977921407
2.40829801703
2.45489128044
2.51066282364
2.57699371727
2.65564427761
2.74889080861
2.85970956761
2.99202514113
3.1510468489
3.34372551885
3.57937478049
3.87051734695
4.23404150623
4.6927991553
5.27788784543
6.03217700201
7.01659429011
8.32347655681
10.1086877544
12.6710019752
16.6407409188
23.4232568429
36.3730784579
64.6930639503
140.406749845
425.974297238
2495.41693314
2.63047791156
2.62765370456
2.62238692316
2.61502127615
2.60587591704
2.59525699205
2.58346772426
2.57081699382
2.55762636081
2.54423548867
2.53100594877
2.51832343224
2.50659846936
2.49626586196
2.48778316261
2.48162867652
2.47829960356
2.47831106873
2.4821969039
2.49051314808
2.50384534583
2.52282087788
2.54812779922
2.58054204659
2.62096547847
2.67047811081
2.7304092158
2.80243379971
2.88870355923
2.99202499993
3.11610234969
3.26586970446
3.44794614629
3.67126025223
3.9479079734
4.29433418412
4.7329761309
5.29462094081
6.02205567319
6.97657374391
8.25175793819
10.0063853625
12.5446526625
16.504093991
23.2950905711
36.2704695278
64.6248077734
140.371242246
425.961919355
2495.41677586
2.91925170282
2.91620194371
2.91049777436
2.90248262659
2.89246522675
2.88073374686
2.86756787184
2.85324912024
2.83806958545
2.82233917029
2.80639132868
2.79058730344
2.77531886354
2.76100960026
2.74811493882
2.73712115445
2.72854384084
2.72292645077
2.72083970333
2.72288282306
2.72968774866
2.74192764271
2.76033128642
2.7857053125
2.81896678963
2.86118952321
2.91366870257
2.97801036584
3.05625478449
3.15104658058
3.26586957766
3.40537159156
3.57581431964
3.7856972076
4.04662338107
4.3745045534
4.7912534505
5.32723216372
6.02506364698
6.94642964171
8.18638939223
9.90714797044
12.4189980988
16.3670612796
23.1664494703
36.1676380948
64.5565094206
140.335740153
425.949542549
2495.41661845
3.25373320253
3.25046439752
3.24433633125
3.23569342756
3.22483545099
3.21203374966
3.19754483366
3.18162198848
3.16452531546
3.14653041036
3.12793576527
3.10906889498
3.09029114505
3.07200113814
3.05463686095
3.038676487
3.02463816852
3.01307920731
3.00459521942
2.99982013332
2.99942809916
3.0041386458
3.01472672372
3.03203966245
3.05702362189
3.09076293144
3.13453692881
3.1899007163
3.25879889435
3.34372513883
3.44794590836
3.57581420879
3.7332100446
3.92815916613
4.17170303867
4.47912530488
4.87169746234
5.37923610285
6.04412036017
6.92846624314
8.12910020365
9.81225987659
12.2950626431
16.2305363649
23.0381043866
36.0651790928
64.4885566682
140.300442849
425.937235692
2495.41646178
3.64438601348
3.64089760234
3.63434606427
3.62507918061
3.61339040713
3.5995367649
3.58375351429
3.56626664435
3.54730378607
3.52710390861
3.50592598307
3.48405666984
3.46181699612
3.43956793725
3.41771480529
3.39671038422
3.37705683846
3.35930656318
3.34406233698
3.33197737716
3.32375617696
3.32015732259
3.32199985525
3.33017518798
3.34566716845
3.36958369108
3.4032044482
3.44805117459
3.5059893642
3.57937430571
3.67125992022
3.78569700312
3.9281590727
4.10615059061
4.33007638332
4.6144882225
4.97989028698
5.4554290474
6.08317259886
6.92576410938
8.08218329441
9.72342413571
12.1742075476
16.0956920841
22.9110424276
35.9638363095
64.4214261235
140.265593069
425.925082511
2495.41630688
4.10487434535
4.10115643945
4.09416446279
4.08425310804
4.07171337525
4.05679175837
4.0397056824
4.02065651916
3.99984098698
3.97746143865
3.9537353344
3.9289040407
3.90324097645
3.87705903785
3.85071717498
3.82462597157
3.7992521033
3.77512162848
3.75282220406
3.73300452514
3.71638355712
3.70374046822
3.69592658137
3.69387116582
3.69859552275
3.71123666382
3.73308506996
3.7656427578
3.8107104808
3.87051679635
3.94790756606
4.04662310162
4.17170287044
4.33007630856
4.53142606687
4.78945371533
5.12375519719
5.5626765129
6.1479284141
6.94284539349
8.0490791991
9.64325116261
12.0585051647
15.9642280526
22.7866004603
35.864556889
64.355697066
140.23147716
425.913180372
2495.41615496
4.65327563916
4.64930568821
4.64183258619
4.63122289097
4.6177703106
4.60171594402
4.58326425345
4.56259635138
4.53988157914
4.51528801365
4.48899231006
4.46118911917
4.4321001849
4.40198311738
4.37113974751
4.3399239028
4.30874840944
4.27809113345
4.24849993631
4.22059655135
4.19507959667
4.17272723887
4.15440042002
4.14104807571
4.13371643761
4.13356539329
4.14189608602
4.16019567454
4.19020775798
4.23404090156
4.29433372246
4.37450421942
4.4791250819
4.61448809272
4.78945366009
5.01673442089
5.31485501589
5.71121890649
6.24715492299
6.98693680676
8.03555881978
9.57629220536
11.9515446381
15.8389050717
22.66675328
35.7686090836
64.2920814249
140.198425482
425.901637699
2495.41600738
5.31384319578
5.30958086142
5.30155254507
5.29014343277
5.2756566927
5.25833465974
5.2383752376
5.21594531767
5.19119233751
5.16425472867
5.13527176167
5.10439312245
5.07178841996
5.03765670968
5.0022360161
4.96581274603
4.92873080885
4.89140020822
4.85430485636
4.8180094017
4.78316497302
4.75051394602
4.72089415397
4.69524341717
4.67460589351
4.66014261336
4.65314976159
4.655089992
4.66764462478
4.69279852236
4.73297563917
4.7912530849
4.87169720641
4.97989012311
5.12375510693
5.31485498028
5.57045275356
5.91684562677
6.39496171707
7.07031978796
8.05203257233
9.53112633544
11.860095656
15.7246716898
22.5547380559
35.6778489162
64.2314993827
140.16681942
425.890570639
2495.41586553
6.11961912419
6.11499825161
6.10629211783
6.09391383804
6.07818493394
6.05935750887
6.03763111583
6.01316630382
5.9860960884
5.95653619067
5.92459463552
5.89038112671
5.85401648627
5.81564233707
5.77543110769
5.73359634187
5.69040320015
5.64617895342
5.60132319707
5.55631747308
5.5117339956
5.46824325579
5.42662046171
5.38775108472
5.35263627935
5.3223996861
5.29829822133
5.28174108584
5.27432370475
5.27788721571
5.29462044773
5.32723179276
5.37923583809
5.45542887174
5.56267640843
5.71121885485
5.91684560969
6.2045513797
6.61480360446
7.21461833688
8.11791190511
9.52442047547
11.7974435345
15.6310068272
22.4564139236
35.595336514
64.1752738528
140.1371219
425.880100979
2495.4157308
7.1164222444
7.11133847275
7.10176014292
7.0881413655
7.07083404202
7.0501112694
7.0261848776
6.99921925423
6.96934281112
6.93665801649
6.9012506502
6.86319876531
6.82258171541
6.77948950845
6.73403265866
6.6863526192
6.63663278341
6.58510994272
6.53208598779
6.4779395442
6.42313715952
6.36824362276
6.31393102965
6.2609863425
6.21031748466
6.16295853089
6.12007541886
6.0829750044
6.0531225434
6.03217641431
6.0220552132
6.02506330108
6.04412011338
6.0831724351
6.14792831648
6.24715487424
6.39496170011
6.61480360309
6.94648681341
7.45846056865
8.26957775637
9.58856433384
11.7899234994
15.5767638286
22.3832539833
35.5267878349
64.125630475
140.109975483
425.870360328
2495.41560443
8.36925301478
8.3635460864
8.35279628956
8.33751747739
8.31810872023
8.29487941133
8.26806787624
8.23785580554
8.20437997289
8.16774223419
8.12801851995
8.08526735331
8.03953830558
7.99088071115
7.9393528868
7.88503202553
7.82802485148
7.76847902958
7.70659521644
7.64263952213
7.57695603053
7.50997890986
7.44224355561
7.37439617411
7.30720128492
7.24154686891
7.17844743392
7.11904631089
7.06462037885
7.01659379099
6.97657335733
6.94642935529
6.92846604339
6.92576398184
6.94284532303
6.98693677796
7.07031978561
7.21461834671
7.45846057825
7.87088525537
8.57446319528
9.7855844496
11.8894945052
15.6001863575
22.359037607
35.4840831635
64.0870030255
140.086489167
425.8615136
2495.41548743
9.97360145259
9.96703584258
9.95467439588
9.93711763093
9.91483562418
9.8881955339
9.85748189497
9.82291218077
9.78464921045
9.74281147033
9.69748211084
9.64871718865
9.59655360103
9.54101707324
9.4821304929
9.41992282346
9.35443876181
9.28574922728
9.2139626757
9.13923711961
9.06179260299
8.98192372933
8.90001168326
8.81653503733
8.73207853231
8.64733902627
8.56312803678
8.48037095111
8.40010440521
8.32347619722
8.25175766787
8.18638920053
8.12910007923
8.0821832253
8.04907917288
8.03555882388
8.05203259447
8.11791193384
8.26957778182
8.57446321004
9.15530031424
10.2319000799
12.1976381512
15.7796813939
22.4351050574
35.4940271231
64.0695682284
140.069075675
425.853839772
2495.41538057
12.0787634627
12.0710288929
12.0564765753
12.035830218
12.0096635789
11.9784312214
11.9424912229
11.9021225109
11.8575385311
11.8088983907
11.7563162858
11.6998698104
11.6396076173
11.5755568129
11.5077304052
11.4361350761
11.3607794925
11.2816833179
11.1988870086
11.1124623946
11.022523927
10.9292403339
10.8328462614
10.7336532839
10.6320594845
10.5285566687
10.4237342826
10.3182794403
10.2129734604
10.1086875783
10.0063852437
9.90714790064
9.81225984759
9.72342413908
9.64325118979
9.57629224782
9.53112638493
9.52442052436
9.58856437558
9.78558447926
10.2319000948
11.1422285613
12.9106874196
16.277103999
22.7257539846
35.6210168975
64.0993408313
140.064030682
425.847996944
2495.41528428
14.9456027402
14.9364036594
14.9191118543
14.8946140762
14.863625178
14.8267224038
14.7843709116
14.7369433284
14.6847351359
14.6279770852
14.5668454784
14.5014709333
14.431946108
14.3583327758
14.2806685804
14.1989737602
14.1132580912
14.0235282583
13.9297958215
13.8320858807
13.73044647
13.6249586034
13.5157467676
13.4029894901
13.2869294305
13.1678822692
13.046243577
12.9224929801
12.7971955539
12.6710019981
12.5446527046
12.4189981556
12.2950627103
12.1742076214
12.0585052412
11.9515447137
11.8600957272
11.797443598
11.7899235522
11.8894945453
12.1976381773
12.9106874317
14.4074370467
17.4287139566
23.4915551487
36.0277298658
64.2488647698
140.090216071
425.845960959
2495.41519874
19.108349631
19.0977068739
19.077724546
19.049466409
19.013806699
18.9714664429
18.9230408796
18.8690207074
18.8098089175
18.7457343854
18.6770630301
18.6040071351
18.5267332905
18.4453693357
18.3600106267
18.2707259227
18.1775631587
18.0805553499
17.979726853
17.8751001789
17.7667035116
17.6545790321
17.5387920623
17.4194409394
17.2966673934
17.1706670561
17.0416996125
16.9100981048
16.7762771945
16.6407411068
16.5040941625
16.3670614341
16.2305365029
16.0956922064
15.96422816
15.8389051652
15.7246717702
15.6310068949
15.5767638839
15.6001864006
15.779681425
16.2771040184
17.4287139653
19.9408044594
25.3380531077
37.1422473717
64.7366028146
140.211716045
425.854839009
2495.41512389
25.8338760335
25.8226086765
25.801480983
25.7716636353
25.7341371647
25.6897261121
25.639125332
25.5829207359
25.5216059739
25.4555960392
25.3852384771
25.3108226978
25.2325877893
25.1507291594
25.0654043024
24.9767379637
24.8848269641
24.7897449358
24.6915472198
24.5902761622
24.4859670384
24.3786548067
24.2683818573
24.1552068625
24.0392147511
23.9205277238
23.7993171124
23.6758157986
23.5503309459
23.4232571161
23.2950908047
23.1664496675
23.0381045513
22.9110425639
22.7866005725
22.6667533719
22.5547381309
22.4564139845
22.3832540323
22.3590376457
22.4351050869
22.7257540055
23.4915551617
25.3380531134
29.7018751832
40.1289612037
66.2670775331
140.676248939
425.905556925
2495.41505952
38.3995979458
38.3893978788
38.3702942581
38.3433837846
38.3095992368
38.2697365238
38.2244759902
38.1743995885
38.1200049652
38.0617171384
37.9998982309
37.9348556063
37.8668486903
37.7960947214
37.7227736598
37.6470324759
37.568989034
37.4887357925
37.4063435388
37.3218653852
37.2353412484
37.1468030327
37.0562807236
36.9638095734
36.8694385151
36.7732398727
36.6753203387
36.5758330751
36.4749906796
36.373078725
36.2704697501
36.1676382773
36.0651792405
35.9638364278
35.8645569829
35.7686091579
35.6778489748
35.5953365604
35.5267878717
35.4840831927
35.4940271461
35.621016915
36.0277298784
37.1422473796
40.1289612072
48.257987493
71.2461364499
142.570617349
426.169206135
2495.41500534
66.0947141256
66.0872649912
66.0733260206
66.0537182849
66.0291474115
66.0002211041
65.9674632366
65.9313254577
65.8921968987
65.8504123569
65.8062592082
65.759983241
65.7117935748
65.6618668112
65.6103505631
65.5573665074
65.5030131096
65.4473681716
65.3904913594
65.3324268744
65.2732064336
65.2128527301
65.1513835429
65.0888166588
65.0251757495
64.9604973088
64.8948386873
64.8282871667
64.7609698699
64.6930641481
64.6248079356
64.5565095517
64.4885567725
64.4214262054
64.3556971297
64.2920814741
64.2314994206
64.1752738822
64.125630498
64.0870030437
64.0695682429
64.0993408429
64.2488647789
64.7366028212
66.2670775374
71.2461364518
88.3155839012
151.201946025
427.896097847
2495.41496111
141.153460065
141.149356799
141.14168298
141.130897851
141.117398486
141.101528654
141.083586055
141.063828376
141.042478433
141.019728561
140.995744357
140.970667868
140.944620283
140.917704218
140.890005655
140.861595612
140.83253162
140.80285909
140.772612656
140.741817578
140.7104913
140.678645263
140.646287067
140.613423084
140.580061625
140.54621672
140.51191257
140.477188655
140.442105367
140.406749955
140.371242335
140.335740224
140.300442905
140.265593113
140.231477193
140.198425507
140.166819439
140.137121915
140.109975494
140.086489176
140.069075682
140.064030687
140.090216075
140.211716049
140.676248942
142.570617351
151.201946026
194.740373705
442.689274305
2495.41492665
426.237210089
426.235741252
426.232995061
426.229137196
426.22431134
426.218642205
426.212238021
426.205192643
426.197587353
426.189492407
426.180968362
426.172067214
426.162833356
426.153304394
426.143511839
426.133481701
426.123235012
426.112788303
426.102154074
426.09134128
426.080355869
426.069201408
426.057879839
426.046392396
426.034740723
426.02292823
426.010961711
425.998853204
425.986622085
425.974297272
425.961919382
425.949542571
425.937235709
425.925082525
425.913180383
425.901637708
425.890570646
425.880100986
425.870360334
425.861513606
425.853839778
425.847996949
425.845960964
425.854839014
425.905556929
426.169206139
427.896097849
442.689274307
595.116796857
2495.41490214
2495.42029394
2495.42027492
2495.42023937
2495.42018944
2495.42012701
2495.42005372
2495.41997097
2495.41988001
2495.4197819
2495.41967756
2495.41956779
2495.41945327
2495.4193346
2495.41921227
2495.4190867
2495.41895822
2495.41882713
2495.41869363
2495.41855788
2495.41842001
2495.41828008
2495.41813814
2495.4179942
2495.41784825
2495.41770031
2495.41755038
2495.41739854
2495.41724488
2495.41708964
2495.41693314
2495.41677586
2495.41661845
2495.41646178
2495.41630688
2495.41615496
2495.41600738
2495.41586553
2495.4157308
2495.41560443
2495.41548743
2495.41538057
2495.41528428
2495.41519874
2495.41512389
2495.41505952
2495.41500534
2495.41496111
2495.41492665
2495.41490214
2495.41488856
)
;

boundaryField
{
    side_walls
    {
        Cmu             0.09;
        kappa           0.41;
        E               9.8;
        beta1           0.075;
        type            omegaWallFunction;
        value           nonuniform List<scalar> 
100
(
2495.42029394
2495.42027492
2495.42023937
2495.42018944
2495.42012702
2495.42005372
2495.41997097
2495.41988001
2495.4197819
2495.41967755
2495.41956779
2495.41945327
2495.4193346
2495.41921227
2495.4190867
2495.41895822
2495.41882713
2495.41869362
2495.41855788
2495.41842001
2495.41828008
2495.41813814
2495.4179942
2495.41784825
2495.41770031
2495.41755038
2495.41739854
2495.41724488
2495.41708964
2495.41693314
2495.41677586
2495.41661845
2495.41646178
2495.41630688
2495.41615496
2495.41600738
2495.41586553
2495.4157308
2495.41560443
2495.41548743
2495.41538057
2495.41528428
2495.41519874
2495.41512389
2495.41505952
2495.41500534
2495.41496111
2495.41492665
2495.41490214
2495.41488856
2495.42029394
2495.42027492
2495.42023937
2495.42018944
2495.42012701
2495.42005372
2495.41997097
2495.41988001
2495.4197819
2495.41967756
2495.41956779
2495.41945327
2495.4193346
2495.41921227
2495.4190867
2495.41895822
2495.41882713
2495.41869363
2495.41855788
2495.41842001
2495.41828008
2495.41813814
2495.4179942
2495.41784825
2495.41770031
2495.41755038
2495.41739854
2495.41724488
2495.41708964
2495.41693314
2495.41677586
2495.41661845
2495.41646178
2495.41630688
2495.41615496
2495.41600738
2495.41586553
2495.4157308
2495.41560443
2495.41548743
2495.41538057
2495.41528428
2495.41519874
2495.41512389
2495.41505952
2495.41500534
2495.41496111
2495.41492665
2495.41490214
2495.41488856
)
;
    }
    inlet
    {
        type            cyclic;
    }
    outlet
    {
        type            cyclic;
    }
    side_left
    {
        type            symmetryPlane;
    }
    side_bottom
    {
        type            symmetryPlane;
    }
}


// ************************************************************************* //
