/*--------------------------------*- C++ -*----------------------------------*\
| =========                 |                                                 |
| \\      /  F ield         | OpenFOAM: The Open Source CFD Toolbox           |
|  \\    /   O peration     | Version:  3.0.1                                 |
|   \\  /    A nd           | Web:      www.OpenFOAM.org                      |
|    \\/     M anipulation  |                                                 |
\*---------------------------------------------------------------------------*/
FoamFile
{
    version     2.0;
    format      ascii;
    class       volScalarField;
    location    "50000";
    object      p;
}
// * * * * * * * * * * * * * * * * * * * * * * * * * * * * * * * * * * * * * //

dimensions      [0 2 -2 0 0 0 0];

internalField   nonuniform List<scalar> 
2500
(
-1.01163450681e-15
-2.6177529066e-15
2.22668215592e-16
2.06886121418e-15
3.06502965779e-15
3.05601435549e-15
3.41923105426e-15
2.81171406535e-15
2.24002327099e-15
1.17196751277e-15
-3.68515187364e-17
-6.96446950829e-16
-1.46041497524e-15
-1.9552115594e-15
-2.2830563515e-15
-2.33058178821e-15
-2.1013615651e-15
-1.69341004185e-15
-9.37444478991e-16
7.78479727475e-17
1.3360593338e-15
2.75974087581e-15
4.32037621878e-15
6.05174818507e-15
7.98932467718e-15
1.01481315647e-14
1.24946236194e-14
1.49432646058e-14
1.74663716278e-14
2.00910899188e-14
2.27885683616e-14
2.55312177876e-14
2.83015142941e-14
3.10669528949e-14
3.3805457815e-14
3.6494545462e-14
3.90990825176e-14
4.16004519755e-14
4.39701441562e-14
4.61614968043e-14
4.8136280822e-14
4.98465754672e-14
5.1257962159e-14
5.23336409133e-14
5.30892911507e-14
5.35983271478e-14
5.39700204843e-14
5.42905395002e-14
5.46158881324e-14
5.49195691968e-14
-2.12627480209e-16
-5.55772373072e-16
1.68579497014e-15
3.06896832208e-15
3.94265683793e-15
4.19055550129e-15
4.17393989054e-15
3.43670236527e-15
2.73103231829e-15
1.62801619523e-15
6.80972349962e-16
-3.00753068166e-16
-1.19120071488e-15
-1.6573015442e-15
-2.07616533749e-15
-2.16362903653e-15
-1.97062375539e-15
-1.52581928144e-15
-8.31844966228e-16
8.78058535827e-17
1.21126563634e-15
2.62116025253e-15
4.18017668467e-15
5.9237866528e-15
7.91490050692e-15
1.00060992692e-14
1.22912442921e-14
1.47139704723e-14
1.72773027569e-14
1.98449082182e-14
2.2446338472e-14
2.51098229978e-14
2.78076516113e-14
3.05123946438e-14
3.31743447572e-14
3.5796812373e-14
3.83277207972e-14
4.07702888316e-14
4.30627370113e-14
4.51862518427e-14
4.71082477244e-14
4.87726459687e-14
5.01381039662e-14
5.1190717704e-14
5.19244466784e-14
5.24212757502e-14
5.278425923e-14
5.30969984161e-14
5.34144742932e-14
5.371008673e-14
2.9308698527e-15
2.76182890559e-15
3.76336004498e-15
4.55986985907e-15
5.06583823673e-15
5.27626986373e-15
5.27880365825e-15
4.34537674593e-15
3.44810352056e-15
2.47239626126e-15
1.4868732597e-15
4.98487381566e-16
-4.39985396293e-16
-1.25851816328e-15
-1.63623899461e-15
-1.55158583405e-15
-1.39364399792e-15
-9.24464031294e-16
-2.21854923888e-16
5.86623194013e-16
1.39495977702e-15
2.89541922246e-15
4.51967836707e-15
6.1828853426e-15
7.9747530608e-15
1.00375006955e-14
1.20701719277e-14
1.44148342822e-14
1.68933364294e-14
1.93146116251e-14
2.18483913931e-14
2.43790832303e-14
2.69736465817e-14
2.95545011559e-14
3.20723699559e-14
3.45779229765e-14
3.69786742298e-14
3.93026447869e-14
4.14678326283e-14
4.34827183301e-14
4.53039021261e-14
4.68874360415e-14
4.81942097348e-14
4.91821389376e-14
4.98793408512e-14
5.03484516024e-14
5.069173287e-14
5.09882317685e-14
5.1289753537e-14
5.15711587646e-14
5.65785211041e-15
5.46231785296e-15
5.91429100419e-15
6.26965828882e-15
6.46464970589e-15
6.55905470189e-15
6.00563255317e-15
5.22977619833e-15
4.35322407415e-15
3.39800807603e-15
2.37973761536e-15
1.27700892409e-15
3.40496360102e-16
-4.8541290437e-16
-8.98084744776e-16
-9.30703431682e-16
-6.13915715451e-16
-1.45815742785e-16
4.8351178168e-16
1.25058221787e-15
2.17392665058e-15
3.31826775469e-15
4.71917420412e-15
6.33642532339e-15
8.09459869363e-15
9.97038245767e-15
1.19826803336e-14
1.40929163297e-14
1.62629724246e-14
1.85683194857e-14
2.08840343535e-14
2.32436485662e-14
2.5658800728e-14
2.8044163126e-14
3.04202324698e-14
3.27381158413e-14
3.50059639298e-14
3.71568374623e-14
3.91790026713e-14
4.10628865657e-14
4.27479864373e-14
4.42166895177e-14
4.54226056385e-14
4.63449345191e-14
4.69896323057e-14
4.74238248512e-14
4.77414159267e-14
4.80173285247e-14
4.82977447084e-14
4.85591782843e-14
7.66312366868e-15
7.58501384466e-15
8.0460909147e-15
8.05092814301e-15
7.90475583306e-15
7.60461910808e-15
7.03015828659e-15
6.27795639856e-15
5.41707722852e-15
4.48435815693e-15
3.50504334411e-15
2.53037775322e-15
1.62411935203e-15
9.37779982718e-16
4.54061771319e-16
4.64339094193e-16
6.63521943928e-16
9.20937036411e-16
1.41439790887e-15
2.09714221392e-15
3.00139375852e-15
4.02193723954e-15
5.17525942466e-15
6.72627640301e-15
8.18527684034e-15
9.93994263258e-15
1.169672429e-14
1.36929409289e-14
1.56798373667e-14
1.78298482473e-14
1.9936284872e-14
2.21000028598e-14
2.4246738093e-14
2.64324722105e-14
2.85578695642e-14
3.06514746268e-14
3.26870233672e-14
3.46287165401e-14
3.64656025046e-14
3.81674786711e-14
3.97001800584e-14
4.10348821259e-14
4.21221982306e-14
4.29600048711e-14
4.35452138428e-14
4.39397250786e-14
4.42280843441e-14
4.4479251324e-14
4.47329299676e-14
4.49697843325e-14
1.00615086862e-14
9.47906121757e-15
1.04476399802e-14
9.89279597531e-15
9.4423847532e-15
8.92113474465e-15
8.25790826676e-15
7.47346688804e-15
6.60351421239e-15
5.67706334723e-15
4.71460444336e-15
3.70222372947e-15
2.49941960988e-15
2.02642261605e-15
1.96332113097e-15
1.62495623809e-15
1.79947388781e-15
1.96662291925e-15
2.43486140156e-15
2.82595624274e-15
3.72990781731e-15
4.53929959654e-15
5.80530472837e-15
7.01178009906e-15
8.35642682298e-15
1.0005364775e-14
1.15365644024e-14
1.32693859625e-14
1.50277684049e-14
1.69306962576e-14
1.87490724554e-14
2.06807811828e-14
2.25858107844e-14
2.44896194125e-14
2.63789198719e-14
2.82372365062e-14
3.003004964e-14
3.17473677263e-14
3.33660762133e-14
3.48715136614e-14
3.62262861786e-14
3.73991760403e-14
3.8360280543e-14
3.90954509822e-14
3.96017422265e-14
3.99499935228e-14
4.02040875454e-14
4.04243428461e-14
4.06481794584e-14
4.08574380276e-14
1.19831147628e-14
1.19330627172e-14
1.22292067693e-14
1.15868186148e-14
1.09939557351e-14
1.03437532144e-14
9.5978310909e-15
8.76517404692e-15
7.87058602044e-15
6.94423501464e-15
6.03494813737e-15
5.1488555419e-15
4.34859615425e-15
3.84724959487e-15
3.6046849018e-15
3.59781921874e-15
3.34882534007e-15
3.37365317731e-15
3.57287917529e-15
3.98614648985e-15
4.56999282966e-15
5.47954814726e-15
6.37996357097e-15
7.57152312233e-15
8.71496254101e-15
1.00734268436e-14
1.14088138686e-14
1.29093262332e-14
1.43516106295e-14
1.59459347682e-14
1.75898598924e-14
1.92247031977e-14
2.08752817699e-14
2.25246938377e-14
2.41477301823e-14
2.57350827856e-14
2.72495126716e-14
2.87193822641e-14
3.0104348747e-14
3.13888181258e-14
3.25409773915e-14
3.3535839639e-14
3.43561740193e-14
3.49793961181e-14
3.54170685895e-14
3.57071659358e-14
3.59216795664e-14
3.61081878949e-14
3.62979680449e-14
3.64752948942e-14
1.54213152654e-14
1.40728195708e-14
1.37487983479e-14
1.31875051623e-14
1.25421254237e-14
1.18141824103e-14
1.09970041033e-14
1.01096588241e-14
9.17246655752e-15
8.19498220267e-15
7.3333939215e-15
6.47189215985e-15
5.6681717778e-15
5.14350120731e-15
4.79900614927e-15
4.54283239865e-15
4.40705342987e-15
4.44805873587e-15
4.62491973249e-15
5.04141265384e-15
5.46609498839e-15
6.16106562512e-15
6.95205140584e-15
7.99727017197e-15
8.90581547759e-15
1.00697232498e-14
1.1174488868e-14
1.24034644149e-14
1.37509065777e-14
1.50275760222e-14
1.63744448965e-14
1.77756152047e-14
1.91266883893e-14
2.04702688264e-14
2.17981889469e-14
2.31090316739e-14
2.43657430226e-14
2.55755190862e-14
2.66859969336e-14
2.77413401827e-14
2.86812266644e-14
2.95102495466e-14
3.01663520228e-14
3.067182798e-14
3.1017201677e-14
3.12509571122e-14
3.14211907268e-14
3.15701603797e-14
3.17217090904e-14
3.18640150094e-14
1.64961995931e-14
1.57686825212e-14
1.53515750746e-14
1.47849261652e-14
1.40991833477e-14
1.33145366771e-14
1.24274683474e-14
1.14823299615e-14
1.05082465772e-14
9.54296440648e-15
8.6330005333e-15
7.76240128062e-15
6.93763008477e-15
6.42491422492e-15
6.10039613295e-15
5.90011282706e-15
5.69313849444e-15
5.73052232637e-15
5.88530112699e-15
6.14891647311e-15
6.61056056139e-15
7.13427827736e-15
7.69517362355e-15
8.5373255438e-15
9.32230304577e-15
1.02419083204e-14
1.11277267629e-14
1.21054265611e-14
1.30928370821e-14
1.41943834277e-14
1.52154433159e-14
1.63160675477e-14
1.73468277905e-14
1.84386949221e-14
1.94426333847e-14
2.04746257649e-14
2.14186653294e-14
2.23659797638e-14
2.32227801927e-14
2.40319505664e-14
2.47568354699e-14
2.53729760559e-14
2.58873061164e-14
2.62679621098e-14
2.65348310949e-14
2.67094002983e-14
2.68372383227e-14
2.69477090962e-14
2.70609254119e-14
2.71667135782e-14
1.80055732115e-14
1.73869009314e-14
1.69688523575e-14
1.63985886116e-14
1.56664267968e-14
1.48434838892e-14
1.3868522146e-14
1.2854442278e-14
1.18176979415e-14
1.08189083e-14
9.88091437119e-15
8.99402906463e-15
8.1195566328e-15
7.39224136887e-15
7.15702316545e-15
7.23338089177e-15
6.7588555515e-15
6.82323142394e-15
6.82602714454e-15
7.05263764053e-15
7.48309096043e-15
7.81364675717e-15
8.45523863564e-15
9.0447250188e-15
9.55531601973e-15
1.03712757097e-14
1.10867678589e-14
1.18624321287e-14
1.2622211811e-14
1.3434979582e-14
1.41823582371e-14
1.49745107244e-14
1.57232704647e-14
1.64830732478e-14
1.72048752323e-14
1.79029538565e-14
1.85601616476e-14
1.92069565745e-14
1.97925041624e-14
2.03623397566e-14
2.08588039529e-14
2.12850315261e-14
2.16323952331e-14
2.18899513126e-14
2.20652776119e-14
2.21816291004e-14
2.22635387235e-14
2.23341816367e-14
2.24065172972e-14
2.24735732335e-14
1.97032337705e-14
1.93238850605e-14
1.86641274463e-14
1.80151131323e-14
1.72287259555e-14
1.6361403763e-14
1.52982066366e-14
1.42134770331e-14
1.30720933421e-14
1.20202648614e-14
1.10645078704e-14
1.02114866025e-14
9.4567892917e-15
8.84322103191e-15
8.4669582467e-15
8.33522545661e-15
8.02902334977e-15
7.9898559285e-15
8.05102860005e-15
8.24021316247e-15
8.51870610323e-15
8.83613683937e-15
9.20700661316e-15
9.69778192811e-15
1.01751337119e-14
1.06823559376e-14
1.12221841233e-14
1.17394942878e-14
1.22413923859e-14
1.27261107588e-14
1.32050268068e-14
1.36756438443e-14
1.41013204147e-14
1.45272199641e-14
1.49369682595e-14
1.5342002296e-14
1.57901201377e-14
1.61480650553e-14
1.64938861545e-14
1.68029135443e-14
1.70768711278e-14
1.73099558223e-14
1.74972085259e-14
1.76365798849e-14
1.77239824985e-14
1.77803784237e-14
1.78163438567e-14
1.78461494946e-14
1.78752135461e-14
1.7902382171e-14
2.1458125874e-14
2.12958452051e-14
2.0276459351e-14
1.96120858415e-14
1.87698907648e-14
1.7943540405e-14
1.66990504353e-14
1.54907261778e-14
1.42317759112e-14
1.31193587923e-14
1.21337828467e-14
1.13091742894e-14
1.06069821284e-14
9.95365545931e-15
9.52552572419e-15
9.05520135023e-15
8.92772999302e-15
8.91187428794e-15
8.93767052402e-15
9.13401548271e-15
9.36235923488e-15
9.59831482392e-15
9.91343444576e-15
1.02477191828e-14
1.05301946749e-14
1.09293677265e-14
1.12708286598e-14
1.16061935845e-14
1.18908413609e-14
1.21200213696e-14
1.23588718485e-14
1.25504140244e-14
1.27160499454e-14
1.28642295248e-14
1.29818503419e-14
1.30909764713e-14
1.31897454551e-14
1.32760051026e-14
1.33498402341e-14
1.34118632734e-14
1.34615211712e-14
1.3500312187e-14
1.35339536375e-14
1.35492634656e-14
1.35530167107e-14
1.35475183389e-14
1.35380158975e-14
1.35267573732e-14
1.35131896994e-14
1.34997825014e-14
2.31737870408e-14
2.24469163811e-14
2.16668066882e-14
2.09085829476e-14
2.02362165191e-14
1.96417462667e-14
1.8034744208e-14
1.67628796428e-14
1.5263100389e-14
1.40058764362e-14
1.30453795945e-14
1.22702867432e-14
1.14587879594e-14
1.07795867437e-14
1.01391333367e-14
9.89575596446e-15
9.61597628866e-15
9.72556301071e-15
9.82445378664e-15
9.92340616622e-15
1.01481146802e-14
1.03752440499e-14
1.06170109189e-14
1.08633860514e-14
1.11085548624e-14
1.12723702605e-14
1.14433669162e-14
1.15944220756e-14
1.17248946376e-14
1.17089064378e-14
1.17240968862e-14
1.16066676798e-14
1.14923779325e-14
1.13299820866e-14
1.11679323051e-14
1.09896727481e-14
1.08183512022e-14
1.06165019231e-14
1.04400504823e-14
1.02747046141e-14
1.01113426168e-14
9.96710443366e-15
9.83830279193e-15
9.73618910663e-15
9.65571092942e-15
9.59222605444e-15
9.53806627712e-15
9.48477401817e-15
9.42708160464e-15
9.37259600488e-15
2.40775948003e-14
2.34139846102e-14
2.27213873156e-14
2.20568570758e-14
2.1594194739e-14
2.08194859829e-14
1.91453047256e-14
1.76420123159e-14
1.61185947572e-14
1.46656738121e-14
1.37933503465e-14
1.29285014079e-14
1.21761667043e-14
1.15197258159e-14
1.09513046929e-14
1.04809612093e-14
1.04676908492e-14
1.05058760051e-14
1.05781141587e-14
1.06936159867e-14
1.08595987963e-14
1.10448935154e-14
1.12323379279e-14
1.14041011831e-14
1.1547826377e-14
1.16454129689e-14
1.16344968757e-14
1.16207751305e-14
1.15063181063e-14
1.13421260543e-14
1.10842840755e-14
1.07496337154e-14
1.03720621362e-14
9.96606098987e-15
9.53359287103e-15
9.08603744669e-15
8.65251391998e-15
8.21512663947e-15
7.78642222626e-15
7.38676215568e-15
7.01943266214e-15
6.68770820621e-15
6.41962464546e-15
6.20385870276e-15
6.0438318246e-15
5.92343555942e-15
5.82370077303e-15
5.72891498813e-15
5.62836221405e-15
5.53234793007e-15
2.51117869947e-14
2.43430379956e-14
2.34645307295e-14
2.29596896536e-14
2.24564901507e-14
2.13145388367e-14
2.01388206591e-14
1.84638355258e-14
1.69243883146e-14
1.5691474599e-14
1.45255514331e-14
1.34931782409e-14
1.28364499447e-14
1.21673519265e-14
1.16473750874e-14
1.13891023501e-14
1.12083758675e-14
1.11936399923e-14
1.12243517683e-14
1.13235391628e-14
1.14777286708e-14
1.16510722568e-14
1.18248971353e-14
1.19611999471e-14
1.20517281016e-14
1.20181742949e-14
1.19325224459e-14
1.17160266578e-14
1.14361237557e-14
1.10707438721e-14
1.06261896533e-14
1.00855213933e-14
9.47441238776e-15
8.82636595614e-15
8.14224798031e-15
7.46239758597e-15
6.78353697417e-15
6.11938743602e-15
5.45966526081e-15
4.83515058266e-15
4.26254623779e-15
3.76047112124e-15
3.34481962209e-15
3.02607134073e-15
2.79120254529e-15
2.61864689622e-15
2.47629126114e-15
2.34207853403e-15
2.19931791512e-15
2.06264557973e-15
2.55158220632e-14
2.4822174918e-14
2.39943825465e-14
2.37367672421e-14
2.28136687546e-14
2.1907400968e-14
2.03130007886e-14
1.89949425577e-14
1.75487501201e-14
1.62257033933e-14
1.51275853285e-14
1.41630318233e-14
1.32511764572e-14
1.26756387403e-14
1.2072118756e-14
1.18458021664e-14
1.17358975089e-14
1.1786358907e-14
1.17344957086e-14
1.18229849694e-14
1.19840286707e-14
1.22039835511e-14
1.23353480619e-14
1.24316046376e-14
1.24643193875e-14
1.24206282724e-14
1.21707749075e-14
1.19564714062e-14
1.15050566143e-14
1.1002077046e-14
1.03026983264e-14
9.51875533476e-15
8.70783784438e-15
7.86638815066e-15
6.9986535819e-15
6.0611209662e-15
5.16541097241e-15
4.26908034432e-15
3.38421489477e-15
2.5683430571e-15
1.82524163523e-15
1.16799888566e-15
6.28179317736e-16
2.11115732029e-16
-9.05012820137e-17
-3.11332045627e-16
-4.95094391799e-16
-6.6729913181e-16
-8.51677657278e-16
-1.02790205061e-15
2.57225138106e-14
2.51429937097e-14
2.42649204616e-14
2.38198510323e-14
2.30696488706e-14
2.19305198793e-14
2.05925552207e-14
1.93655157328e-14
1.79595909281e-14
1.68075466507e-14
1.56991187314e-14
1.46677012018e-14
1.38869438974e-14
1.30513583659e-14
1.25197297001e-14
1.21732976928e-14
1.20297974299e-14
1.20050485766e-14
1.20350664438e-14
1.21553886523e-14
1.23527750137e-14
1.25360246291e-14
1.27468350843e-14
1.28118241764e-14
1.28257997408e-14
1.26659031023e-14
1.23988086684e-14
1.20638811419e-14
1.1522633666e-14
1.09304616405e-14
1.01571674022e-14
9.25996866517e-15
8.24848775604e-15
7.186440069e-15
6.08388941072e-15
4.96156516644e-15
3.83996799645e-15
2.72953585464e-15
1.6664043718e-15
6.69620059678e-16
-2.35770221437e-16
-1.02898354459e-15
-1.68054738056e-15
-2.18591194709e-15
-2.55062301609e-15
-2.81847107119e-15
-3.04017686928e-15
-3.24919656054e-15
-3.4729725763e-15
-3.68769190195e-15
2.55461443433e-14
2.52597075033e-14
2.41914735879e-14
2.37324133329e-14
2.29442903502e-14
2.18666691429e-14
2.06421961854e-14
1.96808311066e-14
1.81791214689e-14
1.69956980041e-14
1.58834482006e-14
1.49060595407e-14
1.40628044877e-14
1.33296136613e-14
1.27628299796e-14
1.23378261592e-14
1.21964726891e-14
1.2152962362e-14
1.220779102e-14
1.23574656367e-14
1.25584390994e-14
1.27878393689e-14
1.29297741605e-14
1.30321345414e-14
1.30223266822e-14
1.2892383023e-14
1.26251329021e-14
1.22246736403e-14
1.1653917663e-14
1.09804366814e-14
1.01022726747e-14
9.09493240605e-15
7.95918295133e-15
6.73229950552e-15
5.44735612563e-15
4.13517847516e-15
2.83483079455e-15
1.53655708175e-15
2.91291960745e-16
-8.716669653e-16
-1.93030487416e-15
-2.85318225151e-15
-3.60414494535e-15
-4.18409314718e-15
-4.60652030009e-15
-4.91185910734e-15
-5.16955222396e-15
-5.41339268999e-15
-5.67395176682e-15
-5.92446314345e-15
2.50646128009e-14
2.50038525638e-14
2.3908815874e-14
2.33548521203e-14
2.25845826018e-14
2.15692107886e-14
2.06078086702e-14
1.97056905725e-14
1.82649702454e-14
1.71634897004e-14
1.59895166072e-14
1.50790027784e-14
1.41850458908e-14
1.35024878257e-14
1.29069168026e-14
1.24933446056e-14
1.22716222161e-14
1.2196575338e-14
1.22629020668e-14
1.2397708774e-14
1.26618313027e-14
1.28649587179e-14
1.31501445995e-14
1.31907560262e-14
1.32192700926e-14
1.3078967938e-14
1.28430274946e-14
1.24363041348e-14
1.18809662437e-14
1.11100491324e-14
1.01244596636e-14
9.03425472455e-15
7.75503914059e-15
6.453818406e-15
5.03725345582e-15
3.57850973675e-15
2.11775636857e-15
6.63754478308e-16
-7.32593263593e-16
-2.0354166877e-15
-3.2303920153e-15
-4.2641093758e-15
-5.11017416181e-15
-5.75773650002e-15
-6.22462498057e-15
-6.56903190883e-15
-6.85572031107e-15
-7.12947047093e-15
-7.42459233489e-15
-7.70849831607e-15
2.41726952461e-14
2.43023785237e-14
2.3333436034e-14
2.28970697926e-14
2.20132965138e-14
2.12634700707e-14
2.02499049096e-14
1.94532058794e-14
1.81956721781e-14
1.71599800419e-14
1.59832427033e-14
1.50867219741e-14
1.42565767772e-14
1.352506734e-14
1.29386056848e-14
1.25116711897e-14
1.22310577616e-14
1.21129596603e-14
1.22424962303e-14
1.23498939059e-14
1.25604964453e-14
1.28112099718e-14
1.30180020039e-14
1.31886687061e-14
1.32674178795e-14
1.31750352649e-14
1.30244666374e-14
1.26253586219e-14
1.20542766481e-14
1.12197442793e-14
1.0267335751e-14
9.10768362035e-15
7.79656168472e-15
6.35579369258e-15
4.82731586673e-15
3.24391941811e-15
1.64949635582e-15
7.22616457926e-17
-1.44341916961e-15
-2.87452742243e-15
-4.17266066696e-15
-5.3008223273e-15
-6.2203587245e-15
-6.91691658559e-15
-7.42588776325e-15
-7.80007419329e-15
-8.11382166074e-15
-8.41519396088e-15
-8.74067586081e-15
-9.05511846047e-15
2.30584119992e-14
2.31689070784e-14
2.26069544379e-14
2.21517232683e-14
2.12979821937e-14
2.06026663013e-14
1.98485127475e-14
1.91666913234e-14
1.80319478508e-14
1.68729054671e-14
1.58740271118e-14
1.50795873255e-14
1.41952026764e-14
1.34845164651e-14
1.28875736063e-14
1.24440710255e-14
1.20822471169e-14
1.20231553276e-14
1.20703634995e-14
1.21953264411e-14
1.23842577796e-14
1.26566413047e-14
1.29145952391e-14
1.31945763381e-14
1.32011808024e-14
1.31324987749e-14
1.30655899479e-14
1.27125840721e-14
1.22296245406e-14
1.14207166077e-14
1.04529797815e-14
9.27668365218e-15
7.92429974883e-15
6.4257302897e-15
4.80937005716e-15
3.1391530227e-15
1.46183066523e-15
-2.37327519717e-16
-1.8503190604e-15
-3.37141084051e-15
-4.75391218201e-15
-5.95250436063e-15
-6.92885675418e-15
-7.67116229099e-15
-8.20769201026e-15
-8.60616145025e-15
-8.94246465554e-15
-9.2674547118e-15
-9.62010150231e-15
-9.96066621913e-15
2.17498774512e-14
2.18715391833e-14
2.14858190968e-14
2.12065708348e-14
2.04826402837e-14
2.00072119641e-14
1.91353239127e-14
1.85172601534e-14
1.75249448514e-14
1.65670434783e-14
1.56828990906e-14
1.48763436304e-14
1.40763195888e-14
1.34058823124e-14
1.28177495858e-14
1.23500307404e-14
1.20540814967e-14
1.19014552336e-14
1.18901047119e-14
1.19890395369e-14
1.21238165368e-14
1.2389811091e-14
1.26139645211e-14
1.29298618226e-14
1.29520139194e-14
1.30599204355e-14
1.29962816135e-14
1.27472061583e-14
1.22421740637e-14
1.15778793775e-14
1.06511758488e-14
9.49808038412e-15
8.15227365307e-15
6.6490164235e-15
4.99346262778e-15
3.2593888228e-15
1.51926367926e-15
-2.64444061841e-16
-1.94422753123e-15
-3.54967229034e-15
-5.00316048354e-15
-6.25105682475e-15
-7.26766327129e-15
-8.04191270554e-15
-8.59793948319e-15
-9.01393604192e-15
-9.36783302926e-15
-9.71260040086e-15
-1.00868951969e-14
-1.04495939398e-14
2.02101680227e-14
2.03141701004e-14
1.99763557356e-14
1.99087780361e-14
1.94605145277e-14
1.89689772188e-14
1.84184456775e-14
1.78011202004e-14
1.70553222089e-14
1.61054732532e-14
1.54916448675e-14
1.46599614395e-14
1.39264216928e-14
1.3309108289e-14
1.27056061324e-14
1.23020444394e-14
1.18865722238e-14
1.17585782292e-14
1.16390697358e-14
1.1761502014e-14
1.18932403888e-14
1.21648784324e-14
1.23584403787e-14
1.26199834217e-14
1.2793302325e-14
1.29183374878e-14
1.29083396475e-14
1.27214495683e-14
1.23717694562e-14
1.17185923458e-14
1.0864818632e-14
9.76748490035e-15
8.46883554539e-15
6.95810135477e-15
5.30695742887e-15
3.55645253435e-15
1.7495736252e-15
-5.28834517558e-17
-1.80028892427e-15
-3.44219971723e-15
-4.92753394003e-15
-6.22048525434e-15
-7.26174796033e-15
-8.05015286699e-15
-8.61676814451e-15
-9.04307627553e-15
-9.40973770325e-15
-9.76782861017e-15
-1.01581464294e-14
-1.05375939898e-14
1.84785978176e-14
1.86718688538e-14
1.83856879389e-14
1.84840668606e-14
1.80090595633e-14
1.78092083361e-14
1.72765717747e-14
1.66991540742e-14
1.62399051053e-14
1.55906987112e-14
1.49853610848e-14
1.44370781832e-14
1.37552695171e-14
1.3225565464e-14
1.26948971817e-14
1.22797318083e-14
1.19049955558e-14
1.16735943751e-14
1.1557981244e-14
1.15741927781e-14
1.15555762973e-14
1.17953849572e-14
1.20387506026e-14
1.23092204596e-14
1.24926671022e-14
1.26495652271e-14
1.27753608689e-14
1.26658848363e-14
1.23948247603e-14
1.18634526739e-14
1.10878721974e-14
1.00579384172e-14
8.82547628949e-15
7.37348890162e-15
5.74584276584e-15
4.00644399335e-15
2.18692688466e-15
3.48390016772e-16
-1.41294437051e-15
-3.07843518144e-15
-4.59294178691e-15
-5.89090577994e-15
-6.9350700541e-15
-7.72428903828e-15
-8.29497778001e-15
-8.72759332664e-15
-9.10157166662e-15
-9.46919883802e-15
-9.87002197473e-15
-1.02600393936e-14
1.65677635095e-14
1.67729592912e-14
1.66760612511e-14
1.68198358134e-14
1.66226844593e-14
1.64492513734e-14
1.62085284672e-14
1.58876713514e-14
1.55325140107e-14
1.5108405638e-14
1.45063576149e-14
1.40810684803e-14
1.35539913114e-14
1.31575544127e-14
1.26914872642e-14
1.23166179589e-14
1.19078840233e-14
1.16560154703e-14
1.14805998678e-14
1.14227675028e-14
1.14323482277e-14
1.16424482758e-14
1.17816639937e-14
1.2088003825e-14
1.22906338357e-14
1.25017459609e-14
1.26120397306e-14
1.25720884722e-14
1.23408000679e-14
1.19039737944e-14
1.12515405207e-14
1.03362018053e-14
9.18015246068e-15
7.81552816172e-15
6.25068979834e-15
4.54215405815e-15
2.76234038591e-15
9.54442454067e-16
-8.14095403262e-16
-2.47749094156e-15
-3.98535139612e-15
-5.27799789566e-15
-6.31484301531e-15
-7.09883398842e-15
-7.66379288154e-15
-8.09576456528e-15
-8.47168359527e-15
-8.84178366153e-15
-9.24718498616e-15
-9.64176085938e-15
1.45380362986e-14
1.471831793e-14
1.46526474076e-14
1.49863714286e-14
1.49462740159e-14
1.47464914404e-14
1.48529392408e-14
1.47745905481e-14
1.46422763795e-14
1.4326711459e-14
1.40223841846e-14
1.37522325724e-14
1.34330026727e-14
1.31267985369e-14
1.27618934576e-14
1.24171083549e-14
1.20328400641e-14
1.17260063313e-14
1.155167883e-14
1.1522687637e-14
1.14693638712e-14
1.15098321393e-14
1.16585787627e-14
1.1929913336e-14
1.20800821313e-14
1.22897626069e-14
1.24265665368e-14
1.24623763091e-14
1.23102249544e-14
1.19802583801e-14
1.13832990169e-14
1.06045170247e-14
9.55197018177e-15
8.27672200132e-15
6.81538256692e-15
5.18176084518e-15
3.44570264056e-15
1.68711680963e-15
-5.47995325216e-17
-1.69260339966e-15
-3.17694378016e-15
-4.43859356748e-15
-5.46015573993e-15
-6.22072063007e-15
-6.77118683016e-15
-7.19600294629e-15
-7.5669269192e-15
-7.93318488434e-15
-8.33571196825e-15
-8.72791878426e-15
1.22958134612e-14
1.24744365295e-14
1.26762848771e-14
1.30115716221e-14
1.31631547186e-14
1.32489318563e-14
1.35020879204e-14
1.36952659262e-14
1.36986670678e-14
1.36026073808e-14
1.34850856292e-14
1.34648313572e-14
1.33127813024e-14
1.31634537936e-14
1.29152983053e-14
1.26985854471e-14
1.22869642507e-14
1.20188844329e-14
1.17696724694e-14
1.16305897137e-14
1.15289591384e-14
1.15909985964e-14
1.16735318975e-14
1.17875388112e-14
1.19800861827e-14
1.21508039549e-14
1.22945154514e-14
1.23592980885e-14
1.2265425108e-14
1.20062440158e-14
1.15385576441e-14
1.08489247556e-14
9.90190505107e-15
8.73262202608e-15
7.36506891116e-15
5.83065901374e-15
4.19833740793e-15
2.50389656145e-15
8.32544701263e-16
-7.55175622694e-16
-2.19031327922e-15
-3.41492896179e-15
-4.39165583223e-15
-5.12254880377e-15
-5.65278701327e-15
-6.06104632851e-15
-6.42231419462e-15
-6.78032468786e-15
-7.17227621969e-15
-7.55458831559e-15
9.89460626754e-15
1.01606888849e-14
1.04631351092e-14
1.0897605503e-14
1.11333650137e-14
1.15210256467e-14
1.19682468071e-14
1.24551753557e-14
1.26645215509e-14
1.28580159889e-14
1.30249457877e-14
1.31632421764e-14
1.32028529892e-14
1.32174028973e-14
1.31086806359e-14
1.29020750922e-14
1.27167776944e-14
1.2472805237e-14
1.21947191635e-14
1.20039251981e-14
1.18855986216e-14
1.1855426592e-14
1.18746775093e-14
1.19567273419e-14
1.20270733406e-14
1.21192889213e-14
1.22406194706e-14
1.23111717719e-14
1.22422908793e-14
1.20532839588e-14
1.16556523405e-14
1.10667355092e-14
1.02525503539e-14
9.20593337619e-15
7.95894109012e-15
6.53948672273e-15
5.0010705645e-15
3.39763680854e-15
1.807259175e-15
2.91264024275e-16
-1.07813441992e-15
-2.2428581347e-15
-3.16484636735e-15
-3.85468079415e-15
-4.35552686645e-15
-4.74417670135e-15
-5.08826660178e-15
-5.43091733144e-15
-5.80504712161e-15
-6.16996124345e-15
7.36488122111e-15
7.70122601709e-15
8.11690512033e-15
8.65981796484e-15
9.16790750732e-15
9.80612588049e-15
1.05372806044e-14
1.10841255468e-14
1.17048638082e-14
1.21302047688e-14
1.25007492365e-14
1.29047541194e-14
1.31069031426e-14
1.33259886065e-14
1.34014854515e-14
1.33756079295e-14
1.32428048025e-14
1.30397648443e-14
1.28007751024e-14
1.25805375145e-14
1.23577429269e-14
1.23528985689e-14
1.22173729875e-14
1.22104010795e-14
1.22614789125e-14
1.22978664106e-14
1.23702769565e-14
1.24009558471e-14
1.23227397233e-14
1.21282277182e-14
1.18199944185e-14
1.13067315326e-14
1.05905660239e-14
9.67039523537e-15
8.55003650092e-15
7.25539878626e-15
5.83717507274e-15
4.34105588179e-15
2.8479778438e-15
1.42084337623e-15
1.33644331295e-16
-9.55970255059e-16
-1.82041759387e-15
-2.45947510027e-15
-2.92350418683e-15
-3.28614294092e-15
-3.60903642304e-15
-3.92962895621e-15
-4.27822138813e-15
-4.61770483127e-15
4.72284885998e-15
5.14121148431e-15
5.69363921147e-15
6.34457129152e-15
7.03223265696e-15
7.87921898619e-15
8.88829323662e-15
9.80284810631e-15
1.06050087478e-14
1.13520745594e-14
1.2001859955e-14
1.27026342151e-14
1.3108444705e-14
1.34856284678e-14
1.3783037757e-14
1.38862363746e-14
1.38353224813e-14
1.37726828121e-14
1.35927886122e-14
1.34045721567e-14
1.31747541946e-14
1.30334328504e-14
1.28940732416e-14
1.27512569113e-14
1.26809038808e-14
1.26357196937e-14
1.2628020391e-14
1.25889395993e-14
1.25193283291e-14
1.23224720876e-14
1.20244804615e-14
1.1574742358e-14
1.09527306901e-14
1.01406694518e-14
9.15169763985e-15
7.97977874292e-15
6.68133842997e-15
5.30564467701e-15
3.92184011851e-15
2.59851178107e-15
1.40618028814e-15
3.96149933883e-16
-3.9570569125e-16
-9.78895591589e-16
-1.40356539752e-15
-1.73553199829e-15
-2.03226253542e-15
-2.3247229053e-15
-2.64091044422e-15
-2.94759663525e-15
2.00716652773e-15
2.51272152681e-15
3.18103865965e-15
4.0437321162e-15
4.958230633e-15
6.08911420373e-15
7.23103214998e-15
8.43681639079e-15
9.59021743636e-15
1.06341842512e-14
1.15160914683e-14
1.24414056261e-14
1.30933361966e-14
1.37240719871e-14
1.42250737409e-14
1.45469145451e-14
1.46250876034e-14
1.46684312576e-14
1.46084960076e-14
1.43983464415e-14
1.41811084718e-14
1.39814006489e-14
1.37672441513e-14
1.35402112057e-14
1.33664244819e-14
1.32392599367e-14
1.31023467446e-14
1.29873616196e-14
1.28225601054e-14
1.26180389694e-14
1.2339366461e-14
1.19180996573e-14
1.13420449102e-14
1.06257047472e-14
9.7232692195e-15
8.68456028043e-15
7.52093084277e-15
6.26817673295e-15
5.0030279792e-15
3.79839865576e-15
2.70525712477e-15
1.79079317649e-15
1.07311020634e-15
5.46685938522e-16
1.62434643967e-16
-1.36674536153e-16
-4.03222076339e-16
-6.62824316409e-16
-9.39178107684e-16
-1.20585146343e-15
-7.63881115686e-16
-1.70284738915e-16
6.1871380563e-16
1.65382731915e-15
2.77198661236e-15
4.12757959466e-15
5.57660090476e-15
7.02329365694e-15
8.49500963787e-15
9.87960202198e-15
1.10487054937e-14
1.22388632556e-14
1.32040998417e-14
1.40146823464e-14
1.47120103414e-14
1.52693896869e-14
1.55180139268e-14
1.56802576629e-14
1.56983264558e-14
1.55846265003e-14
1.5381865947e-14
1.5153591328e-14
1.4883975828e-14
1.45944538136e-14
1.42789806079e-14
1.40497286655e-14
1.3800904371e-14
1.35788693308e-14
1.33307937247e-14
1.30671751779e-14
1.27231944032e-14
1.23210509406e-14
1.1790203343e-14
1.11349618834e-14
1.03340157888e-14
9.40072431668e-15
8.34628413487e-15
7.21915759284e-15
6.07492738985e-15
4.98055021089e-15
3.99864739775e-15
3.17728137526e-15
2.53907698101e-15
2.07221455731e-15
1.73162264559e-15
1.46609940362e-15
1.23372872009e-15
1.01124039615e-15
7.79556036662e-16
5.59615943812e-16
-3.49900650972e-15
-2.8799263752e-15
-1.96163963853e-15
-7.73920262971e-16
6.05999784827e-16
2.22112323673e-15
3.90796131954e-15
5.64162466372e-15
7.42933375063e-15
9.09395114624e-15
1.0601640842e-14
1.20717948208e-14
1.33232803873e-14
1.43590001858e-14
1.52830810634e-14
1.6072387403e-14
1.6514903219e-14
1.68136359841e-14
1.69714287497e-14
1.69054715853e-14
1.67478212609e-14
1.65122779368e-14
1.62150376547e-14
1.58667499364e-14
1.54852665384e-14
1.51215859216e-14
1.47561410086e-14
1.43982231395e-14
1.40520086744e-14
1.36841364991e-14
1.32959986658e-14
1.28526437336e-14
1.23254337253e-14
1.17022993635e-14
1.09574911102e-14
1.01073201824e-14
9.15926597453e-15
8.14584801466e-15
7.12055441695e-15
6.13921490146e-15
5.26328110032e-15
4.53504786171e-15
3.97438450848e-15
3.5633763548e-15
3.26573869627e-15
3.03494367535e-15
2.8367807901e-15
2.65524881319e-15
2.47326425864e-15
2.30476086246e-15
-6.23989560904e-15
-5.5936742315e-15
-4.55458779416e-15
-3.18150517658e-15
-1.58520504704e-15
2.82983196301e-16
2.23676166365e-15
4.24210620006e-15
6.34850761401e-15
8.335969077e-15
1.01591694848e-14
1.18886252814e-14
1.34584593865e-14
1.47669726043e-14
1.59122798497e-14
1.6879138766e-14
1.75690659201e-14
1.80266631638e-14
1.82792264278e-14
1.83443549404e-14
1.82521528477e-14
1.80458180677e-14
1.77218014034e-14
1.73288056749e-14
1.68675660282e-14
1.63975403853e-14
1.59288165337e-14
1.54541289227e-14
1.49754581384e-14
1.45054415245e-14
1.4018965537e-14
1.35184731761e-14
1.29559441118e-14
1.23325575274e-14
1.16248214163e-14
1.08346141711e-14
9.96231680777e-15
9.04828357483e-15
8.12673947717e-15
7.25202049118e-15
6.47462380411e-15
5.83483411288e-15
5.34504442728e-15
4.98697553664e-15
4.72889728333e-15
4.53254557137e-15
4.37129923645e-15
4.23131947789e-15
4.10162927768e-15
3.98800791829e-15
-8.95996359381e-15
-8.26623667479e-15
-7.09182692015e-15
-5.56623320914e-15
-3.73290828523e-15
-1.6162572542e-15
5.78885922932e-16
2.87209515921e-15
5.3030148106e-15
7.60396664526e-15
9.73213332129e-15
1.17632410037e-14
1.36091330488e-14
1.52049828033e-14
1.65834289925e-14
1.77405637501e-14
1.86673082684e-14
1.93049668206e-14
1.97020402058e-14
1.98842980893e-14
1.98627843883e-14
1.96974960002e-14
1.93670686311e-14
1.8950344676e-14
1.84366701112e-14
1.78683110895e-14
1.73049543555e-14
1.67063232347e-14
1.61079335569e-14
1.55039566105e-14
1.49346373588e-14
1.43303022354e-14
1.37052826351e-14
1.30465878038e-14
1.233633358e-14
1.15713731662e-14
1.07599719848e-14
9.92054854866e-15
9.08645884493e-15
8.30395225749e-15
7.61542621703e-15
7.05431795886e-15
6.62651953775e-15
6.31420958639e-15
6.09217959123e-15
5.9289924557e-15
5.80378479544e-15
5.7066804193e-15
5.62994701137e-15
5.57254428822e-15
-1.16319684943e-14
-1.08993383027e-14
-9.62410852171e-15
-7.87545753906e-15
-5.82432892678e-15
-3.4680407386e-15
-1.05173419513e-15
1.53603136111e-15
4.24414536662e-15
6.88249818674e-15
9.342457412e-15
1.16487594081e-14
1.37741492273e-14
1.5659348557e-14
1.72726281831e-14
1.87010037062e-14
1.97905734802e-14
2.06269844737e-14
2.11622844473e-14
2.14804945285e-14
2.1547325702e-14
2.1442513999e-14
2.11231842115e-14
2.06797488201e-14
2.01455784272e-14
1.95107164604e-14
1.88451803727e-14
1.81305506218e-14
1.74109871345e-14
1.66902257573e-14
1.59814285394e-14
1.52676790041e-14
1.45610961538e-14
1.38349754104e-14
1.31024410685e-14
1.23378648697e-14
1.15552465795e-14
1.07690928871e-14
9.99896769882e-15
9.28927675224e-15
8.67373113731e-15
8.17536601005e-15
7.79942938625e-15
7.52614245357e-15
7.33493590816e-15
7.20139126934e-15
7.11069742349e-15
7.05466907473e-15
7.03005751107e-15
7.02799710447e-15
-1.42177249725e-14
-1.34342643083e-14
-1.20519522819e-14
-1.01365073881e-14
-7.85928698351e-15
-5.26498191828e-15
-2.59512719962e-15
2.62426646515e-16
3.26453661569e-15
6.20941670802e-15
8.93038513197e-15
1.15496283918e-14
1.39381264969e-14
1.61041165595e-14
1.79615384728e-14
1.9597021952e-14
2.09124291036e-14
2.19417354121e-14
2.26305594265e-14
2.30830780436e-14
2.32504419456e-14
2.31814520397e-14
2.29271851404e-14
2.24991206166e-14
2.19245881515e-14
2.12483316572e-14
2.04785775223e-14
1.96723782166e-14
1.88331992956e-14
1.79857181966e-14
1.71489691334e-14
1.63272985265e-14
1.55133708074e-14
1.47096904198e-14
1.39154443279e-14
1.31222215042e-14
1.23418663476e-14
1.15736724094e-14
1.08510916911e-14
1.01949267135e-14
9.63268543067e-15
9.18485935761e-15
8.84753902235e-15
8.60739337928e-15
8.43979799405e-15
8.33276414919e-15
8.2740346681e-15
8.25669779717e-15
8.28072703702e-15
8.33109699877e-15
-1.66949663856e-14
-1.58690733768e-14
-1.43824298293e-14
-1.22771710301e-14
-9.79933352728e-15
-6.98099006259e-15
-4.07140483495e-15
-9.49115023856e-16
2.31673170245e-15
5.55820555747e-15
8.58224772712e-15
1.14625150431e-14
1.41249622959e-14
1.65384709487e-14
1.86328048495e-14
2.04973955077e-14
2.20180952777e-14
2.32331905842e-14
2.40864145223e-14
2.46631501774e-14
2.49420299335e-14
2.49615987822e-14
2.47427635632e-14
2.43328559876e-14
2.37319340714e-14
2.2996885276e-14
2.2177758423e-14
2.12787738592e-14
2.03330693998e-14
1.93670725557e-14
1.8407996496e-14
1.74569663028e-14
1.65301089672e-14
1.5626708532e-14
1.47571849193e-14
1.39104990889e-14
1.31068407619e-14
1.23411316662e-14
1.16366926454e-14
1.10118093002e-14
1.04854398674e-14
1.00720478745e-14
9.76160882257e-15
9.54276540906e-15
9.39695104964e-15
9.31307277297e-15
9.28264132633e-15
9.29996718332e-15
9.36793137892e-15
9.46541352691e-15
-1.9031721944e-14
-1.81433992769e-14
-1.65490462065e-14
-1.43038144147e-14
-1.16340757484e-14
-8.60029960446e-15
-5.43056394435e-15
-2.04739120414e-15
1.46799776249e-15
4.96811591812e-15
8.23466280692e-15
1.13848089411e-14
1.43022163973e-14
1.69668466005e-14
1.92995703235e-14
2.13729463196e-14
2.30783615819e-14
2.4470921204e-14
2.54838471142e-14
2.61843433517e-14
2.65641479665e-14
2.66481429585e-14
2.64880347659e-14
2.60926339399e-14
2.55010560846e-14
2.47378021393e-14
2.38540996881e-14
2.28707729637e-14
2.18291600373e-14
2.07545490092e-14
1.96757686366e-14
1.86035139874e-14
1.7558840228e-14
1.65515674698e-14
1.55938274593e-14
1.46832424291e-14
1.38329303307e-14
1.30471469961e-14
1.23422845203e-14
1.17316163763e-14
1.12257367713e-14
1.08303956141e-14
1.05375305667e-14
1.03340662892e-14
1.02038985148e-14
1.01398768614e-14
1.01334900983e-14
1.01803362445e-14
1.02853779038e-14
1.04230958496e-14
-2.11931948325e-14
-2.02581455285e-14
-1.85637932777e-14
-1.61916065594e-14
-1.33438104475e-14
-1.01062032177e-14
-6.69451557211e-15
-3.0663934427e-15
6.72579443644e-16
4.39539348903e-15
7.92154187927e-15
1.13192019817e-14
1.44679577483e-14
1.7368478738e-14
1.99236774283e-14
2.21824821272e-14
2.40774949908e-14
2.56269863941e-14
2.6787617249e-14
2.76110630287e-14
2.80891996009e-14
2.82513763166e-14
2.81319744821e-14
2.77630958463e-14
2.71660456915e-14
2.63790577922e-14
2.54414955314e-14
2.43885129239e-14
2.32572634057e-14
2.20800996991e-14
2.08833050657e-14
1.96992842099e-14
1.85407776576e-14
1.74273906604e-14
1.63750209005e-14
1.53937783375e-14
1.44896560061e-14
1.36726316032e-14
1.29536097511e-14
1.23425665987e-14
1.18440047341e-14
1.14580000131e-14
1.11749458311e-14
1.09812853968e-14
1.08643316198e-14
1.08154363423e-14
1.08289791063e-14
1.08994573979e-14
1.10335052546e-14
1.12032216508e-14
-2.31554908721e-14
-2.21690977395e-14
-2.03841275612e-14
-1.78794434451e-14
-1.48761614497e-14
-1.14634107841e-14
-7.83512504697e-15
-3.98038460361e-15
-3.89855147521e-17
3.89322407439e-15
7.64158430075e-15
1.12660144398e-14
1.46306797917e-14
1.77382395413e-14
2.04907191084e-14
2.29196136054e-14
2.49836519655e-14
2.66808760097e-14
2.79790953922e-14
2.89075618619e-14
2.94749173711e-14
2.97062862044e-14
2.96175765369e-14
2.92800953085e-14
2.8676655827e-14
2.78659445244e-14
2.68781686966e-14
2.5759124904e-14
2.45446003316e-14
2.32733868135e-14
2.19751974367e-14
2.06815384758e-14
1.94175999182e-14
1.82056994354e-14
1.70663192644e-14
1.60105196153e-14
1.50524677036e-14
1.41992355357e-14
1.34593268467e-14
1.28410440003e-14
1.23424806996e-14
1.19593910363e-14
1.16816226336e-14
1.14944685367e-14
1.13858735365e-14
1.13490805594e-14
1.13766621469e-14
1.14636619797e-14
1.16186826021e-14
1.18111828167e-14
-2.48614737343e-14
-2.38289153933e-14
-2.19676549716e-14
-1.93506736882e-14
-1.62099562329e-14
-1.26384579651e-14
-8.82245890858e-15
-4.78722955495e-15
-6.52589046495e-16
3.45738585787e-15
7.40403306982e-15
1.12239117541e-14
1.47705383603e-14
1.80645194893e-14
2.09877328679e-14
2.35739683304e-14
2.57774409901e-14
2.76030956393e-14
2.90112146259e-14
3.00344116648e-14
3.06734298953e-14
3.0951131178e-14
3.09119679617e-14
3.05788959381e-14
2.99687759013e-14
2.91295721656e-14
2.81056110764e-14
2.69238584548e-14
2.56350273088e-14
2.42821028807e-14
2.28896069709e-14
2.15042290971e-14
2.01471575497e-14
1.88474167501e-14
1.76295405167e-14
1.65090121447e-14
1.55000980136e-14
1.46130134338e-14
1.38548260128e-14
1.32270385342e-14
1.27254900912e-14
1.23417586023e-14
1.20661656418e-14
1.18826179169e-14
1.17799375351e-14
1.17514074775e-14
1.17882042455e-14
1.18856203266e-14
1.2052328327e-14
1.2257665131e-14
-2.62682954053e-14
-2.51907404415e-14
-2.32756198929e-14
-2.0559057618e-14
-1.7296249772e-14
-1.36018567181e-14
-9.63394048281e-15
-5.43745185101e-15
-1.1621530843e-15
3.10404748582e-15
7.21642808617e-15
1.11906979417e-14
1.48971534433e-14
1.83288334709e-14
2.13991814832e-14
2.41102572972e-14
2.64328943584e-14
2.8352345318e-14
2.98582498633e-14
3.0952798717e-14
3.1646934517e-14
3.19690448016e-14
3.19535868591e-14
3.16258822852e-14
3.10097045032e-14
3.01503782323e-14
2.90830597515e-14
2.78493015038e-14
2.65017802846e-14
2.50765062002e-14
2.36089519391e-14
2.21437174608e-14
2.0709367494e-14
1.93390779639e-14
1.80581167237e-14
1.68870043156e-14
1.58390886471e-14
1.49237544301e-14
1.41480806215e-14
1.35106282539e-14
1.30042865431e-14
1.26193880138e-14
1.2342699444e-14
1.21608362854e-14
1.20616127727e-14
1.20372009058e-14
1.20781745052e-14
1.21790973907e-14
1.23484245633e-14
1.25567006004e-14
-2.73444675178e-14
-2.62398835255e-14
-2.42646548461e-14
-2.14820215113e-14
-1.81364390794e-14
-1.43403975375e-14
-1.02466909777e-14
-5.9414780239e-15
-1.54031824948e-15
2.84285462021e-15
7.07882822466e-15
1.11732670941e-14
1.49968438075e-14
1.85414494888e-14
2.17159113881e-14
2.45279560928e-14
2.69351814054e-14
2.89314345434e-14
3.05011625479e-14
3.16483195274e-14
3.23875341196e-14
3.27456840333e-14
3.27411351704e-14
3.24167374636e-14
3.17948900233e-14
3.09114083881e-14
2.98129843744e-14
2.85405004465e-14
2.7142868313e-14
2.56607632179e-14
2.41368538803e-14
2.26116119913e-14
2.1120999898e-14
1.96983758977e-14
1.83707184866e-14
1.71601906405e-14
1.60785941678e-14
1.51432850978e-14
1.43520817654e-14
1.37038920696e-14
1.31913235801e-14
1.28028267982e-14
1.25244164515e-14
1.23425708572e-14
1.22445687088e-14
1.22213817565e-14
1.22621274455e-14
1.2360590065e-14
1.25242328808e-14
1.27253887125e-14
-2.80998729988e-14
-2.69707006075e-14
-2.4962297915e-14
-2.21288670065e-14
-1.87205654326e-14
-1.48483911669e-14
-1.06784218109e-14
-6.2856133539e-15
-1.80612427437e-15
2.66525569461e-15
6.99153167185e-15
1.11684125421e-14
1.50751165848e-14
1.86992058588e-14
2.19499384756e-14
2.48299562845e-14
2.72981095479e-14
2.93512787237e-14
3.09663010102e-14
3.21546538919e-14
3.29224104679e-14
3.33034916589e-14
3.33105272322e-14
3.29885278417e-14
3.23581440116e-14
3.14604677622e-14
3.0341790084e-14
2.90419703831e-14
2.76084997642e-14
2.60880739187e-14
2.4521800729e-14
2.29527333219e-14
2.14190337271e-14
1.99565245535e-14
1.85922580108e-14
1.73505545098e-14
1.62455230414e-14
1.52888372451e-14
1.44823976965e-14
1.38215100075e-14
1.3299921816e-14
1.29053029237e-14
1.26234361345e-14
1.24404669108e-14
1.23425036913e-14
1.23182080415e-14
1.23565854799e-14
1.244851513e-14
1.25988605258e-14
1.2783304511e-14
-2.86116312714e-14
-2.746553587e-14
-2.54320308929e-14
-2.25639105533e-14
-1.91141688801e-14
-1.51973684716e-14
-1.09661104898e-14
-6.51947057985e-15
-1.98096018219e-15
2.54668357027e-15
6.93728208198e-15
1.11738691375e-14
1.51393867215e-14
1.88166272535e-14
2.21223858995e-14
2.50508103299e-14
2.75647524523e-14
2.96557988688e-14
3.13084877854e-14
3.25277129036e-14
3.33215507991e-14
3.37203812623e-14
3.37403862514e-14
3.34221533667e-14
3.27894734098e-14
3.18855923342e-14
3.07495613795e-14
2.94311985287e-14
2.7972369288e-14
2.64212659097e-14
2.48214314515e-14
2.32182831524e-14
2.16501042746e-14
2.01525001264e-14
1.87557946713e-14
1.74837871495e-14
1.6352530321e-14
1.53724397354e-14
1.45457519181e-14
1.38699726909e-14
1.33367650754e-14
1.29338082787e-14
1.26478920938e-14
1.24638113049e-14
1.23667719766e-14
1.2342492732e-14
1.23779522732e-14
1.24614825436e-14
1.25935418634e-14
1.27529254044e-14
-2.89843773766e-14
-2.78273203251e-14
-2.57755216967e-14
-2.28815162428e-14
-1.94033157858e-14
-1.54510311541e-14
-1.11791030476e-14
-6.68892680916e-15
-2.11011774086e-15
2.46322925776e-15
6.9024063332e-15
1.11836994775e-14
1.51935419568e-14
1.89141431437e-14
2.22648466219e-14
2.52343456268e-14
2.77850020247e-14
2.99123828012e-14
3.15936692207e-14
3.28404218633e-14
3.36581939087e-14
3.40753405411e-14
3.4108887858e-14
3.37968072891e-14
3.31651132605e-14
3.22572984161e-14
3.11111568282e-14
2.97756601941e-14
2.8295811928e-14
2.67186193765e-14
2.50884252306e-14
2.34511039428e-14
2.18481974285e-14
2.03135459275e-14
1.88807120718e-14
1.75742922756e-14
1.64111896904e-14
1.54027482632e-14
1.45519406392e-14
1.38564769127e-14
1.33088882605e-14
1.2897158844e-14
1.26070356121e-14
1.24230459744e-14
1.23284427418e-14
1.23070382837e-14
1.23424856918e-14
1.24193617904e-14
1.25316135194e-14
1.26601343989e-14
-2.93058275369e-14
-2.81388481611e-14
-2.60719231458e-14
-2.31577163833e-14
-1.96544192067e-14
-1.56712651462e-14
-1.13641954757e-14
-6.83794262362e-15
-2.22111034381e-15
2.39131429447e-15
6.87338725981e-15
1.11959105553e-14
1.52466239346e-14
1.90070957919e-14
2.23988726036e-14
2.54067571077e-14
2.79929965244e-14
3.01557369414e-14
3.18665523851e-14
3.31414670518e-14
3.39833039615e-14
3.44200840039e-14
3.44682014322e-14
3.41648206884e-14
3.35351286091e-14
3.26235040142e-14
3.14692348144e-14
3.01185233311e-14
2.8616490519e-14
2.70115046585e-14
2.53482751913e-14
2.36736089962e-14
2.20294610091e-14
2.04534057779e-14
1.89779183734e-14
1.7630228428e-14
1.64284383685e-14
1.53853567459e-14
1.45050827748e-14
1.37860171508e-14
1.32217683863e-14
1.27997591794e-14
1.25061477223e-14
1.23245988214e-14
1.22365030766e-14
1.22234965508e-14
1.22655906272e-14
1.23424637081e-14
1.24390725364e-14
1.25357002837e-14
-2.96320911889e-14
-2.8455839195e-14
-2.63737829319e-14
-2.34382254474e-14
-1.99090193286e-14
-1.58947957263e-14
-1.15533464419e-14
-6.98927114632e-15
-2.33438845237e-15
2.31842891707e-15
6.84423420982e-15
1.12098546629e-14
1.5304259517e-14
1.91068266249e-14
2.25417129817e-14
2.55912121047e-14
2.82162971832e-14
3.04158143442e-14
3.21612661927e-14
3.34666623795e-14
3.43360852903e-14
3.47945147022e-14
3.48591959755e-14
3.45659014518e-14
3.39405550013e-14
3.3026263814e-14
3.18612965674e-14
3.0492760883e-14
2.8965308853e-14
2.73276471399e-14
2.56246987583e-14
2.39052143086e-14
2.22113926917e-14
2.05830600329e-14
1.90545128959e-14
1.76547693554e-14
1.6404340895e-14
1.53173597016e-14
1.44000452085e-14
1.36520296492e-14
1.30667556304e-14
1.26330515391e-14
1.23367853039e-14
1.21609059845e-14
1.2086135781e-14
1.20914220026e-14
1.21533188085e-14
1.22458300616e-14
1.2342450702e-14
1.24165655282e-14
-2.99362095295e-14
-2.87511533212e-14
-2.66553640061e-14
-2.36996877316e-14
-2.01459079495e-14
-1.61038481666e-14
-1.17301494953e-14
-7.1314181122e-15
-2.44030625696e-15
2.25109373201e-15
6.81732619798e-15
1.12234268617e-14
1.53585556551e-14
1.92025131401e-14
2.26782547369e-14
2.57674573256e-14
2.8430633207e-14
3.06660950766e-14
3.24448386112e-14
3.37810687763e-14
3.46766136111e-14
3.51572235333e-14
3.52385294306e-14
3.49560176579e-14
3.43351566899e-14
3.34184972028e-14
3.2243693765e-14
3.08576601792e-14
2.93048052114e-14
2.76342308039e-14
2.5891359637e-14
2.41251839215e-14
2.23798599279e-14
2.06966661175e-14
1.9111950496e-14
1.7656770977e-14
1.63539753346e-14
1.52198777886e-14
1.42623398664e-14
1.34823339116e-14
1.28742746581e-14
1.24276668996e-14
1.21284858662e-14
1.19596984306e-14
1.19016988962e-14
1.19320186037e-14
1.202478455e-14
1.21491990763e-14
1.22683343284e-14
1.23424499513e-14
)
;

boundaryField
{
    side_walls
    {
        type            zeroGradient;
    }
    inlet
    {
        type            cyclic;
    }
    outlet
    {
        type            cyclic;
    }
    side_left
    {
        type            symmetryPlane;
    }
    side_bottom
    {
        type            symmetryPlane;
    }
}


// ************************************************************************* //
