/*--------------------------------*- C++ -*----------------------------------*\
| =========                 |                                                 |
| \\      /  F ield         | OpenFOAM: The Open Source CFD Toolbox           |
|  \\    /   O peration     | Version:  3.0.1                                 |
|   \\  /    A nd           | Web:      www.OpenFOAM.org                      |
|    \\/     M anipulation  |                                                 |
\*---------------------------------------------------------------------------*/
FoamFile
{
    version     2.0;
    format      ascii;
    class       volScalarField;
    location    "50000";
    object      k;
}
// * * * * * * * * * * * * * * * * * * * * * * * * * * * * * * * * * * * * * //

dimensions      [0 2 -2 0 0 0 0];

internalField   nonuniform List<scalar> 
2500
(
0.000909063202466
0.000927316082908
0.000960474300897
0.00100510466235
0.00105808551015
0.00111681318623
0.00117925282626
0.00124389608137
0.00130967763327
0.00137588220043
0.0014420576693
0.00150794037664
0.00157339375053
0.00163835945853
0.00170281951737
0.00176676771258
0.00183018877746
0.00189304392622
0.00195526146681
0.00201673132485
0.00207730239704
0.00213678172864
0.00219493457965
0.00225148450667
0.00230611263431
0.00235845530842
0.00240809929449
0.00245457358495
0.00249733667389
0.00253575780238
0.00256909010224
0.0025964326675
0.00261667720285
0.00262843279828
0.00262991921313
0.00261881437495
0.00259203521593
0.00254542283662
0.00247329692245
0.00236785564035
0.00221847984188
0.00201132809693
0.00173068089033
0.00136632771391
0.000935101759495
0.000511824246247
0.000205667469677
5.50094605273e-05
9.20869721408e-06
1.37483541577e-05
0.000927315118061
0.000945566802549
0.000978722445288
0.00102334439289
0.00107629964236
0.00113496668636
0.00119728874363
0.00126173454166
0.0013272176258
0.00139300554364
0.0014586344743
0.00152383536491
0.00158847284299
0.00165249612303
0.00171590044259
0.00177869747174
0.00184089325431
0.00190247239135
0.00196338730525
0.00202355151649
0.00208283593034
0.00214106718095
0.00219802712215
0.00225345259073
0.00230703459372
0.00235841607483
0.00240718737827
0.00245287842657
0.00249494642679
0.00253275757087
0.00256556062842
0.00259244944133
0.00261230995923
0.00262374536426
0.00262496967966
0.00261365559522
0.00258671568777
0.00253998813883
0.00246779210875
0.00236232949809
0.00221299302063
0.00200596938329
0.00172559951115
0.00136178809487
0.000931521013819
0.000509596685571
0.00020470202785
5.47452879499e-05
9.16700676765e-06
1.37017614082e-05
0.00096047176266
0.000978720867125
0.00101187240498
0.00105648276422
0.00110940071168
0.00116797442007
0.00123010871499
0.00129423117846
0.00135921645437
0.00142429943497
0.00148899274797
0.00155301464768
0.00161622867025
0.00167859437672
0.00174012784226
0.00180087048291
0.00186086495206
0.00192013700818
0.00197868238724
0.00203645779373
0.0020933751607
0.00214929833873
0.00220404136909
0.00225736748624
0.00230898797968
0.00235856001747
0.00240568247658
0.00244988871477
0.00249063501733
0.00252728311167
0.00255907458886
0.00258509419838
0.00260421762961
0.00261503732262
0.00261575671902
0.00260403873428
0.00257678773216
0.002529836313
0.00245750251392
0.00235199509887
0.00220272892514
0.00199594343953
0.00171609295834
0.00135329802537
0.00092482918457
0.000505437951724
0.00020290100532
5.42526148136e-05
9.0892309465e-06
1.36146659851e-05
0.00100510033768
0.00102334101359
0.00105648094798
0.00110107397613
0.00115395018769
0.00121242209014
0.00127434644368
0.00133809707054
0.00140249574612
0.00146673086813
0.00153027905444
0.00159283578494
0.00165425653726
0.00171450784788
0.00177362708118
0.00183168965007
0.00188878260631
0.00194498371842
0.00200034530574
0.00205488217738
0.00210856304208
0.0021613047265
0.00221296848351
0.00226335760449
0.00231221547799
0.00235922315984
0.00240399542598
0.00244607414493
0.0024849175973
0.00251988403182
0.00255020720637
0.00257496080899
0.00259300732448
0.00260292486883
0.00260290241539
0.00259058925411
0.00256287810419
0.00251559348487
0.0024430515628
0.0023374704954
0.00218829617565
0.00198184243815
0.00170272375573
0.00134136494124
0.000915434605348
0.000499608877412
0.00020037969948
5.35632103533e-05
8.98034428691e-06
1.34923495101e-05
0.00105807949927
0.00107629454928
0.00110939714519
0.00115394841237
0.00120676703078
0.00126513259098
0.00132685165933
0.00139023791331
0.0014540506801
0.00151742026656
0.00157977481168
0.00164077473334
0.00170025628817
0.00175818376791
0.00181460921642
0.00186963853392
0.00192340304285
0.00197603582853
0.00202765235135
0.00207833492866
0.00212812070405
0.0021769926735
0.00222487324369
0.00227161967544
0.00231702063131
0.00236079290654
0.00240257727305
0.00244193218929
0.002478323892
0.00251111103739
0.002539521522
0.00256261827572
0.00257924951528
0.00258797693612
0.00258697226571
0.00257386808093
0.00254554247439
0.00249780953823
0.00242498266392
0.00231929137344
0.00217022027294
0.00196417674262
0.00168597701562
0.0013264281847
0.00090369362074
0.000492339308976
0.000197240392483
5.27053206509e-05
8.84475669634e-06
1.33394032079e-05
0.00111680577982
0.00113496015697
0.00116796935808
0.00121241876602
0.00126513101176
0.00132336377678
0.00138487898331
0.00144793028339
0.00151120989442
0.00157378151506
0.0016350134532
0.00169451792018
0.00175209805239
0.00180770225689
0.00186138483937
0.00191327186291
0.00196353141744
0.00201234775496
0.00205989897055
0.0021063380497
0.00215177714798
0.00219627493101
0.00223982669468
0.00228235682924
0.00232371300366
0.00236366124266
0.00240188085168
0.00243795790677
0.00247137573965
0.00250150046747
0.00252755906531
0.00254860664499
0.00256347831912
0.00257071905244
0.00256848189803
0.00255438057081
0.00252527612089
0.0024769700936
0.00240377209634
0.00229792450129
0.00214895725393
0.00194338832793
0.00166627297315
0.0013088696373
0.000889918046337
0.000483831914208
0.000193573707707
5.1704009615e-05
8.68637130469e-06
1.31598225415e-05
0.00117924439672
0.00119728113864
0.0012301024976
0.00127434188447
0.00132684878508
0.0013848776576
0.0014461585903
0.00150889173029
0.00157170274757
0.00163358404498
0.00169383504275
0.00175200728661
0.00180785595413
0.00186129741764
0.00191237187671
0.00196121005578
0.00200800320012
0.00205297590307
0.00209636156127
0.00213838044046
0.00217922042534
0.00221902052434
0.00225785711157
0.0022957327282
0.00233256705114
0.0023681893834
0.00240233173874
0.00243462128263
0.00246457053672
0.00249156331526
0.00251483377129
0.00253343507773
0.00254619298731
0.00255163756461
0.0025479034296
0.00253258449218
0.00250252311614
0.00245350655776
0.00237983964025
0.00227377869431
0.00212490474052
0.00191986160259
0.0016439771114
0.00128902239187
0.000874381395884
0.000474265500601
0.000189459851731
5.058147871e-05
8.50863751107e-06
1.29570858374e-05
0.00124388700777
0.00126172623092
0.00129422415893
0.00133809160761
0.00139023405028
0.00144792791144
0.00150889065667
0.00157128140929
0.00163366510566
0.00169496250289
0.00175439834148
0.00181145310695
0.0018658199486
0.00191736646961
0.00196610045094
0.00201213853017
0.00205567708249
0.00209696485718
0.00213627721286
0.00217389202121
0.00221006745101
0.0022450218938
0.00227891624995
0.00231183866405
0.00234379159208
0.00237468081089
0.00240430565421
0.00243234938449
0.00245836817872
0.0024817766914
0.00250182750115
0.00251758084773
0.00252785976334
0.00253118375896
0.00252567131352
0.0025088971421
0.00247768434239
0.00242780474602
0.00235355757658
0.00224721400188
0.00209841113079
0.00189393237903
0.00161940856427
0.00126717801179
0.000857324205627
0.000463797964936
0.000184969766548
4.93573694617e-05
8.31460030454e-06
1.27342212904e-05
0.00130966825856
0.00132720894587
0.00135920895736
0.00140248968784
0.00145404611733
0.00151120674407
0.00157170084606
0.00163366425535
0.00169561200929
0.00175639744108
0.00181516875593
0.0018713281204
0.00192449477026
0.00197447190588
0.0020212164906
0.00206481099378
0.00210543631662
0.00214334543336
0.00217883757782
0.00221223305995
0.00224384898286
0.00227397623618
0.00230285815844
0.00233067118799
0.00235750765716
0.00238336063241
0.00240811036877
0.00243151153361
0.00245317985984
0.00247257629422
0.00248898596486
0.00250148831781
0.00250891341581
0.00250977742753
0.00250218744266
0.00248370155492
0.00245112445011
0.00240021231456
0.00232525838478
0.0022185495089
0.0020697833606
0.00186589542624
0.00159284719822
0.00124359269389
0.000838958636874
0.000452568927341
0.000180166194561
4.80490473665e-05
8.1069459656e-06
1.24938648102e-05
0.00137587281212
0.00139299677843
0.00142429173721
0.00146672448067
0.00151741525679
0.00157377782372
0.00163358153652
0.00169496100621
0.00175639677751
0.00181668353648
0.00187489541517
0.00193035288331
0.001982592634
0.0020313402838
0.00207648506521
0.00211805557944
0.00215619583178
0.00219114103675
0.00222319296822
0.00225269489424
0.00228000635232
0.00230547817273
0.00232942823439
0.00235211843167
0.00237373323129
0.00239436000143
0.00241397099297
0.00243240644304
0.00244935774545
0.00246434897607
0.00247671423678
0.00248556721499
0.00248975791619
0.00248780950522
0.00247782528615
0.00245735171291
0.00242317778327
0.00237104511769
0.0022952413218
0.00218806998286
0.00203929349424
0.00183601087011
0.00156453961954
0.00121849252826
0.000819472462064
0.000440702073301
0.000175104651548
4.6671864318e-05
7.88804392117e-06
1.22383101258e-05
0.00144204849453
0.00145862584998
0.00148898507288
0.00153027255592
0.00157976956519
0.00163500942124
0.00169383211643
0.00175439637543
0.00181516759338
0.00187489490367
0.00193258526744
0.00198747841035
0.00203902385931
0.00208685993897
0.00213079397876
0.00217078283652
0.0022069129499
0.00223937934846
0.0022684633217
0.00229450869622
0.00231789690353
0.00233902120419
0.00235826055916
0.00237595369685
0.00239237389894
0.00240770490628
0.00242201811189
0.0024352508452
0.00244718504226
0.00245742491899
0.00246537138165
0.00247018975578
0.00247076587749
0.00246564348083
0.00245293285856
0.00243017665483
0.0023941532526
0.00234059254138
0.00226377798791
0.00215603150927
0.00200718430925
0.0018045096136
0.00153470426786
0.00119207798065
0.000799032501838
0.000428307216286
0.00016983430226
4.52393969363e-05
7.65998450028e-06
1.19695520487e-05
0.00150793158509
0.00152382705251
0.00155300716744
0.00159282934701
0.00164076941887
0.00169451371113
0.00175200409908
0.00181145082031
0.00187132659919
0.00193035199195
0.00198747802177
0.00204186914292
0.00209288756336
0.00214007880287
0.00218315781437
0.00222199482736
0.00225660012516
0.00228710713746
0.00231375345295
0.00233685959285
0.00235680561165
0.00237400578945
0.002388881839
0.00240183515761
0.00241321869563
0.00242330897132
0.00243227861359
0.00244016953305
0.00244686637599
0.00245206927004
0.00245526397777
0.00245568636878
0.00245227649651
0.00244361535464
0.00242783434832
0.00240248337412
0.00236433811368
0.00230912182717
0.00223111693805
0.00212266620635
0.00197367398589
0.0017715978945
0.00150353570767
0.00116452768635
0.000777787562434
0.000415482091615
0.000164398735638
4.37636591503e-05
7.42461244162e-06
1.16893235565e-05
0.00157338546088
0.00158846496453
0.0016162215114
0.00165425028999
0.00170025103704
0.00175209379641
0.00180785263236
0.00186581746376
0.00192449300748
0.0019825914742
0.00203902318775
0.00209288727454
0.00214346315195
0.00219020267369
0.00223272233217
0.00227079474168
0.00230433863059
0.00233340668389
0.00235817075111
0.00237890413681
0.00239596089824
0.00240975227238
0.00242072052878
0.00242931068458
0.00243594061014
0.00244097008116
0.00244466927101
0.00244718699372
0.00244851866039
0.00244847334933
0.00244663854896
0.00244233993276
0.00243459185714
0.00242203197923
0.00240283025699
0.00237455839698
0.00233400058898
0.00227688137349
0.002197487366
0.00208818607582
0.00193895997666
0.00173746106479
0.0014712082
0.00113600162346
0.000755870913833
0.000402313893618
0.000158836639671
4.22552884607e-05
7.1835561411e-06
1.13991272663e-05
0.00163835174626
0.00165248875886
0.00167858762683
0.00171450188569
0.00175817867932
0.00180769805529
0.00186129406271
0.00191736388576
0.00197446999778
0.00203133894835
0.00208685907355
0.00214007831064
0.00219020246656
0.00223659373013
0.00227876888316
0.00231639650547
0.00234929243548
0.00237741280449
0.00240084408091
0.00241978971772
0.00243455317369
0.00244551726196
0.00245311995422
0.0024578269245
0.0024601012403
0.00246037068671
0.00245899321844
0.00245622094487
0.00245216281682
0.00244674573968
0.00243967310421
0.00243037860318
0.00241797156137
0.00240116768407
0.00237819592709
0.00234666792991
0.00230339125625
0.00224410297672
0.0021631018614
0.00205278601893
0.00190322210494
0.00170226665117
0.00143787861539
0.00110664371848
0.000733402343776
0.000388880569936
0.000153182378503
4.07237062163e-05
6.93825274784e-06
1.11002618308e-05
0.00170281242256
0.00171589363879
0.00174012155662
0.00177362146876
0.00181460436258
0.00186138076915
0.00191236856781
0.00196609784743
0.00202121451543
0.0020764836305
0.00213079299372
0.00218315719071
0.00223272198764
0.00227876874354
0.0023207183197
0.00235813384914
0.00239072167549
0.00241832977734
0.00244094305435
0.00245867495538
0.00247175506472
0.00248051241808
0.00248535448185
0.00248674188535
0.00248515913405
0.00248108163914
0.00247493945754
0.00246707812049
0.00245771679421
0.0024469037003
0.00243446813467
0.00241996744096
0.00240262576496
0.00238125915432
0.00235417836766
0.00231905646889
0.00227274311034
0.00221100295101
0.00212815821328
0.0020166460221
0.00186662491872
0.0016661667359
0.00140368873295
0.00107658392678
0.000710489819019
0.000375251888292
0.000147466476387
3.91772529128e-05
6.68996930944e-06
1.07938437812e-05
0.00176676124719
0.00177869124696
0.00180086469068
0.00183168442777
0.00186963396471
0.00191326798079
0.0019612068537
0.0020121359696
0.00206480901434
0.00211805410764
0.00217078179292
0.00222199413209
0.00227079431831
0.00231639628356
0.00235813376566
0.00239546825115
0.00242799515945
0.00245544760393
0.00247769707191
0.00249475041182
0.00250674260105
0.00251392488371
0.00251664800376
0.00251534040168
0.00251048138073
0.00250256936761
0.00249208547738
0.00247945262399
0.00246499035943
0.00244886542154
0.00243103753209
0.00241119918307
0.00238870680536
0.00236249861303
0.00233099132892
0.00229194377229
0.0022422701938
0.00217778204229
0.0020928402076
0.00197993249019
0.00182931930229
0.00162929967762
0.00136876695431
0.00104593981957
0.000687230780505
0.000361490291017
0.000141716013989
3.76232998876e-05
6.43982021757e-06
1.04808253314e-05
0.00183018293193
0.00184088760595
0.00186085966178
0.00188877779484
0.00192339878986
0.00196352776332
0.00200800015022
0.00205567461326
0.00210543438264
0.00215619437279
0.00220691189728
0.00225659940721
0.0023043381767
0.00234929217903
0.00239072155577
0.00242799512272
0.00246060133314
0.00248815707231
0.00251041362006
0.0025272591083
0.00253871682857
0.00254493881019
0.00254619418593
0.00254285197892
0.00253535806726
0.00252420619769
0.00250990301193
0.00249292710204
0.0024736820971
0.00245244366063
0.00242929996669
0.00240408460148
0.00237629972105
0.00234502544704
0.00230880863402
0.0022655201219
0.00221216468691
0.00214462403198
0.00205731733966
0.00194279867998
0.00179144332585
0.00159179117254
0.00133322944725
0.00101481769968
0.000663713095319
0.000347651552404
0.000135954943192
3.60683390191e-05
6.18878123831e-06
1.01620086653e-05
0.00189303867524
0.00190246730096
0.00192013221253
0.00194497932298
0.0019760319085
0.00201234435474
0.00205297303772
0.00209696251567
0.00214334358328
0.00219113962988
0.00223937832625
0.00228710643612
0.00233340623853
0.00237741255238
0.00241832966017
0.00245544756924
0.00248815707435
0.00251596304539
0.00253849530009
0.00255551636458
0.00256692539434
0.00257275753582
0.00257317805323
0.00256847062068
0.00255901927331
0.0025452836083
0.0025277669092
0.00250697692006
0.00248337899657
0.00245734127799
0.00242907129785
0.00239854297836
0.00236541206564
0.00232891651607
0.00228775584947
0.00223993983486
0.00218259235506
0.00211169291178
0.00202174333834
0.00190538416014
0.0017531222896
0.00155375463765
0.00129718071906
0.000983313259786
0.000640015684145
0.000333785253032
0.000130204326588
3.45180521099e-05
5.93770042369e-06
9.83805723243e-06
0.00195525677425
0.00196338274318
0.00197867806723
0.00200034131957
0.00202764876908
0.00205989583866
0.00209635890194
0.00213627502513
0.0021788358404
0.00222319164352
0.0022684623605
0.00231375279893
0.00235817034503
0.00240084386395
0.00244094297066
0.00247769707044
0.00251041365563
0.00253849533396
0.00256145499419
0.00257892842595
0.00259068362952
0.00259662599783
0.00259679853656
0.00259137630766
0.00258065433106
0.00256502824168
0.00254496705844
0.00252097745732
0.0024935589319
0.00246314914565
0.00243005858947
0.00239439327777
0.00235596351148
0.00231417548818
0.00226790046429
0.00221531304646
0.00215368627389
0.00207912850647
0.00198625337954
0.00186781319935
0.00171446789568
0.00151529087839
0.00126071360658
0.000951511788272
0.000616208839522
0.000319935084332
0.000124482507797
3.29773616532e-05
5.68730620732e-06
9.50950460336e-06
0.00201672714799
0.00202354744588
0.00203645392228
0.00205487858483
0.00207833167967
0.00210633519114
0.00213837799942
0.00217389000453
0.0022122314555
0.0022526936737
0.00229450781877
0.00233685900924
0.00237890379326
0.00241978955933
0.0024586749289
0.00249475046768
0.00252725920198
0.00255551645742
0.00257892848548
0.00259700924221
0.0026093945664
0.00261585289616
0.00261629158135
0.0026107578027
0.00259943309641
0.00258262049452
0.00256072330962
0.00253421459513
0.00250359627546
0.0024693468373
0.0024318562729
0.00239134661523
0.00234777580804
0.00230072164444
0.00224924084822
0.00219169586014
0.00212553879381
0.00204704043049
0.00195095985342
0.00183019196265
0.00167557645898
0.00147648698556
0.00122390865751
0.000919487921815
0.000592354247861
0.000306138996132
0.000118805218723
3.1450464688e-05
5.43821299431e-06
9.17676147647e-06
0.00207729868996
0.00208283231038
0.00209337170566
0.00210855982132
0.00212811777679
0.00215177456026
0.00217921820725
0.00221006561514
0.00224384752444
0.00228000525088
0.00231789612574
0.00235680511479
0.0023959606338
0.00243455309069
0.00247175511258
0.00250674273181
0.0025387169985
0.00256692556493
0.00259068376804
0.0026093946461
0.00262256719245
0.00262983200107
0.0026309533177
0.00262583639297
0.00261452894836
0.00259721550804
0.00257420330764
0.00254589844239
0.00251277083415
0.00247530644933
0.00243394495492
0.00238900062118
0.00234056370556
0.00228837868274
0.00223169436358
0.0021690790534
0.00209819176682
0.00201550028986
0.00191594654813
0.00179260437913
0.00163652604806
0.00143741438912
0.00118683286702
0.000887304939215
0.000568504727339
0.000292429200012
0.000113185629952
2.99408514935e-05
5.19092457124e-06
8.84012149726e-06
0.0021367784449
0.00214106396954
0.00214929526536
0.00216130185177
0.00217699005139
0.00219627260585
0.00221901852769
0.00224502024223
0.00227397493061
0.0023054771992
0.00233902053593
0.00237400538971
0.00240975209767
0.0024455172652
0.00248051255146
0.00251392510102
0.0025449390686
0.00257275779708
0.00259662622904
0.00261585307005
0.00262983209606
0.00263806183039
0.00264016263099
0.0026358900469
0.00262514313869
0.0026079663169
0.0025845431303
0.00255518031401
0.00252028025886
0.00248029985117
0.00243569331899
0.00238683626923
0.00233392747415
0.00227686411915
0.00221508510559
0.00214737563221
0.00207162513907
0.00198453208478
0.0018812611237
0.00175510653461
0.00159737243019
0.00139812598227
0.00114953772547
0.000855013588946
0.000544703694749
0.000278832042208
0.000107634350894
2.84513109746e-05
4.94583568974e-06
8.49976665017e-06
0.00219493167431
0.00219802427788
0.0022040386421
0.00221296592705
0.00222487090687
0.00223982461956
0.00225785533
0.00227891478104
0.00230285700733
0.0023294273924
0.00235826000513
0.00238888154159
0.00242072044924
0.00245312004932
0.00248535470663
0.0025166483139
0.00254619453966
0.00257317841272
0.00259679886879
0.0026162918586
0.00263095351773
0.0026401627369
0.00264340226715
0.00264027726474
0.00263052994593
0.00261404879345
0.00259087053884
0.00256117292816
0.00252525603968
0.0024835096229
0.00243636352408
0.00238421770811
0.00232734764887
0.00226577993139
0.00219913183448
0.00212640763377
0.00204574410871
0.00195410083284
0.00184690577676
0.00171771944259
0.00155814368258
0.00135865221688
0.00111205652755
0.000822650444041
0.000520984377636
0.00026536776179
0.000102159387002
2.69839247941e-05
4.70323222324e-06
8.15577312264e-06
0.00225148193773
0.00225345007437
0.00225736507127
0.0022633553381
0.00227161760229
0.00228235498882
0.00229573115181
0.00231183737216
0.00233067018875
0.00235211772053
0.00237595325741
0.00240183496334
0.00242931070119
0.00245782711253
0.00248674220276
0.00251534080621
0.00254285243004
0.00256847108111
0.00259137674439
0.00261075818765
0.00262583670326
0.00263589026485
0.0026402773777
0.00263845965275
0.00263002184878
0.00261468782118
0.00259233049975
0.00256297369001
0.00252678313945
0.00248404389649
0.00243512046913
0.00238039560461
0.00232018261964
0.00225460511637
0.00218343673515
0.00210589268204
0.00202036515734
0.00192409951591
0.00181282604267
0.00168042006003
0.0015188333271
0.00131899606429
0.00107440089216
0.00079023578333
0.000497368794377
0.000252050153349
9.67660627157e-05
2.55400526457e-05
4.46329036802e-06
7.80811872836e-06
0.00230611036358
0.00230703236922
0.00230898584445
0.00231221347422
0.00231701879968
0.002323711381
0.00233256566761
0.00234379046864
0.00235750680395
0.00237373264693
0.00239237357097
0.00241321860176
0.00243594072021
0.00246010151853
0.00248515954139
0.00251048187713
0.00253535861364
0.0025590198331
0.00258065487145
0.00259943358904
0.00261452936979
0.00262514347048
0.00263053017457
0.00263002196539
0.00262305362963
0.00260918384398
0.0025881123964
0.00255969075413
0.00252392320595
0.00248095525298
0.00243104525318
0.00237451447976
0.0023116696735
0.00224269084902
0.00216747569646
0.00208543089642
0.00199520137676
0.00189433455588
0.00177889774903
0.00164313044444
0.00147939185231
0.00127912673618
0.00103655644805
0.000757771009957
0.000473866535647
0.000238886159079
9.14569208768e-05
2.41203116231e-05
4.22607546838e-06
7.4566932223e-06
0.00235845330197
0.00235841410982
0.00235855813243
0.00235922139286
0.00236079129475
0.00236365982024
0.00236818817904
0.0023746798454
0.00238335991708
0.00239435953725
0.00240770468399
0.00242330897234
0.00244097027911
0.00246037104936
0.00248108213046
0.00250256994994
0.00252420683358
0.00254528426218
0.00256502888107
0.00258262109095
0.00259721603759
0.00260796676044
0.00261404913662
0.00261468805419
0.0026091839613
0.00259693856564
0.00257747800465
0.00255047127571
0.00251574110262
0.00247326370587
0.00242315309888
0.00236562449278
0.00230093008871
0.00222925894341
0.00215059084949
0.00206449284154
0.00196984763043
0.00186451014296
0.00174491222632
0.00160570500296
0.00143971651168
0.00123897207473
0.000998477659366
0.000725235641081
0.000450473398912
0.000225875424509
8.62316128774e-05
2.27245535732e-05
3.99154121398e-06
7.10131315351e-06
0.00240809752277
0.00240718564434
0.00240568081537
0.00240399387214
0.0024025758606
0.00240187961227
0.00240233069936
0.00240430483508
0.00240810978177
0.00241397064071
0.0024220179877
0.00243227870205
0.00244466954919
0.00245899365748
0.00247494002447
0.00249208613704
0.00250990372875
0.0025277676488
0.00254496778894
0.00256072400263
0.0025742039389
0.00258454368005
0.00259087099192
0.00259233084547
0.00258811262831
0.00257747812016
0.00255978884685
0.00253453084617
0.00250133416821
0.00245998357617
0.00241041588062
0.00235269807479
0.00228697887222
0.00221340433646
0.00213198615084
0.00204240928979
0.00194376620829
0.00183421187549
0.00171056000292
0.00156791587105
0.00139963934213
0.00119840956259
0.000960081806805
0.000692583944958
0.000427169958274
0.00021300986765
8.1086799679e-05
2.13518458728e-05
3.75953021838e-06
6.74174328598e-06
0.00245457202264
0.00245287689916
0.00244988725427
0.00244607278308
0.00244193095736
0.00243795683402
0.00243462039428
0.00243234869987
0.00243151106468
0.00243240619355
0.00243525081045
0.00244016970032
0.00244718734315
0.00245622145079
0.00246707875295
0.00247945335044
0.002492927889
0.00250697773462
0.00252097826844
0.00253421537472
0.00254589916604
0.00255518096148
0.00256117348354
0.00256297414175
0.00255969109484
0.00255047150187
0.00253453095773
0.00251118253662
0.00247986311426
0.00244015368039
0.00239178915066
0.00233465169005
0.00226873969876
0.00219410233599
0.00211072685452
0.00201836365924
0.001916273762
0.0018028903267
0.00167541336893
0.0015294365917
0.00135891344947
0.00115725598852
0.000921242223285
0.000659741377105
0.000403920203684
0.000200273337033
7.60160935509e-05
2.00004636506e-05
3.52977739364e-06
6.37772705487e-06
0.00249733529954
0.00249494508499
0.00249063373759
0.00248491640887
0.0024783228237
0.0024713748185
0.00246456978618
0.00245836761703
0.00245317949873
0.00244935758932
0.00244718508794
0.00244686661298
0.00244851907154
0.00245216337941
0.00245771748122
0.002464991141
0.00247368294201
0.0024833798736
0.00249355981117
0.00250359712945
0.00251277163854
0.00252028099306
0.00252525668719
0.00252678368792
0.00252392364708
0.00251574143194
0.00250133438474
0.00247986322012
0.00245058275031
0.00241286964283
0.00236624310966
0.00231037273525
0.00224506549884
0.00217022137578
0.00208574378272
0.00199138809993
0.00188653045762
0.00176984533994
0.00163890839961
0.00148982446506
0.00131719778538
0.00111525596692
0.000881781036588
0.000626601098411
0.00038067046918
0.000187641476032
7.10100861732e-05
1.86679056411e-05
3.30191815251e-06
6.00902895389e-06
0.00253575659799
0.00253275639702
0.00252728199569
0.00251988300075
0.00251111011785
0.0025014996844
0.0024915626904
0.00248177624181
0.00247257603114
0.00246434890422
0.0024574250363
0.00245206956781
0.00244847381275
0.00244674634872
0.00244690443072
0.00244886624618
0.00245244455063
0.00245734220409
0.00246315007937
0.00246934775199
0.00247530732101
0.00248030065919
0.00248351035031
0.00248404453024
0.00248095578394
0.00247326412864
0.00245998388883
0.00244015388412
0.00241286974157
0.00237731623118
0.00233279622213
0.00227875106925
0.00221476486399
0.00214054194061
0.00205584336366
0.00196036434005
0.00185353247401
0.00173421209201
0.00160032730481
0.001448502233
0.00127404093309
0.00107206979378
0.000841461940018
0.000593021077612
0.000357349007481
0.000175081976759
6.6056533365e-05
1.73509523314e-05
3.07550437249e-06
5.63549202843e-06
0.00256908905279
0.00256555960769
0.00255907362224
0.00255020631892
0.00253952073832
0.00252755840843
0.00251483326127
0.00250182715384
0.00248898579086
0.00247671424084
0.00246537156245
0.00245526432801
0.00244663905583
0.00243967375005
0.00243446889786
0.00243103838806
0.00242930088902
0.0024290722594
0.00243005956341
0.00243185723375
0.00243394587936
0.00243569418654
0.00243636431759
0.00243512117502
0.00243104586159
0.00242315360354
0.00241041627869
0.00239178944242
0.00236624329811
0.00233279631267
0.00229054901095
0.00223871375261
0.00217663384593
0.00210378205339
0.00201972439011
0.00192403055887
0.00181610923106
0.00169495028844
0.00155878235677
0.00140474019904
0.00122886488684
0.00102726159841
0.000799983960741
0.000558822633541
0.000333866780068
0.000162555505317
6.11408029925e-05
1.60457945264e-05
2.85003229831e-06
5.25711351094e-06
0.00259643176041
0.00259244856129
0.00258509336896
0.00257496005345
0.00256261761683
0.00254860610398
0.00253343467308
0.00251758059403
0.00250148822493
0.00248556728752
0.00247018999286
0.00245568676419
0.0024423404753
0.00243037927726
0.00241996822731
0.00241120005959
0.00240408554417
0.00239854396227
0.00239439427794
0.00239134760762
0.00238900158341
0.00238683718131
0.00238421855294
0.00238039636833
0.00237451515191
0.00236562506636
0.00235269854609
0.00233465205843
0.00231037300284
0.00227875124056
0.00223871383417
0.00218926007986
0.00212949161546
0.00205862906523
0.00197600223793
0.00188099567439
0.00177292706904
0.00165083832417
0.00151320321684
0.00135764054498
0.00118095054677
0.000980289521186
0.000756977913029
0.000523791813108
0.000310120339272
0.000150017717336
5.62467419787e-05
1.47482731834e-05
2.62498810898e-06
4.87414063761e-06
0.00261667642754
0.00261230920939
0.0026042169271
0.0025930066909
0.0025792489717
0.0025634778851
0.00254619267982
0.00252785959577
0.00250891339721
0.00248975805084
0.00247076616475
0.00245227693095
0.00243459242885
0.0024179722565
0.0024026265663
0.00238870769308
0.00237630067346
0.00236541306001
0.00235596452483
0.00234777681796
0.0023405646909
0.00233392841571
0.00232734852989
0.00232018342624
0.00231167039487
0.00230093071725
0.00228697940346
0.00226874013123
0.00224506583378
0.00221476510506
0.00217663399882
0.00212949168755
0.00207221654143
0.00200377617386
0.00192324063547
0.00182976239199
0.00172250150847
0.00160047493796
0.00146233036429
0.00130612663985
0.00112942781437
0.000930500863371
0.000712008325422
0.000487685782366
0.000285998089505
0.000137422953865
5.13581774656e-05
1.34542862608e-05
2.39991849094e-06
4.48718620055e-06
0.00262843214575
0.00262374473566
0.00261503673822
0.00260292434869
0.00258797649971
0.00257071871778
0.00255163734725
0.00253118367111
0.00250977747741
0.00248780969669
0.0024656438133
0.00244361582321
0.00242203257499
0.00240116839459
0.00238125996415
0.00236249950435
0.00234502640031
0.00232891751068
0.00231417650318
0.00230072265915
0.00228837967748
0.00227686507577
0.00226578083379
0.00225460595091
0.0022426916048
0.00222925961246
0.00221340491372
0.00219410281925
0.00217022176547
0.00214054223955
0.00210378226645
0.00205862919899
0.00200377623625
0.00193795973941
0.00185998963285
0.00176875990464
0.00166322062649
0.00154229191797
0.00140471875646
0.0012489418259
0.00107327504038
0.000877137049863
0.000664585253664
0.000450247453241
0.000261391695802
0.00012473038267
4.64613218528e-05
1.21604312702e-05
2.17453456767e-06
4.09735868647e-06
0.00262991867558
0.00262496916456
0.00261575624513
0.0026029020013
0.00258697192944
0.00256848165614
0.00254790329632
0.00252567129994
0.00250218755616
0.00247782553011
0.00245293323231
0.00242783484727
0.00240283087299
0.00237819664883
0.00235417918117
0.0023309922181
0.00230880958125
0.00228775683612
0.00226790147135
0.00224924185683
0.00223169535562
0.00221508606416
0.0021991327444
0.00218343758332
0.00216747647219
0.00215059154465
0.00213198676001
0.00211072737491
0.00208574421408
0.00205584370803
0.00201972465158
0.00197600242229
0.0019232407499
0.00185998968558
0.00178482573304
0.0016963858872
0.0015933823245
0.00147458290064
0.00133875819448
0.00118466501487
0.00101133564376
0.000819356176028
0.000614192666773
0.000411232806935
0.000236214833453
0.000111913446111
4.15483664351e-05
1.08649533825e-05
1.9488565187e-06
3.70639438098e-06
0.00261881394551
0.00261365518681
0.0026040383642
0.00259058893959
0.00257386783862
0.00255438041594
0.00253258443772
0.00250889719809
0.00248370172792
0.0024573520058
0.00243017706675
0.00240248390067
0.00237455903054
0.00234666866004
0.00231905728281
0.00229194465538
0.00226552105817
0.00223994080746
0.00221531403818
0.00219169685388
0.00216908003264
0.00214737658145
0.00212640853893
0.0021058935308
0.00208543167854
0.00206449354905
0.00204240991713
0.00201836420326
0.00199138855983
0.00196036471724
0.00192403085671
0.00188099589795
0.0018297625477
0.00176876000002
0.00169638593052
0.00161105502885
0.00151124813944
0.00139555542333
0.00126272073159
0.00111175530165
0.00094236482358
0.0007562853941
0.000560343058613
0.000370456510606
0.000210431540079
9.89733227459e-05
3.66224548016e-05
9.56903958835e-06
1.7234006755e-06
3.31676880235e-06
0.00259203488845
0.0025867153799
0.00257678745987
0.00256287788343
0.00254554232051
0.00252527604787
0.00250252313581
0.00247768446378
0.00245112467902
0.00242317812205
0.00239415370017
0.0023643386657
0.00233400123822
0.00230339199293
0.00227274392265
0.00224227106829
0.002212165609
0.00218259330944
0.00215368724498
0.00212553976612
0.0020981927254
0.00207162606982
0.00204574499877
0.00202036599536
0.00199520215318
0.00196984833768
0.00194376684092
0.00191627431673
0.00188653093333
0.00185353287161
0.00181610955332
0.00177292732037
0.00172250169464
0.00166322075432
0.00159338240158
0.00151124817384
0.00141511602722
0.00130341664935
0.00117485183169
0.00102864606256
0.000865127685376
0.000687122000967
0.000502671258176
0.00032786168754
0.000184095547002
8.59564112861e-05
3.17039148344e-05
8.27841072341e-06
1.49939722617e-06
2.93175415656e-06
0.00254542260541
0.00253998792586
0.00252983613295
0.00251559335249
0.00249780946765
0.00247697009764
0.00245350664718
0.00242780492892
0.00240021259602
0.00237104549955
0.00234059302229
0.00230912240281
0.00227688203689
0.00224410371863
0.00221100376036
0.00217778290662
0.00214462493787
0.00211169384524
0.00207912945331
0.0020470413767
0.00201550122193
0.00198453298999
0.00195410169955
0.00192410033383
0.0018943353163
0.00186451083889
0.00183421250183
0.00180289088027
0.00176984581952
0.0017342124982
0.00169495062359
0.00165083859216
0.00160047514396
0.00154229206817
0.001474583002
0.00139555548328
0.00130341667553
0.00119650956456
0.00107353279968
0.000933922590657
0.000778583148744
0.000611310769624
0.00044108263751
0.00028361743035
0.000157399157123
7.29742032282e-05
2.68369654214e-05
7.00498334886e-06
1.27900142489e-06
2.55538258555e-06
0.00247329678206
0.00246779198526
0.00245750242076
0.00244305151356
0.00242498267161
0.00240377217268
0.00237983979499
0.00235355781698
0.00232525871522
0.00229524174365
0.00226377849957
0.00223111753515
0.00219748804177
0.002163102607
0.00212815901827
0.00209284106033
0.00205731822768
0.00202174424877
0.00198625429942
0.00195096077001
0.00191594744922
0.00188126199784
0.00184690661351
0.00181282683283
0.0017788984848
0.00174491290145
0.00171056061281
0.00167541391071
0.00163890887215
0.00160032770863
0.00155878269397
0.00151320349091
0.00146233057993
0.00140471891934
0.00133875831097
0.00126272080852
0.00117485187608
0.00107353281851
0.000957561730664
0.000826638482862
0.000682205441124
0.000528832826538
0.000375967723673
0.000238239759096
0.000130724277155
6.02210002285e-05
2.20950386783e-05
5.76809497774e-06
1.06542482589e-06
2.19227869305e-06
0.00236785558503
0.00236232945833
0.00235199508689
0.00233747052367
0.00231929145388
0.00229792464457
0.00227377890925
0.00224721429493
0.0022185498838
0.00218807044054
0.00215603204788
0.0021226668215
0.00208818676087
0.00205278676541
0.00201664682009
0.00197993332874
0.00194279954748
0.00190538504468
0.00186781408903
0.00183019284587
0.00179260524485
0.00175510737253
0.00171772024341
0.0016804208156
0.00164313114788
0.00160570564882
0.00156791645538
0.00152943711207
0.0014898249206
0.00144850262433
0.00140474052818
0.00135764081521
0.00130612685554
0.00124894199227
0.00118466513781
0.00111175538744
0.00102864611765
0.000933922621433
0.000826638495425
0.000706855012223
0.000576509049444
0.000440636030297
0.000308476212364
0.000192713677984
0.000104678424823
4.7981020905e-05
1.75815874229e-05
4.59448215486e-06
8.6287719913e-07
1.84734628184e-06
0.00221847986442
0.00221299305734
0.00220272898706
0.00218829627414
0.00217022041883
0.00214895745688
0.00212490500844
0.00209841146936
0.00206978377298
0.00203929398093
0.00200718486818
0.00197367461263
0.00193896066474
0.00190322284623
0.00186662570379
0.00182932012083
0.00179144416703
0.00175312314239
0.00171446874916
0.00167557730259
0.00163652687182
0.0015973732249
0.00155814444
0.0015188340401
0.00147939251495
0.00143971711933
0.00139963989154
0.00135891393878
0.00131719821409
0.00127404130206
0.00122886519814
0.00118095080362
0.00112942802091
0.00107327520154
0.00101133576498
0.000942364910667
0.000865127744224
0.000778583185147
0.000682205460576
0.000576509056968
0.000463820822782
0.000349184256363
0.000240789340535
0.000148562346636
8.00869566762e-05
3.66133108984e-05
1.34225688295e-05
3.51609205557e-06
6.76204854263e-07
1.52533556979e-06
0.00201132818596
0.00200596948503
0.00199594356383
0.00198184259519
0.00196417694213
0.00194338857855
0.00191986191131
0.00189393275078
0.00186589586358
0.00183601137315
0.00180451018009
0.00177159852001
0.00173746174304
0.00170226737438
0.00166616749518
0.00162930046333
0.00159179197464
0.00155375544599
0.00151529168303
0.00147648777696
0.00143741515839
0.00139812672129
0.00135865291848
0.00131899672235
0.00127912734573
0.00123897263201
0.00119841006509
0.00115725643499
0.00111525635736
0.00107207012935
0.00102726188135
0.000980289754705
0.000930501051484
0.000877137197209
0.000819356287686
0.00075628547538
0.000687122057215
0.000611310806023
0.000528832847935
0.00044063604105
0.00034918426022
0.000258935196231
0.000176221746879
0.000107771530063
5.79077895285e-05
2.65045932504e-05
9.74813489017e-06
2.5652466678e-06
5.10181326513e-07
1.23036913521e-06
0.00173068102555
0.00172559965753
0.00171609312443
0.00170272395048
0.00168597724754
0.00166627324975
0.00164397743871
0.0016194089464
0.00159284763713
0.00156454011497
0.00153470481738
0.00150353630693
0.001471208843
0.00143787929484
0.00140368944059
0.00136876768132
0.0013332301845
0.00129718145744
0.00126071433727
0.00122390937214
0.00118683355787
0.00114953838563
0.00111205715102
0.00107440147395
0.00103655698422
0.000998478147115
0.000960082244446
0.000921242610245
0.00088178137337
0.00084146222813
0.000799984202598
0.000756978111833
0.000712008485013
0.000664585378359
0.000614192761189
0.000560343127488
0.000502671306193
0.000441082669129
0.000375967742987
0.000308476222969
0.000240789345448
0.000176221748477
0.000118856658909
7.24705200654e-05
3.90527878797e-05
1.79917970771e-05
6.66564881194e-06
1.76788922446e-06
3.6857296314e-07
9.65544463859e-07
0.00136632786123
0.00136178825157
0.00135329819861
0.00134136513853
0.00132642841315
0.00130886990309
0.00128902269988
0.00126717836519
0.00124359309398
0.00121849297441
0.00119207847036
0.00116452821549
0.00113600218653
0.00110664430892
0.00107658453731
0.00104594044248
0.00101481832713
0.000983313884059
0.000951512401982
0.000919488518089
0.000887305511837
0.00085501413247
0.000822650953874
0.000790236255793
0.00075777144232
0.000725236031577
0.000692584292771
0.000659741682339
0.000626601362033
0.00059302130138
0.000558822819898
0.000523791965072
0.000487685903392
0.000450247547085
0.0004112328775
0.0003704565618
0.000327861723135
0.000283617453852
0.000238239773641
0.000192713686256
0.000148562350819
0.000107771531825
7.24705205795e-05
4.43665259233e-05
2.41534400856e-05
1.1277262788e-05
4.23288628439e-06
1.13720975382e-06
2.53298914816e-07
7.3272976143e-07
0.000935101876306
0.00093152113787
0.000924829321367
0.00091543476061
0.000903693799791
0.000889918253742
0.0008743816351
0.000857324478756
0.00083895894452
0.000819472803321
0.000799032874386
0.000777787962723
0.000755871337317
0.000733402785178
0.000710490272595
0.000687231240293
0.000663713555366
0.0006400161387
0.000616209283194
0.000592354675749
0.000568505135129
0.000544704078783
0.00052098473496
0.000497369122764
0.000473866833603
0.000450473665662
0.000427170193736
0.00040392040842
0.000380670644343
0.000357349154733
0.000333866901503
0.000310120437316
0.000285998166815
0.000261391755163
0.000236214877676
0.000210431571897
0.000184095568985
0.000157399171598
0.000130724286149
0.000104678430021
8.00869594143e-05
5.79077907988e-05
3.90527883655e-05
2.41534402127e-05
1.33738738952e-05
6.37635003232e-06
2.4440678683e-06
6.70591840926e-07
1.64064118732e-07
5.32614081532e-07
0.000511824309216
0.000509596753138
0.000505438027389
0.000499608964729
0.000492339411178
0.000483832033987
0.000474265639903
0.00046379812482
0.000452569107913
0.000440702273732
0.000428307434888
0.000415482325976
0.000402314140767
0.000388880826512
0.000375252150718
0.000361490555656
0.000347651815697
0.000333785511612
0.000319935335113
0.000306139236381
0.000292429427395
0.000278832254817
0.000265367958161
0.000252050332463
0.00023888632035
0.000225875567765
0.000213009993103
0.000200273445242
0.000187641567863
0.000175082053331
0.000162555567952
0.000150017767498
0.000137422993108
0.000124730412576
0.000111913468236
9.89733385713e-05
8.59564221742e-05
7.29742103878e-05
6.02210046913e-05
4.79810235135e-05
3.66133123069e-05
2.65045939378e-05
1.79917973698e-05
1.12772628894e-05
6.37635005589e-06
3.1254883065e-06
1.23624313484e-06
3.51402103763e-07
9.86352145377e-08
3.64984774174e-07
0.000205667492636
0.000204702052868
0.000202901033969
0.000200379733321
0.000197240432912
0.000193573755855
0.000189459908386
0.000184969832097
0.000180166268971
0.000175104734378
0.000169834392706
0.000164398832595
0.000158836741809
0.000153182484346
0.000147466584385
0.000141716122589
0.000135955050895
0.000130204431995
0.000124482609648
0.000118805315918
0.000113185721572
0.000107634436207
0.000102159465466
9.67661339783e-05
9.14569847627e-05
8.62316693798e-05
8.10868489441e-05
7.60161358604e-05
7.10101219246e-05
6.605656305e-05
6.11408271745e-05
5.62467612695e-05
5.13581925019e-05
4.6461333274e-05
4.15483748623e-05
3.66224608185e-05
3.17039189721e-05
2.68369681465e-05
2.20950403849e-05
1.758158843e-05
1.3422569383e-05
9.74813516883e-06
6.66564893746e-06
4.23288633305e-06
2.44406788333e-06
1.23624313784e-06
5.10769936657e-07
1.54456539081e-07
5.35834249927e-08
2.29141158336e-07
5.5009466073e-05
5.47452940715e-05
5.42526219523e-05
5.35632189423e-05
5.27053310737e-05
5.17040221798e-05
5.05814936271e-05
4.93573868302e-05
4.8049067169e-05
4.66718864255e-05
4.52394211209e-05
4.37636851032e-05
4.22553158132e-05
4.07237345614e-05
3.9177281826e-05
3.76233289456e-05
3.60683678151e-05
3.45180802664e-05
3.29773888314e-05
3.14504905947e-05
2.99408758849e-05
2.84513336586e-05
2.69839456304e-05
2.55400715447e-05
2.41203285436e-05
2.27245685184e-05
2.13518588868e-05
2.0000474813e-05
1.86679150618e-05
1.73509601446e-05
1.60458008846e-05
1.47482782511e-05
1.34542902082e-05
1.21604342675e-05
1.08649555942e-05
9.56904116855e-06
8.27841181184e-06
7.00498406779e-06
5.76809543017e-06
4.59448242397e-06
3.51609220532e-06
2.56524674472e-06
1.76788926028e-06
1.13720976852e-06
6.70591846013e-07
3.51402105121e-07
1.54456539305e-07
5.26684228208e-08
2.53095611701e-08
1.24382853425e-07
9.20869719503e-06
9.1670068544e-06
9.08923122186e-06
8.98034482884e-06
8.84475757214e-06
8.68637256733e-06
8.50863919611e-06
8.31460242833e-06
8.1069485249e-06
7.88804689422e-06
7.65998784904e-06
7.42461611482e-06
7.18356007775e-06
6.93825688074e-06
6.68997356857e-06
6.43982453307e-06
6.18878554304e-06
5.93770465525e-06
5.68731030961e-06
5.43821691857e-06
5.19092827677e-06
4.94583914419e-06
4.70323540268e-06
4.4632932567e-06
4.22607805835e-06
3.9915435045e-06
3.75953221526e-06
3.5297791084e-06
3.30191960149e-06
3.07550557591e-06
2.85003327928e-06
2.62498889249e-06
2.39991910291e-06
2.17453503401e-06
1.94885686445e-06
1.72340092409e-06
1.49939739885e-06
1.27900154026e-06
1.06542489963e-06
8.62877243943e-07
6.76204879955e-07
5.10181340282e-07
3.68572969958e-07
2.53298917888e-07
1.64064119963e-07
9.86352149637e-08
5.35834251136e-08
2.53095611955e-08
1.32820140561e-08
5.0763004596e-08
1.37483488033e-05
1.37017562607e-05
1.36146612155e-05
1.3492345263e-05
1.33393995995e-05
1.31598196579e-05
1.29570837336e-05
1.27342199904e-05
1.24938643089e-05
1.22383103918e-05
1.19695530284e-05
1.16893251783e-05
1.13991294457e-05
1.11002644751e-05
1.07938467936e-05
1.04808286152e-05
1.01620121267e-05
9.83806078367e-06
9.50950816432e-06
9.17676497635e-06
8.84012487547e-06
8.49976985678e-06
8.15577611848e-06
7.80812148477e-06
7.45669572059e-06
7.1013153842e-06
6.74174524788e-06
6.37772875395e-06
6.00903040214e-06
5.63549324262e-06
5.25711451139e-06
4.87414144696e-06
4.48718684265e-06
4.09735918535e-06
3.70639475998e-06
3.31676908335e-06
2.93175435944e-06
2.55538272783e-06
2.19227878967e-06
1.84734634512e-06
1.52533560957e-06
1.23036915905e-06
9.65544477348e-07
7.32729768539e-07
5.32614084946e-07
3.64984775617e-07
2.29141158841e-07
1.24382853555e-07
5.07630046145e-08
1.05820600475e-08
)
;

boundaryField
{
    side_walls
    {
        type            fixedValue;
        value           uniform 1e-15;
    }
    inlet
    {
        type            cyclic;
    }
    outlet
    {
        type            cyclic;
    }
    side_left
    {
        type            symmetryPlane;
    }
    side_bottom
    {
        type            symmetryPlane;
    }
}


// ************************************************************************* //
