/*--------------------------------*- C++ -*----------------------------------*\
| =========                 |                                                 |
| \\      /  F ield         | OpenFOAM: The Open Source CFD Toolbox           |
|  \\    /   O peration     | Version:  3.0.1                                 |
|   \\  /    A nd           | Web:      www.OpenFOAM.org                      |
|    \\/     M anipulation  |                                                 |
\*---------------------------------------------------------------------------*/
FoamFile
{
    version     2.0;
    format      ascii;
    class       volScalarField;
    location    "50000";
    object      nut;
}
// * * * * * * * * * * * * * * * * * * * * * * * * * * * * * * * * * * * * * //

dimensions      [0 2 -1 0 0 0 0];

internalField   nonuniform List<scalar> 
2500
(
0.00304094362411
0.0030531332266
0.0030727391408
0.0030940314536
0.00311182711962
0.00312219843714
0.00312258775508
0.00311162148378
0.00308883295235
0.00305439859652
0.00300892331703
0.00295327814185
0.00288848186793
0.00281561653199
0.00273576808225
0.00264998575775
0.00255925548529
0.0024644838888
0.00236649035235
0.00226600512625
0.00216367183738
0.00206005304648
0.00195563773483
0.0018508498244
0.00174605704361
0.00164157964278
0.00153769863461
0.00143466338091
0.00133269846717
0.00123200990344
0.00113279076822
0.00103522648045
0.000939499952383
0.000845796959694
0.000754312185636
0.000665256591208
0.000578867100875
0.000495420203273
0.000415252215173
0.000338791203882
0.000266610074384
0.000199519250587
0.000138732325384
8.61418669085e-05
4.4591800419e-05
1.72299711058e-05
4.27410166575e-06
5.58575387906e-07
3.14379189406e-08
8.034551002e-09
0.00305312616919
0.00306516822622
0.00308455297106
0.00310562772836
0.00312325677325
0.00313352290957
0.00313385119545
0.00312283606663
0.00309997516316
0.003065412744
0.00301972900202
0.00296377935763
0.00289857621967
0.00282520363625
0.00274475659132
0.00265829872021
0.00256683395123
0.00247128881966
0.00237250301053
0.00227122619889
0.00216811959213
0.00206376082725
0.00195865108733
0.00185322350281
0.00174785209935
0.00164286074229
0.00153853170112
0.00143511361047
0.00133282873308
0.00123187953653
0.00113245468276
0.00103473460498
0.000938896920184
0.000845122013465
0.000753599253655
0.000664534497024
0.000578159874657
0.000494747470179
0.000414629644758
0.000338231015527
0.000266121607479
0.000199109617703
0.000138407117686
8.59054923074e-05
4.44453862529e-05
1.71625744558e-05
4.25510349217e-06
5.55936989304e-07
3.12959165261e-08
8.00732235193e-09
0.00307272060462
0.00308454144678
0.00310360786969
0.00312439820867
0.00314185654142
0.00315208132365
0.00315246400279
0.00314153867324
0.00311873514853
0.00308413534253
0.0030382699366
0.00298196097167
0.00291620422768
0.00284208278334
0.00276070415977
0.00267315526844
0.00258047100592
0.00248361351211
0.00238345986716
0.00228079646311
0.00217631856495
0.00207063376507
0.00196426819169
0.00185767448898
0.00175124075228
0.00164529977467
0.00154013813267
0.00143600479905
0.00133311911455
0.00123167807234
0.00113186297402
0.00103384560547
0.000937794167839
0.000843879295634
0.000752280624325
0.000663194571904
0.000576844340703
0.000493493759627
0.000413467740176
0.000337184373367
0.000265208213761
0.000198343207341
0.000137798495335
8.54631558701e-05
4.41715499956e-05
1.7036652216e-05
4.21964485438e-06
5.51015605843e-07
3.10309967137e-08
7.95642406859e-09
0.00309399996681
0.00310560311736
0.00312438498398
0.00314498609404
0.00316244924813
0.00317288969594
0.00317365102893
0.00316318286278
0.00314081862826
0.00310654915401
0.00306082956141
0.00300442693845
0.00293830432872
0.00286353361873
0.00278123050959
0.00269250632359
0.00259843288713
0.00250001784192
0.00239818845605
0.0022937824254
0.00218754437956
0.00208012692669
0.00197209515527
0.00186393359795
0.00175605477233
0.00164880854875
0.00154249174779
0.00143735752942
0.00133362429058
0.00123148393002
0.00113110946581
0.00103266210383
0.000936297961495
0.000842174764355
0.000750458975778
0.000661334030975
0.000575010694869
0.000491741182152
0.000411839836299
0.000335715424852
0.000263924634911
0.000197265250746
0.000136942109515
8.4840839849e-05
4.37866411723e-05
1.68599400694e-05
4.16996613425e-06
5.44127159624e-07
3.0660092964e-08
7.88494270871e-09
0.00311178358088
0.00312321986011
0.00314183068517
0.00316243638989
0.00318019087083
0.00319122792817
0.00319283398659
0.0031833561434
0.00316200787891
0.00312866282681
0.00308367430448
0.00302772990025
0.00296173843894
0.00288674319544
0.00280385537237
0.00271420312992
0.00261889279916
0.00251897996519
0.00241544881222
0.00230919853057
0.00220103578208
0.00209167228737
0.00198172660838
0.00187172920316
0.00176212985838
0.00165330667262
0.00154557587048
0.00143920186252
0.00133440711865
0.00123138157716
0.00113029146146
0.00103128751625
0.000934512808039
0.000840110372486
0.000748231153399
0.000659042904569
0.000572741085391
0.000489563408966
0.00040981086817
0.000333880335584
0.000262318369634
0.00019591474032
0.000135868592295
8.4060890414e-05
4.33048119197e-05
1.66392054025e-05
4.10804630502e-06
5.35552141376e-07
3.01982136998e-08
7.79556136203e-09
0.0031221452212
0.00313347595656
0.00315204489999
0.00317286579216
0.00319121660767
0.00320325657112
0.00320621327455
0.00319832124641
0.0031786571795
0.00314695595077
0.00310344478631
0.00304870652783
0.00298357110621
0.002909030416
0.0028261714518
0.00273612350778
0.00264001641004
0.00253894774529
0.00243395775756
0.00232601101794
0.00221598418297
0.0021046592125
0.00199272138081
0.00188076134403
0.00176928046473
0.00165869857084
0.00154936335412
0.00144156069254
0.00133552530211
0.00123145127246
0.00112950220222
0.00102982081537
0.000932538103567
0.000837782208405
0.000745687448632
0.00065640414723
0.000570110292108
0.00048702670691
0.000407438588555
0.000331728552558
0.000260430876362
0.000194325490496
0.000134604414001
8.3142627384e-05
4.27383642732e-05
1.63803820055e-05
4.03563333808e-06
5.25539199965e-07
2.96586407446e-08
7.6906149568e-09
0.00312252789413
0.00313379714123
0.00315241977923
0.00317361861869
0.00319281362052
0.00320620394897
0.00321096577215
0.00320522007111
0.0031878978979
0.00315858004401
0.00311734749299
0.00306465498309
0.00300122849913
0.00292798322893
0.00284595771088
0.00275626047482
0.00266002643176
0.00255838117188
0.00245241203538
0.0023431452961
0.00223152906275
0.00211842159409
0.00200458469193
0.00189068172733
0.00177727972198
0.00166485478782
0.0015538001557
0.00144443601277
0.00133702042154
0.0012317607026
0.00112882481228
0.00102835242252
0.000930465600121
0.000835279185621
0.00074291119892
0.000653493881989
0.000567186396258
0.000484190858823
0.000404774602452
0.000329303848796
0.000258298550284
0.000192526989888
0.000133172568402
8.21028328559e-05
4.20980327002e-05
1.60886834171e-05
3.95427111488e-06
5.14308457952e-07
2.90531109266e-08
7.57213620844e-09
0.00311155807596
0.00312277794287
0.0031414895541
0.00316314467091
0.00318332923756
0.00319830485687
0.00320521275168
0.00320206853559
0.00318765721666
0.00316139740208
0.0031232093934
0.00307340048184
0.00301256984491
0.00294153092229
0.00286124790186
0.00277278314088
0.00267725304323
0.00257579068405
0.00246951414188
0.002359500006
0.00224676185938
0.00213223370549
0.00201675833143
0.00190108051242
0.00178584480463
0.00167159748775
0.00155879204978
0.00144779748669
0.00133890864042
0.00123235782733
0.00112832710801
0.00102696070575
0.000928377278646
0.000832681980339
0.000739978508528
0.00065038166441
0.000564031392329
0.000481109970141
0.000401865252517
0.00032664520246
0.000255953535267
0.000190545103289
0.000131593134916
8.09561533217e-05
4.1393219952e-05
1.57687005684e-05
3.86532368816e-06
5.02054610564e-07
2.83919846537e-08
7.44189477731e-09
0.00308876880133
0.00309991573555
0.00311868382031
0.00314077721962
0.00316197683813
0.00317863594141
0.00318788526634
0.00318765168801
0.0031765819884
0.00315393201275
0.00311945347882
0.0030732922594
0.00301590191858
0.00294797169104
0.00287036648367
0.00278407630046
0.00269017290191
0.00258977210062
0.00248400068044
0.00237396742781
0.00226073814976
0.00214531480567
0.00202861899768
0.00191148005382
0.00179462781786
0.00167869006504
0.00156419423395
0.00145157294808
0.0013411726349
0.0012332644639
0.00112805682978
0.00102570870028
0.000926343318701
0.000830061984882
0.000736957930289
0.000647130668252
0.000560701693086
0.000477833149411
0.000398752368001
0.000323787537869
0.00025342440463
0.000188402657531
0.000129883746841
7.97154356621e-05
4.06321966677e-05
1.54244867156e-05
3.7699972022e-06
4.88949807121e-07
2.76844019164e-08
7.30143107402e-09
0.00305433603015
0.00306535432845
0.00308408408714
0.00310650674513
0.00312862976784
0.00314693185041
0.00315856393315
0.00316138800988
0.00315392797508
0.00313528362985
0.00310503696066
0.00306316447518
0.00300996047081
0.00294597164978
0.0028719416332
0.00278876341592
0.00269743792467
0.00259903721956
0.00249467133333
0.00238545818938
0.00227249643568
0.00215684134766
0.00203948416853
0.00192133535299
0.00180321215564
0.00168583086757
0.00156980378177
0.00145564070082
0.00134375453759
0.00123447034883
0.00112803701812
0.00102464078851
0.000924419939308
0.000827480099181
0.000733909979896
0.000643797709257
0.000557248481354
0.000474405044468
0.000395473878524
0.000320762341819
0.000250736730127
0.000186119931598
0.000128059983389
7.83920096264e-05
3.98222711038e-05
1.5059631345e-05
3.66935956598e-06
4.75146295621e-07
2.69384250204e-08
7.15208554073e-09
0.00300886412635
0.00301967339952
0.00303822055976
0.00306078794204
0.00308364097174
0.00310341949275
0.00311732947136
0.00312319758746
0.00311944672358
0.00310503410855
0.00307937742733
0.00304228205307
0.00299387500452
0.00293454710826
0.00286490287015
0.00278571679093
0.00269789471425
0.0026024389496
0.00250041620305
0.00239292769254
0.00228108118031
0.00216596498837
0.00204862434771
0.00193004063573
0.0018111141546
0.00169265107904
0.00157535505654
0.00145982369855
0.00134654989805
0.00123592760099
0.00112826140311
0.00102377918384
0.0009226469574
0.000824985227602
0.000730886379914
0.000640433035705
0.000553717865326
0.00047086621346
0.000392064287963
0.000317598160767
0.00024791355006
0.000183715063574
0.00012613569691
7.69959249948e-05
3.89699331501e-05
1.46773241148e-05
3.56435790985e-06
4.60778811314e-07
2.6161167239e-08
6.99502393369e-09
0.00295322359361
0.002963727862
0.00298191480281
0.00300438746245
0.003027697648
0.00304868136747
0.00306463632317
0.00307338746019
0.00307328389601
0.00306315978339
0.00304228011278
0.00301028338874
0.00296712707543
0.00291303811743
0.00284846890871
0.00277405815138
0.00269059568254
0.00259899029256
0.00250023967241
0.00239540183755
0.00228556764436
0.00217183431396
0.00205528018213
0.0019369411703
0.00181778968437
0.00169871676117
0.00158051826959
0.00146388582749
0.00134940283331
0.00123754567294
0.00112868980949
0.00102312016065
0.000921044975976
0.000822612388106
0.000727928952099
0.000637079823859
0.000550150796449
0.000467253308037
0.000388554999674
0.000314320979366
0.0002449757423
0.000181204382221
0.000124123282801
7.55361490202e-05
3.80809755563e-05
1.42804096198e-05
3.45583386174e-06
4.45966697746e-07
2.53589069182e-08
6.83125899495e-09
0.00288843275751
0.0028985296658
0.00291616216026
0.00293826794501
0.00296170825265
0.00298354707515
0.00300121018179
0.0030125565514
0.00301589283756
0.0030099547657
0.00299387187992
0.00296712581809
0.00292950782895
0.00288107835451
0.00282212976358
0.00275315234462
0.00267480315714
0.00258787711527
0.00249327962572
0.00239200016715
0.00228508634929
0.00217361820927
0.00205868277141
0.00194134919141
0.00182264509074
0.00170353492143
0.00158490134037
0.00146753057966
0.00135210265927
0.00123918700989
0.00112924370084
0.00102263006682
0.000919612177981
0.000820380379063
0.000725068096282
0.000633773324283
0.00054658271005
0.000463599043832
0.000384974480663
0.000310954476893
0.000241942304139
0.000178602667697
0.000122033897049
7.4020728096e-05
3.71605945655e-05
1.38714336431e-05
3.34453670745e-06
4.30815757984e-07
2.4537187018e-08
6.66166884519e-09
0.0028155732555
0.00282516246782
0.00284204533518
0.00286350092261
0.00288671573377
0.00290900821314
0.00292796596835
0.00294151806414
0.00294796257514
0.00294596557714
0.00293454340009
0.00291303615392
0.00288107759688
0.00283856432727
0.00278562587584
0.00272259637043
0.00264998787689
0.00256846517995
0.00247882158209
0.00238195522802
0.00227884548743
0.00217052903976
0.00205807549447
0.00194256263666
0.00182505168775
0.00170656327895
0.00158805510288
0.00147040238463
0.00135438234942
0.0012406637333
0.0011298020912
0.0010222412456
0.00091832076767
0.000818288989684
0.000722320814945
0.000630539612741
0.00054304284938
0.000459931930488
0.000381348248441
0.000307520154275
0.00023883053763
0.000175923343263
0.000119877624412
7.24569164002e-05
3.62134716478e-05
1.34526814932e-05
3.23113452797e-06
4.1541984157e-07
2.37009004795e-08
6.48701240967e-09
0.0027357307143
0.00274472093474
0.00276067154048
0.00278120180213
0.00280383101804
0.00282615152141
0.00284594198948
0.00286123597771
0.00287035782967
0.00287193567441
0.00286489903509
0.00284846666515
0.00282212864071
0.00278562547555
0.002738926056
0.00268220546762
0.00261582325199
0.00254030224415
0.00245630786911
0.00236462759757
0.00226615017107
0.00216184420202
0.00205273583905
0.0019398853617
0.00182436282505
0.00170722319151
0.00158948172971
0.00147209077351
0.00135591915761
0.00124173571885
0.00113019813673
0.00102184807944
0.000917113170362
0.00081631578613
0.000719688267613
0.000627393909319
0.000539553234755
0.000456275730542
0.000377698660143
0.000304037320516
0.000235656135855
0.000173178597456
0.000117663598647
7.0851273343e-05
3.52438376614e-05
1.30262089816e-05
3.11622342862e-06
3.99862178757e-07
2.28543621108e-08
6.30794218266e-09
0.00264995412702
0.00265826845711
0.00267312744628
0.00269248167155
0.00271418204222
0.00273610608471
0.00275624658163
0.00277277247293
0.0027840684457
0.00278875790939
0.00278571315839
0.00277405594148
0.00275315115041
0.00272259584178
0.00268220531642
0.00263199751974
0.00257217661109
0.00250311618879
0.00242534235403
0.00233951655343
0.00224641796103
0.00214692505274
0.00204199600105
0.00193264758461
0.00181993247496
0.00170491502723
0.00158864604753
0.00147213739727
0.00135633766787
0.00124211044154
0.00113021677481
0.00102130344435
0.000915898173092
0.000814412558574
0.000717152871046
0.000624338443713
0.000536127242591
0.000452648613841
0.000374044479071
0.000300522922993
0.000232433162083
0.000170379433673
0.000115400074496
6.92097306972e-05
3.42555203771e-05
1.25938665197e-05
3.00033498056e-06
3.84216476465e-07
2.20013678553e-08
6.12501463257e-09
0.00255922924339
0.00256680878473
0.00258044776969
0.00259841217914
0.00261887496384
0.00264000156338
0.00266001450027
0.00267724380972
0.00269016605188
0.00269743308908
0.0026978915056
0.0026905937231
0.00267480209914
0.00264998741544
0.00261582313173
0.00257217662809
0.00251909842738
0.00245681012196
0.00238569145347
0.00230626673479
0.00221919057362
0.00212523267385
0.00202526136903
0.00192022550001
0.00181113430416
0.0016990351501
0.0015849892343
0.00147004574
0.00135521540723
0.00124144490989
0.00112959379537
0.00102041592202
0.000914547258892
0.000812501574819
0.000714675001953
0.000621359865946
0.000532767766276
0.000449061973508
0.000370400189934
0.000296991201823
0.000229173910316
0.000167535641699
0.000113094449689
6.75376295115e-05
3.32519760079e-05
1.21573167581e-05
2.88394199829e-06
3.68547792413e-07
2.11452424122e-08
5.93869855097e-09
0.00246446256997
0.00247126833228
0.00248359452569
0.00250000083858
0.00251896523956
0.00253893541834
0.00255837121504
0.00257578294976
0.00258976635546
0.00259903317664
0.00260243629761
0.00259898871983
0.00258787632818
0.00256846491572
0.00254030227843
0.00250311633908
0.00245681024765
0.00240145528329
0.00233728219065
0.00226467135678
0.00218414200022
0.00209634032084
0.00200202636994
0.00190205926444
0.00179738031205
0.00168899366027
0.00157794425321
0.00146529318779
0.00135209099678
0.00123934991173
0.00112801670272
0.0010189481488
0.000912891449432
0.000810471850765
0.000712189409109
0.000618426232015
0.000529464944037
0.000445518871741
0.00036677503131
0.000293453144452
0.000225888632123
0.00016465568314
0.000110753233601
6.58397261014e-05
3.22363050736e-05
1.17180461254e-05
2.76746277205e-06
3.52913204233e-07
2.02888762214e-08
5.74938165377e-09
0.00236647342319
0.00237248671271
0.0023834447157
0.00239817483288
0.00241543696425
0.00243394780288
0.00245240397672
0.0024695078856
0.002483996059
0.00249466812894
0.00250041417021
0.00250023855793
0.00249327918489
0.00247882159088
0.0024563081322
0.00242534270933
0.00238569177355
0.00233728238188
0.00228019800095
0.00221467261282
0.00214108347894
0.00205994269919
0.00197188748209
0.0018776688445
0.00177813830831
0.00167423208961
0.00156695231338
0.00145734496671
0.00134647464603
0.00123539665721
0.00112512765511
0.00101661667786
0.000910719015844
0.000808175711877
0.000709601500228
0.000615483634555
0.00052619346034
0.000442012091009
0.000363171713344
0.000289915713257
0.000222585111215
0.000161746480169
0.000108381957737
6.41201656832e-05
3.12112526769e-05
1.12773705621e-05
2.65126386823e-06
3.37362290391e-07
1.94347528448e-08
5.55737575614e-09
0.00226599202548
0.00227121356804
0.0022807846907
0.00229377180846
0.00230918927181
0.00232600322725
0.00234313899653
0.00235949514435
0.00237396388885
0.00238545581227
0.00239292628772
0.00239540120277
0.00239200010133
0.00238195554241
0.0023646281238
0.00233951714867
0.00230626728426
0.00226467177414
0.00221467283881
0.00215635986241
0.00208996584311
0.00201586240859
0.00193455348677
0.00184666749939
0.00175294773464
0.00165424038715
0.00155147966231
0.00144566937238
0.00133786064446
0.00122912575002
0.00112052865953
0.0010130936885
0.000907774436476
0.000805425975053
0.000706783731932
0.000612452599443
0.000522909458615
0.000438521780124
0.000359584791708
0.000286380817081
0.000219268064238
0.000158813094637
0.000105985021735
6.23824215762e-05
3.01791930706e-05
1.08364357136e-05
2.5356616082e-06
3.2193743969e-07
1.85849677966e-08
5.36292086725e-09
0.00216366200626
0.00216811010289
0.00217630970429
0.00218753637385
0.00220102879444
0.0022159783118
0.00223152434293
0.00224675826696
0.00226073560997
0.00227249483365
0.00228108037315
0.00228556747355
0.00228508665214
0.00227884610695
0.00226615096367
0.00224641880197
0.00221919136023
0.00218414265325
0.00214108394226
0.0020899660823
0.00203087975385
0.00196405398594
0.00188985321393
0.00180877290768
0.00172143357458
0.00162857271349
0.00153103410279
0.00142975369304
0.00132574139543
0.00122005826905
0.00111378906429
0.00100801079592
0.000903758965854
0.000801994117928
0.000703572392897
0.000609224428606
0.000519547145284
0.000435012707282
0.000355998676999
0.000282843998129
0.000215938344178
0.000155858282459
0.000103565467348
6.06291973829e-05
2.9142098278e-05
1.03962118336e-05
2.42092233648e-06
3.06674006528e-07
1.77412399348e-08
5.16618859087e-09
0.00206004595088
0.00206375397367
0.0020706273596
0.00208012113804
0.0020916672441
0.00210465499996
0.00211841825271
0.00213223123148
0.00214531315469
0.00215684044113
0.00216596472159
0.00217183456532
0.0021736188494
0.00217052993996
0.00216184524127
0.00214692612315
0.00212523368431
0.00209634119906
0.00205994339225
0.00201586288237
0.00196405422363
0.00190460597438
0.00183774113262
0.00176381612325
0.00168331831107
0.00159686176842
0.00150518077186
0.00140912027836
0.00130962248974
0.00120770862398
0.00110445525214
0.00100096510332
0.000898333128236
0.000797609814015
0.000699765122416
0.000605657733059
0.000516015217859
0.000431431165095
0.000352385273876
0.000279292809752
0.000212591922189
0.000152881906712
0.000101124671841
5.88622892226e-05
2.81014905125e-05
9.95748367497e-06
2.30726159786e-06
2.9160033015e-07
1.69049166143e-08
4.9672852763e-09
0.00195563288022
0.00195864639817
0.0019642638114
0.00197209120635
0.00198172318995
0.0019927185649
0.00200458252005
0.00201675681291
0.00202861811032
0.00203948386164
0.00204862454725
0.0020552807971
0.00205868370093
0.00205807663468
0.00205273708931
0.0020419972691
0.00202526257477
0.00200202744792
0.00197188838273
0.00193455417648
0.00188985367432
0.00183774135913
0.00177830114335
0.00171174864286
0.00163843205867
0.00155883157266
0.0014735568957
0.00138334231669
0.00128903833508
0.00119159877956
0.00109206231404
0.000991527513367
0.000891121365571
0.000791962191262
0.000695119540627
0.000601575462054
0.000512193311425
0.000427701616883
0.000348701268246
0.000275704869984
0.000209218625526
0.000149880192355
9.86619517127e-05
5.70824050211e-05
2.70583782665e-05
9.52083571787e-06
2.19484235966e-06
2.76737638221e-07
1.60769739645e-08
4.76625544513e-09
0.00185084676494
0.00185322055116
0.00185767174074
0.00186393113925
0.00187172710866
0.00188075967296
0.00189068051941
0.00190107978476
0.00191147979965
0.00192133554253
0.00193004121895
0.00193694208114
0.00194135035295
0.00194256396658
0.00193988677758
0.00193264900853
0.00192022686231
0.00190206050643
0.00187766992012
0.00184666837587
0.00180877356541
0.00176381655492
0.00171174885217
0.00165264788234
0.00158672109728
0.00151430878567
0.00143588541512
0.00135205903612
0.00126356793976
0.0011712734373
0.00107614740176
0.000979253196573
0.000881718964421
0.000784703118123
0.000689353374671
0.000596762786274
0.000507928723845
0.000423723228969
0.000344885115629
0.000272045592204
0.000205800614886
0.000146844806701
9.61740679071e-05
5.52889381991e-05
2.60131762493e-05
9.08663321664e-06
2.08377244497e-06
2.62099858634e-07
1.52580138971e-08
4.56308612938e-09
0.00174605538661
0.00174785050768
0.0017512392857
0.00175605348897
0.00176212881297
0.00176927970487
0.00177727928382
0.00178584470916
0.00179462806856
0.00180321273788
0.00181111503672
0.00181779082017
0.00182264642311
0.00182505315279
0.00182436435638
0.00181993400774
0.0018111357786
0.00179738167611
0.00177813951965
0.0017529487617
0.0017214343969
0.00168331891899
0.00163843245246
0.00158672128601
0.00152825505424
0.00146323274379
0.00139198753301
0.001314990212
0.00123285058116
0.00114631582173
0.00105626443143
0.000963694025252
0.000869701277991
0.000775452741701
0.0006821464433
0.000590966227074
0.000503033744534
0.000419366498664
0.000340853830762
0.000268265620227
0.000202310595649
0.000143761753734
9.36546252807e-05
5.34796941314e-05
2.49656099775e-05
8.65499977592e-06
1.97410139211e-06
2.47693369341e-07
1.44482598232e-08
4.35771289945e-09
0.00164157904967
0.0016428601839
0.00164529928462
0.00164880816398
0.001653306432
0.00165869851174
0.00166485494196
0.00167159787729
0.00167869069978
0.00168583174341
0.00169265217796
0.00169871805246
0.00170353636403
0.00170656482444
0.00170722478748
0.00170491662062
0.00169903669031
0.00168899510181
0.00167423339408
0.00165424152459
0.00162857366309
0.00159686251862
0.00155883212072
0.0015143091369
0.00146323291044
0.00140566442631
0.00134179433964
0.00127195001795
0.00119660124684
0.00111636383413
0.00103199985101
0.000944412743423
0.000854635171154
0.000763807412077
0.000673144813382
0.000583894433716
0.000497283967095
0.000414470258242
0.000336499738017
0.000264298032958
0.000198709776647
0.000140610078837
9.10933630372e-05
5.16505699471e-05
2.39146069385e-05
8.22579255109e-06
1.86581703659e-06
2.33516725751e-07
1.36475536371e-08
4.15002854399e-09
0.00153769881931
0.00153853189916
0.00154013835905
0.00154249202386
0.00154557622276
0.00154936381129
0.00155380074474
0.00155879279226
0.00156419514305
0.00156980486035
0.00157535629636
0.00158051965171
0.00158490283647
0.00158805667729
0.00158948334197
0.00158864765505
0.00158499079502
0.00157794572797
0.0015669536679
0.00155148086866
0.00153103514032
0.00150518162765
0.00147355756448
0.00143588589885
0.00139198784012
0.00134179448404
0.00128535769758
0.00122286036552
0.00115462589148
0.0010811264887
0.00100298928867
0.000920998671466
0.000836092573397
0.000749350048467
0.000661967376984
0.000575220995513
0.000490418005644
0.000408839405986
0.000331687413094
0.000260055435505
0.000194945620281
0.00013736039579
8.84753406326e-05
4.97951924565e-05
2.28581782312e-05
7.79857681519e-06
1.75884224785e-06
2.19560421537e-07
1.28553574146e-08
3.93989558827e-09
0.00143466410653
0.00143511433509
0.00143600552489
0.00143735826665
0.00143920262829
0.00144156150829
0.00144443690088
0.00144779846707
0.00145157403524
0.00145564190185
0.00145982501194
0.00146388724293
0.00146753207867
0.00147040394186
0.00147209235854
0.00147213897666
0.00147004727945
0.00146529465423
0.0014573463301
0.00144567060717
0.00142975477932
0.0014091212024
0.00138334307127
0.00135205962035
0.00131499063085
0.00127195028158
0.00122286048842
0.00116776390503
0.00110683666607
0.00104040070625
0.000968935052012
0.000893084844574
0.000813666049466
0.00073166296476
0.000648215038691
0.000564589643619
0.000482139054927
0.000402243779876
0.000326251125743
0.00025542712072
0.000190949472254
0.000133973273436
8.57800376975e-05
4.79045265296e-05
2.17932979792e-05
7.37260271539e-06
1.6530324784e-06
2.05806765654e-07
1.20707646708e-08
3.72716409268e-09
0.00133269954166
0.00133282979748
0.00133312016276
0.00133362532507
0.0013344081496
0.00133552634514
0.00133702149478
0.0013389097615
0.00134117381831
0.00134375579264
0.00134655122755
0.00134940423307
0.0013521041182
0.00135438385028
0.00135592067824
0.00135633918268
0.00135521688889
0.00135209241792
0.00134647598088
0.0013378618702
0.00132574249331
0.00130962344589
0.00128903914091
0.00126356859208
0.00123285108197
0.00119660160293
0.00115462611376
0.00110683676881
0.00105326730506
0.000994088663724
0.000929624620396
0.000860366646974
0.000786986404061
0.000710343204534
0.000631482681511
0.000551622168148
0.000472118740328
0.000394418643718
0.00031999317659
0.000250276567387
0.000186634221416
0.000130397559357
8.29804101661e-05
4.59664791428e-05
2.07157934883e-05
6.94678881257e-06
1.5481751494e-06
1.92230002093e-07
1.12925281325e-08
3.51169642403e-09
0.00123201117464
0.00123188079243
0.00123167930183
0.00123148513052
0.00123138275385
0.00123145243637
0.0012317618681
0.00123235900954
0.0012332656764
0.00123447160172
0.00123592889963
0.0012375470172
0.00123918839405
0.00124066514634
0.00124173714522
0.00124211186222
0.00124144630364
0.00123935125647
0.00123539793132
0.00122912693362
0.00122005934502
0.00120770957883
0.00119159960397
0.00117127412638
0.00114631637508
0.00111636425559
0.00108112678596
0.00104040089027
0.000994088748032
0.000942215929498
0.000884950413133
0.000822622199874
0.000755742523919
0.000685020563774
0.000611374135077
0.000535929385557
0.000460003714614
0.000385067302383
0.000312683604976
0.000244439637103
0.000181892222844
0.000126568777085
8.00419825076e-05
4.39655452911e-05
1.96202682365e-05
6.51971979386e-06
1.44399246975e-06
1.78796866702e-07
1.0519114078e-08
3.2934008546e-09
0.0011327921188
0.0011324560156
0.00113186427544
0.00113111073017
0.0011302926905
0.00112950340341
0.00112882599679
0.00112832828847
0.00112805801833
0.00112803822471
0.0011282626343
0.00112869106771
0.00112924498403
0.00112980339294
0.0011301994466
0.00113021807916
0.00112959507818
0.00112801794661
0.00112512884244
0.00112052977344
0.00111379008963
0.00110445617628
0.00109206312751
0.00107614809862
0.00105626500943
0.00103200031161
0.00100298963674
0.000968935295507
0.00092962476982
0.000884950480952
0.00083493115407
0.000779734932683
0.00071970390057
0.000655378712989
0.000587520541677
0.000517125589272
0.000445425513381
0.000373866421345
0.000304061832064
0.000237723940113
0.000176593821926
0.00012240781689
7.69221131002e-05
4.18825745569e-05
1.85000937893e-05
6.08966995704e-06
1.34015013447e-06
1.65467874898e-07
9.74879755927e-09
3.07227576368e-09
0.00103522782289
0.00103473592917
0.00103384689688
0.00103266335525
0.00103128872715
0.0010298219906
0.00102835357054
0.00102696183687
0.00102570982495
0.00102464191595
0.00102378032089
0.00102312131108
0.00102263123097
0.00102224242027
0.00102184925809
0.00102130461755
0.00102041707806
0.00101894927442
0.00101661775906
0.0010130947114
0.00100801174753
0.0010009659723
0.000991528290599
0.00097925387563
0.000963694602667
0.00094441321879
0.000920999047366
0.000893085126358
0.000860366842405
0.000822622318684
0.00077973498605
0.000731718818382
0.000678746501929
0.000621180146792
0.000559602830726
0.000494847163744
0.000428014346446
0.00036047474171
0.000293840914155
0.000229909964984
0.000170586945654
0.000117820252311
7.35696519263e-05
3.96947849895e-05
1.73475269838e-05
5.6546699775e-06
1.23627551097e-06
1.52199768061e-07
8.97981814084e-09
2.84846563327e-09
0.000939501224254
0.000938898174602
0.000937795390598
0.000936299144843
0.000934513950107
0.000932539207272
0.000930466671761
0.000928378326431
0.000926344351373
0.000924420964962
0.000922647982565
0.000921046004961
0.000919613212486
0.000918321806638
0.000917114210037
0.000915899207268
0.000914548279305
0.000912892446272
0.000910719978347
0.000907775353563
0.000903759826772
0.000898333923173
0.000891122086201
0.00088171960435
0.000869701833084
0.000854635639721
0.000836092956242
0.000813666349795
0.00078698662727
0.000755742677283
0.00071970399284
0.000678746542893
0.000632882742958
0.000582296007431
0.000527379458642
0.000468776492898
0.0004074178688
0.000344546142376
0.000281715270202
0.000220754730563
0.000163698385613
0.000112696759262
6.99253212357e-05
3.73762166306e-05
1.61540356897e-05
5.21264196762e-06
1.13199033202e-06
1.38949703957e-07
8.21062133755e-09
2.62232857729e-09
0.000845798119348
0.000845123157262
0.000843880410457
0.000842175842638
0.000840111411683
0.000837783210094
0.00083528015438
0.000832682922563
0.000830062907671
0.000827481009384
0.000824986131053
0.000822613289073
0.000820381279887
0.000818289890609
0.000816316685284
0.000814413452096
0.000812502457099
0.000810472714783
0.000808176549616
0.000805426777963
0.000801994877413
0.000797610521921
0.000791962840339
0.000784703702429
0.000775453256929
0.000763807855787
0.000749350420209
0.000731663266083
0.000710343438891
0.00068502073632
0.000655378830307
0.000621180216547
0.000582296037984
0.000538741974469
0.000490721053858
0.000438672958823
0.000383326643078
0.000325748543851
0.000267373131118
0.00020999898674
0.000155737609419
0.000106915297448
6.592329141e-05
3.4898898947e-05
1.49109479499e-05
4.76163575813e-06
1.02696425554e-06
1.25681914879e-07
7.44021441488e-09
2.39451239546e-09
0.000754313208269
0.000753600262472
0.000752281607751
0.000750459926891
0.00074823206945
0.000745688330319
0.000742912049495
0.000739979332864
0.000736958733995
0.000733910768561
0.000730887158494
0.000727929724463
0.000725068864908
0.000722321580753
0.000719689029912
0.00071715362759
0.000714675749081
0.000712190141964
0.000709602213027
0.000706784418294
0.000703573046193
0.00069976573614
0.000695120108754
0.000689353892002
0.000682146905754
0.000673145218232
0.000661967723017
0.000648215326283
0.000631482912613
0.000611374313116
0.000587520671375
0.00055960291786
0.000527379509744
0.000490721075888
0.000449653879952
0.000404413597727
0.000355509033132
0.000303791152847
0.000250515744549
0.00019737951593
0.000146504276389
0.000100345952614
6.14945905546e-05
3.2235093528e-05
1.36105671983e-05
4.30020434208e-06
9.20996123173e-07
1.12377573859e-07
6.66866175556e-09
2.16603177604e-09
0.00066525746541
0.000664535359632
0.0006631954131
0.000661334844753
0.000659043688294
0.000656404901066
0.000653494608198
0.000650382366621
0.000647131350779
0.000643798376506
0.000640433691696
0.000637080471874
0.000633773966612
0.000630540250543
0.000627394542559
0.000624339071185
0.000621360485345
0.000618426840078
0.000615484227236
0.00061245317213
0.000609224976366
0.000605658250903
0.000601575945203
0.000596763230427
0.000590966628649
0.000583894790065
0.000575221305081
0.000564589906054
0.000551622384337
0.000535929557599
0.000517125720381
0.000494847258091
0.000468776555398
0.000438672994887
0.000404413612982
0.000366046502353
0.000323859543074
0.000278464164189
0.000230886866537
0.000182649171863
0.000135801281116
9.28596902473e-05
5.65731651223e-05
2.93610364682e-05
1.22479013679e-05
3.82795145103e-06
8.14127764676e-07
9.90483083114e-08
5.89772602487e-09
1.93833341881e-09
0.000578867825598
0.000578160590004
0.000576845038657
0.000575011370459
0.000572741736298
0.000570110918215
0.000567186999107
0.000564031974566
0.000560702257936
0.000557249032172
0.000553718405236
0.000550151328067
0.000546583235302
0.000543043369382
0.000539553749764
0.000536127752004
0.000532768268675
0.000529465437275
0.00052619394165
0.000522909924759
0.000519547592709
0.000516015642882
0.000512193710421
0.000507929093441
0.000503034081797
0.0004972842697
0.000490418272021
0.000482139284366
0.000472118933049
0.000460003871779
0.000445425637055
0.00042801443951
0.000407417934807
0.00038332668608
0.000355509057466
0.000323859553133
0.000288465605888
0.000249697171032
0.000208318601606
0.000165609433418
0.000123456494725
8.43428939653e-05
5.11055887756e-05
2.6262585682e-05
1.08230994207e-05
3.34625693162e-06
7.06788181558e-07
8.57528787969e-08
5.13161459534e-09
1.71332961289e-09
0.0004954207852
0.000494748044814
0.000493494320679
0.000491741725698
0.000489563933107
0.000487027211424
0.000484191344752
0.000481110439373
0.000477833604288
0.000474405487452
0.000470866646865
0.000467253733833
0.000463599463503
0.000459932344953
0.00045627614011
0.000452649018212
0.0004490623718
0.000445519262541
0.000442012472449
0.000438522149973
0.000435013063049
0.000431431504154
0.000427701936597
0.000423723526824
0.000419366772403
0.000414470505993
0.000408839626372
0.000402243972114
0.000394418807683
0.000385067438644
0.000373866531161
0.000360474826987
0.000344546205586
0.000325748587913
0.00030379118098
0.000278464179737
0.000249697177283
0.000217644327303
0.000182803147339
0.000146164009905
0.000109359088131
7.47208082157e-05
4.50656138974e-05
2.29429833508e-05
9.34451800332e-06
2.85911887584e-06
5.99950774643e-07
7.26146626862e-08
4.37770420609e-09
1.49337675978e-09
0.00041525266643
0.00041463009059
0.00041346817586
0.000411840258898
0.000409811276241
0.000407438981884
0.000404774981745
0.000401865619095
0.000398752723514
0.000395474224706
0.000392064626443
0.00038855533184
0.000384974807561
0.000381348570722
0.000377698978038
0.000374044792391
0.000370400498087
0.000366775333341
0.000363172007981
0.000359585077422
0.000355998952076
0.000352385536491
0.000348701516549
0.000344885347832
0.000340854045228
0.00033649993335
0.000331687588217
0.000326251279971
0.000319993309687
0.00031268371719
0.00030406192414
0.00029384098732
0.00028171532612
0.00026737317182
0.000250515772332
0.000230886883848
0.000208318610902
0.000182803150952
0.000154602836635
0.000124407205751
9.3521069936e-05
6.39954432759e-05
3.84750618782e-05
1.94324617232e-05
7.83198916434e-06
2.37393080818e-06
4.95261332061e-07
5.98346628844e-08
3.64699211334e-09
1.28117750154e-09
0.000338791540045
0.000338231347865
0.00033718469852
0.000335715740758
0.000333880641236
0.000331728847814
0.00032930413415
0.000326645478822
0.000323787806361
0.000320762603606
0.000317598416928
0.0003143212308
0.000310954724257
0.000307520397952
0.000304037560604
0.000300523159304
0.000296991433908
0.000293453371621
0.000289915934615
0.00028638103157
0.000282844204571
0.0002792930069
0.000275705056576
0.000272045767018
0.000268265782139
0.000264298180998
0.000260055568909
0.000255427238985
0.000250276670301
0.000244439724781
0.000237724013007
0.000229910023883
0.00022075477657
0.000209999021229
0.000197379540486
0.000182649188205
0.000165609443304
0.000146164015034
0.000124407207665
0.000100763488559
7.61802126606e-05
5.23072263938e-05
3.1433054691e-05
1.57986043803e-05
6.31931383697e-06
1.90184724065e-06
3.95064481392e-07
4.7691557852e-08
2.95389894004e-09
1.07959764912e-09
0.000266610312752
0.000266121843339
0.00026520844488
0.000263924859961
0.000262318587998
0.000260431087992
0.000258298755544
0.000255953734776
0.000253424599126
0.000250736920348
0.000247913736664
0.000244975925804
0.000241942484886
0.000238830715772
0.000235656311352
0.00023243333471
0.000229174079681
0.000225888797687
0.000222585272317
0.000219268220122
0.000215938494026
0.000212592065152
0.000209218760757
0.000205800741578
0.000202310713063
0.000198709884155
0.000194945717395
0.000190949558651
0.00018663429697
0.000181892287639
0.000176593876266
0.000170586990067
0.00016369842083
0.000155737636359
0.000146504296116
0.000135801294793
0.000123456503553
0.000109359093287
9.35210725043e-05
7.61802135745e-05
5.7956897444e-05
4.00306935187e-05
2.41556348896e-05
1.21554074918e-05
4.85444442162e-06
1.45725535892e-06
3.02239139086e-07
3.65191214234e-08
2.31503127557e-09
8.91413261478e-10
0.000199519408811
0.00019910977445
0.000198343361272
0.000197265401112
0.000195914886819
0.000194325633175
0.000192527129031
0.000190545239315
0.000188402790903
0.00018612006275
0.000183715192859
0.000181204509879
0.000178602793841
0.000175923467873
0.000173178720382
0.000170379554651
0.000167535760365
0.000164655799045
0.0001617465928
0.000158813203438
0.00015585838685
0.000152882006111
0.0001498802862
0.000146844894468
0.000143761834961
0.000140610153141
0.000137360462888
0.00013397333316
0.000130397611663
0.000126568822066
0.00012240785478
0.000117820283477
0.000112696784204
0.000106915316776
0.000100345967027
9.28597005061e-05
8.43429008541e-05
7.4720812504e-05
6.39954456779e-05
5.23072275329e-05
4.00306939005e-05
2.78937263561e-05
1.70225572747e-05
8.66829701668e-06
3.49583036065e-06
1.05594173523e-06
2.1978221486e-07
2.66558531132e-08
1.74675239116e-09
7.1903360514e-10
0.000138732420675
0.000138407212261
0.000137798588515
0.00013694220098
0.000135868681972
0.000134604502006
0.000133172654965
0.000131593220319
0.000129883831356
0.000128060067241
0.000126135780249
0.000124123365684
0.000122033979439
0.000119877706181
0.000117663679584
0.000115400154322
0.000113094528067
0.000110753310153
0.00010838203206
0.000105985093413
0.000103565535967
0.000101124737003
9.86620130484e-05
9.61741250871e-05
9.36546780277e-05
9.10934111361e-05
8.84753839392e-05
8.57800761458e-05
8.29804437731e-05
8.00420113754e-05
7.69221374153e-05
7.35696719557e-05
6.99253373193e-05
6.59233039493e-05
6.1494599998e-05
5.6573171947e-05
5.11055934671e-05
4.50656169272e-05
3.84750636822e-05
3.14330556503e-05
2.41556353166e-05
1.70225574066e-05
1.06011051843e-05
5.55126325339e-06
2.30496718139e-06
7.12065357995e-07
1.50184446133e-07
1.83742365152e-08
1.26197988388e-09
5.64268879645e-10
8.61419160371e-05
8.59055412186e-05
8.54632043308e-05
8.48408878091e-05
8.40609379402e-05
8.31426746208e-05
8.21028799833e-05
8.09562005173e-05
7.97154830707e-05
7.83920573388e-05
7.69959730359e-05
7.55361973455e-05
7.40207765945e-05
7.24569649017e-05
7.08513216277e-05
6.92097785074e-05
6.75376765631e-05
6.58397720955e-05
6.41202103167e-05
6.23824645516e-05
6.06292384174e-05
5.88623280561e-05
5.70824414232e-05
5.52889719759e-05
5.34797251301e-05
5.16505980611e-05
4.97952176278e-05
4.79045487517e-05
4.59664984603e-05
4.39655617989e-05
4.18825883972e-05
3.96947963476e-05
3.73762257281e-05
3.48989060342e-05
3.22350988745e-05
2.93610403525e-05
2.62625883804e-05
2.29429851261e-05
1.94324628146e-05
1.57986049943e-05
1.21554077971e-05
8.66829714184e-06
5.55126328814e-06
3.04436472467e-06
1.33830305768e-06
4.35101257371e-07
9.48033808375e-08
1.18133524734e-08
8.67303253887e-10
4.28210887919e-10
4.45918199844e-05
4.44454058513e-05
4.41715696266e-05
4.3786660907e-05
4.3304831866e-05
4.27383845552e-05
4.20980534371e-05
4.139324124e-05
4.06322185664e-05
3.98222936285e-05
3.8969956269e-05
3.80809991924e-05
3.71606186017e-05
3.62134959342e-05
3.52438620232e-05
3.42555446234e-05
3.32519999395e-05
3.22363284906e-05
3.12112753852e-05
3.01792148877e-05
2.91421190378e-05
2.81015100693e-05
2.70583964978e-05
2.60131930589e-05
2.49656252965e-05
2.39146207267e-05
2.28581904773e-05
2.17933087002e-05
2.07158027283e-05
1.96202760645e-05
1.85001002968e-05
1.73475322805e-05
1.61540399002e-05
1.49109512084e-05
1.3610569644e-05
1.22479031398e-05
1.08231006522e-05
9.3445188182e-06
7.8319896723e-06
6.31931413089e-06
4.854444576e-06
3.49583043153e-06
2.30496720779e-06
1.33830306418e-06
6.40800457213e-07
2.28910495328e-07
5.35568900952e-08
6.94531468713e-09
5.61713470315e-10
3.11262329964e-10
1.72299762678e-05
1.71625796959e-05
1.70366575879e-05
1.68599456437e-05
1.6639211253e-05
1.63803882012e-05
1.6088690014e-05
1.57687076037e-05
1.54244942034e-05
1.50596392748e-05
1.46773324525e-05
1.42804183099e-05
1.38714426127e-05
1.34526906562e-05
1.30262182434e-05
1.25938757813e-05
1.21573259206e-05
1.1718055093e-05
1.1277379245e-05
1.08364440306e-05
1.03962197137e-05
9.95749105858e-06
9.52084255783e-06
9.0866394786e-06
8.65500543843e-06
8.22579760544e-06
7.79858126487e-06
7.3726065753e-06
6.94679210793e-06
6.51972255889e-06
6.08967223345e-06
5.65467181272e-06
5.212643413e-06
4.76163686702e-06
4.30020516793e-06
3.82795204557e-06
3.3462573432e-06
2.85911914802e-06
2.37393097868e-06
1.90184734068e-06
1.45725541303e-06
1.05594176159e-06
7.12065369107e-07
4.35101261115e-07
2.28910496138e-07
9.37952511594e-08
2.52342921195e-08
3.59212016639e-09
3.37502765872e-10
2.13298944144e-10
4.27410245342e-06
4.25510431371e-06
4.21964573516e-06
4.16996710113e-06
4.10804738306e-06
4.03563454852e-06
3.95427247327e-06
3.86532520307e-06
3.76999887454e-06
3.66936138904e-06
3.56435986991e-06
3.45583593915e-06
3.34453887797e-06
3.2311367642e-06
3.11622570142e-06
3.00033726036e-06
2.88394425622e-06
2.76746498087e-06
2.65126600312e-06
2.53566364726e-06
2.42092426114e-06
2.30726339315e-06
2.19484401424e-06
2.08377395118e-06
1.97410274585e-06
1.86581823716e-06
1.75884329769e-06
1.65303338275e-06
1.54817591598e-06
1.44399310833e-06
1.34015065641e-06
1.23627592874e-06
1.13199065877e-06
1.02696450458e-06
9.20996307552e-07
8.14127896761e-07
7.06788272684e-07
5.9995083484e-07
4.95261369862e-07
3.95064503751e-07
3.02239151393e-07
2.19782221058e-07
1.5018444892e-07
9.48033819087e-08
5.35568904182e-08
2.52342921795e-08
8.42260484271e-09
1.4891435025e-09
1.82612341152e-10
1.33911258999e-10
5.58575454316e-07
5.55937061241e-07
5.51015687527e-07
5.44127255254e-07
5.35552254709e-07
5.25539334053e-07
5.14308614912e-07
5.0205479143e-07
4.88950011786e-07
4.75146522873e-07
4.60779058958e-07
4.45966962774e-07
4.30816036779e-07
4.15420130124e-07
3.9986247287e-07
3.84216771934e-07
3.68548085185e-07
3.52913490534e-07
3.37362566824e-07
3.21937703303e-07
3.06674254855e-07
2.91600561239e-07
2.76737850636e-07
2.62100051447e-07
2.47693542107e-07
2.33516878479e-07
2.19560554646e-07
2.05806879929e-07
1.92230098627e-07
1.78796946841e-07
1.65467940176e-07
1.5219982014e-07
1.38949744564e-07
1.25681945741e-07
1.12377596655e-07
9.90483246142e-08
8.57528900366e-08
7.26146701167e-08
5.98346675644e-08
4.76915606375e-08
3.65191229743e-08
2.66558539101e-08
1.83742368861e-08
1.18133526255e-08
6.94531473956e-09
3.59212018019e-09
1.48914350464e-09
3.94350320066e-10
8.33743082777e-11
7.2689976514e-11
3.14379189383e-08
3.12959168828e-08
3.10309977105e-08
3.06600948656e-08
3.01982167351e-08
2.96586450938e-08
2.90531167112e-08
2.83919919296e-08
2.7684410673e-08
2.69384351841e-08
2.61611786809e-08
2.53589194641e-08
2.45372004606e-08
2.37009145901e-08
2.28543766512e-08
2.20013825877e-08
2.11452571078e-08
2.02888906678e-08
1.94347668505e-08
1.85849811954e-08
1.77412525879e-08
1.69049284112e-08
1.60769848233e-08
1.52580237638e-08
1.44482686707e-08
1.36475614626e-08
1.28553642377e-08
1.20707705307e-08
1.12925330848e-08
1.05191181915e-08
9.74880091281e-09
8.97982081971e-09
8.21062343018e-09
7.4402160097e-09
6.6686629381e-09
5.89772687521e-09
5.13161518609e-09
4.3777046008e-09
3.64699236565e-09
2.95389909335e-09
2.31503136346e-09
1.74675243825e-09
1.2619799072e-09
8.67303264383e-10
5.61713474521e-10
3.37502767323e-10
1.82612341562e-10
8.33743083607e-11
3.25473426365e-11
2.96661609951e-11
8.0345478729e-09
8.00731934379e-09
7.95642128127e-09
7.88494022671e-09
7.79555925329e-09
7.69061327165e-09
7.57213497897e-09
7.4418940176e-09
7.30143078107e-09
7.15208569619e-09
6.99502450619e-09
6.83125994271e-09
6.66167011884e-09
6.487013955e-09
6.30794394314e-09
6.12501655162e-09
5.93870057384e-09
5.74938372911e-09
5.55737783716e-09
5.36292291258e-09
5.1661905651e-09
4.96728715024e-09
4.7662571959e-09
4.56308774023e-09
4.35771435945e-09
4.15002984761e-09
3.9398967348e-09
3.72716508563e-09
3.5116972704e-09
3.29340156418e-09
3.07227634835e-09
2.84846610625e-09
2.62232895253e-09
2.39451268701e-09
2.16603199753e-09
1.93833358303e-09
1.71332973146e-09
1.49337684293e-09
1.281177558e-09
1.0795976861e-09
8.91413284724e-10
7.19033619071e-10
5.64268887528e-10
4.28210892073e-10
3.11262331959e-10
2.13298944987e-10
1.33911259294e-10
7.26899765899e-11
2.96661610059e-11
6.18421045329e-12
)
;

boundaryField
{
    side_walls
    {
        type            calculated;
        value           nonuniform List<scalar> 
100
(
5.84400933367e-19
5.84400947688e-19
5.84400974459e-19
5.84401012056e-19
5.84401059067e-19
5.84401114266e-19
5.84401176582e-19
5.84401245084e-19
5.84401318964e-19
5.84401397515e-19
5.84401480124e-19
5.84401566259e-19
5.84401655458e-19
5.84401747322e-19
5.84401841507e-19
5.84401937722e-19
5.84402035718e-19
5.84402135293e-19
5.84402236282e-19
5.84402338559e-19
5.84402442034e-19
5.84402546651e-19
5.84402652386e-19
5.84402759247e-19
5.84402867267e-19
5.84402976503e-19
5.84403087026e-19
5.84403198917e-19
5.84403312246e-19
5.84403427063e-19
5.84403543368e-19
5.84403661086e-19
5.84403780027e-19
5.84403899851e-19
5.84404020026e-19
5.84404139788e-19
5.84404258133e-19
5.84404373822e-19
5.84404485433e-19
5.84404591458e-19
5.84404690438e-19
5.84404781104e-19
5.84404862506e-19
5.84404934069e-19
5.8440499558e-19
5.84405047106e-19
5.84405088862e-19
5.84405121062e-19
5.84405143692e-19
5.84405156042e-19
5.84400933368e-19
5.8440094769e-19
5.8440097446e-19
5.84401012057e-19
5.84401059068e-19
5.84401114267e-19
5.84401176582e-19
5.84401245085e-19
5.84401318964e-19
5.84401397515e-19
5.84401480124e-19
5.84401566259e-19
5.84401655458e-19
5.84401747322e-19
5.84401841507e-19
5.84401937721e-19
5.84402035717e-19
5.84402135292e-19
5.84402236281e-19
5.84402338558e-19
5.84402442033e-19
5.8440254665e-19
5.84402652386e-19
5.84402759246e-19
5.84402867267e-19
5.84402976502e-19
5.84403087026e-19
5.84403198916e-19
5.84403312246e-19
5.84403427063e-19
5.84403543368e-19
5.84403661085e-19
5.84403780027e-19
5.84403899851e-19
5.84404020025e-19
5.84404139788e-19
5.84404258133e-19
5.84404373822e-19
5.84404485433e-19
5.84404591458e-19
5.84404690437e-19
5.84404781104e-19
5.84404862506e-19
5.84404934069e-19
5.8440499558e-19
5.84405047106e-19
5.84405088862e-19
5.84405121062e-19
5.84405143692e-19
5.84405156042e-19
)
;
    }
    inlet
    {
        type            cyclic;
    }
    outlet
    {
        type            cyclic;
    }
    side_left
    {
        type            symmetryPlane;
    }
    side_bottom
    {
        type            symmetryPlane;
    }
}


// ************************************************************************* //
