/*--------------------------------*- C++ -*----------------------------------*\
| =========                 |                                                 |
| \\      /  F ield         | OpenFOAM: The Open Source CFD Toolbox           |
|  \\    /   O peration     | Version:  3.0.1                                 |
|   \\  /    A nd           | Web:      www.OpenFOAM.org                      |
|    \\/     M anipulation  |                                                 |
\*---------------------------------------------------------------------------*/
FoamFile
{
    version     2.0;
    format      ascii;
    class       volScalarField;
    location    "50000";
    object      omega;
}
// * * * * * * * * * * * * * * * * * * * * * * * * * * * * * * * * * * * * * //

dimensions      [0 0 -1 0 0 0 0];

internalField   nonuniform List<scalar> 
2500
(
0.298941156048
0.303726046027
0.31257918648
0.324852761654
0.34002065972
0.357700898489
0.377652421246
0.39975816077
0.424004034363
0.450459282557
0.479260359059
0.510598834316
0.544713043902
0.581883022746
0.622428314891
0.66670838038
0.715125468315
0.768129966206
0.826228370154
0.889994158216
0.960082005578
1.03724597398
1.12236256264
1.21645985373
1.32075446376
1.43669868154
1.56604112164
1.7109055808
1.8738947597
2.05822842439
2.26792994286
2.50808177391
2.78518077219
3.10764039544
3.48651296269
3.9365478066
4.47777255266
5.13790681083
5.95613179673
6.98912962678
8.32106531234
10.080872352
12.4749649048
15.8613664057
20.9702624857
29.7054616694
48.1194612951
98.4817120811
292.916882681
1711.15400901
0.303726432081
0.308487734689
0.317297985955
0.329512898001
0.344608119186
0.362201496244
0.382050285401
0.404034830756
0.428138148194
0.454426747708
0.483034892641
0.5141527695
0.548018310582
0.584912217239
0.625155778119
0.669111209443
0.717184394974
0.769830048279
0.827559457894
0.890951115956
0.960664687455
1.03745896941
1.12221474073
1.21596374496
1.31992552149
1.43555446552
1.56460044113
1.70918762715
1.8719182479
2.05601075086
2.26548635232
2.50542451064
2.78231816835
3.10457581563
3.48324347049
3.93306232698
4.47404913616
5.13390829044
5.95179852659
6.98436686656
8.31572092771
10.0746985828
12.4675633739
15.8521656566
20.9587786799
29.6923219114
48.1074145968
98.4739080204
292.913829828
1711.15396708
0.312580246058
0.317298659789
0.326031008897
0.338139601184
0.353103554238
0.370540699985
0.39020547543
0.41197365784
0.435822982598
0.461814828721
0.49007914999
0.520803143447
0.554223416489
0.590621211516
0.630320288432
0.67368719811
0.72113383479
0.773122307002
0.83017231148
0.89287133976
0.961888206265
1.03799057805
1.12206743377
1.21515771446
1.31848689375
1.43351385186
1.56199137308
1.7060449355
1.86827642793
2.05190233424
2.26094027952
2.50046446463
2.7769607862
3.09882863123
3.47710233979
3.92650791275
4.46704171357
5.12637954107
5.94363785884
6.97539768936
8.30565876487
10.0630793779
12.4536407613
15.8348707298
20.9372137646
29.6676803234
48.0848536601
98.4593072107
292.908121204
1711.15388869
0.324854669834
0.329514421166
0.338140451128
0.350104561103
0.364891290626
0.382119205622
0.401539561869
0.423022357097
0.446538279383
0.472141529208
0.499955657033
0.530162928762
0.56299700514
0.598738508487
0.637713082414
0.68029167992
0.726892972938
0.777987935047
0.834106802864
0.895848775638
0.963894978213
1.03902540694
1.12214082449
1.21429089908
1.31671034094
1.43086543409
1.55851428666
1.70178546038
1.86328159652
2.04621755136
2.25460690009
2.49351728842
2.76942536577
3.09071819651
3.4684139965
3.91721752211
4.45709641066
5.11568600756
5.93204286587
6.96265444588
8.29136763376
10.0465866677
12.433894598
15.8103684926
20.9067099197
29.6328975878
48.0530759792
98.4387737424
292.900099731
1711.15377861
0.340023485493
0.344610561371
0.353105325002
0.36489221287
0.379463711392
0.396440686613
0.415571766306
0.436720822515
0.459850429154
0.485006007539
0.512302745262
0.541915820565
0.574073748651
0.609054442627
0.647183600947
0.68883515508
0.734433667337
0.784458731644
0.839451592222
0.900024359599
0.966872379528
1.04079051324
1.12269433851
1.21364761078
1.31489777572
1.42792196126
1.55448678964
1.69672667392
1.85724720542
2.03926312036
2.24678466447
2.48487277829
2.7599937562
3.08052015649
3.45745062066
3.90546360955
4.44449078183
5.10211648273
5.91732150674
6.94647490809
8.2732302582
10.0256710619
12.4088796914
15.7793734776
20.86820334
29.5891118035
48.0131862785
98.4130518374
292.890062447
1711.15364095
0.357704623166
0.362204839835
0.370543375851
0.382121036765
0.39644159808
0.413130745975
0.431936014458
0.452715712974
0.475423994814
0.500096455013
0.526838260636
0.555815361273
0.587248632601
0.621410572727
0.658624174477
0.699263705555
0.743757277407
0.792591245208
0.846316647917
0.905558070643
0.97102549942
1.0435299539
1.12400394568
1.21352814725
1.31336611125
1.42500951301
1.55023729281
1.69119338464
1.8504896431
2.03134344283
2.23776373374
2.47480591473
2.74892608604
3.0684813149
3.4444483446
3.89147536863
4.42945190755
5.08590198127
5.89971633484
6.92712304555
8.25154560762
10.0006865953
12.3790366424
15.7424618211
20.8224638793
29.5372790479
47.9661286074
98.3827840406
292.878267062
1711.15347933
0.377656961508
0.382054448544
0.390208977149
0.40154222595
0.415573516897
0.431936857307
0.450381191491
0.470760726819
0.493021670676
0.51718937694
0.543357789455
0.571681737838
0.602371980227
0.635692649891
0.671960749591
0.71154742946
0.754880920036
0.802451145916
0.854816209929
0.912611114648
0.976559284716
1.04748768164
1.12634657975
1.21423542367
1.31243665378
1.42246002518
1.54610084824
1.68551688071
1.8433305109
2.02276571252
2.22783353442
2.46358643423
2.73647192005
3.05483197539
3.42962043552
3.87545249004
4.41217055391
5.06723023175
5.8794193752
6.90480449174
8.2265453607
9.97190889288
12.3447128123
15.7000964161
20.7701248681
29.4782045433
47.9127116544
98.3485259244
292.86493734
1711.15329687
0.399763391009
0.404039689662
0.411977864846
0.423025737619
0.436723300209
0.452717291264
0.470761466888
0.490708238075
0.512497108258
0.536143447759
0.561729336874
0.589397027058
0.619344959505
0.651826045777
0.687147887346
0.725674684221
0.767830701578
0.814105303728
0.865059720303
0.921335882891
0.983667869285
1.05289672892
1.12998975358
1.21606562633
1.31242736547
1.42060563521
1.54241590759
1.68003426366
1.83609852421
2.01384422314
2.21728919157
2.45148702733
2.72287982643
3.0397964874
3.41316846964
3.85757668058
4.39281284001
5.04625739787
5.85658392171
6.87967857772
8.19840651392
9.93954893794
12.3061781703
15.6526460287
20.7117060867
29.412567188
47.8536292095
98.3107582785
292.850267635
1711.15309629
0.424009805458
0.428143555855
0.4358277516
0.446542237724
0.45985350044
0.475426180263
0.493023027727
0.512497730381
0.533785060633
0.556891345147
0.581886785058
0.608900150864
0.638115834737
0.669773021186
0.70416669861
0.741650289337
0.782639775728
0.827619323277
0.877148543067
0.931871698842
0.992529357325
1.05997321706
1.13518514865
1.21930186158
1.31364711596
1.41977407387
1.53952131807
1.67508738491
1.8291305653
2.00490354388
2.20643667869
2.43879019173
2.70840558264
3.02360242155
3.39529210532
3.83802171149
4.37153031698
5.02311804343
5.83133436031
6.8518681216
8.16726141123
9.90376383585
12.2636375756
15.6004001428
20.647631821
29.3409392277
47.7894769936
98.2698973734
292.834426768
1711.15287996
0.4504654362
0.45443254814
0.46182000781
0.472145918551
0.485009531132
0.50009911194
0.517191220788
0.53614456717
0.556891847687
0.57943195926
0.603823863911
0.630182577185
0.658677299331
0.689531511259
0.723024814015
0.759496329932
0.79934956503
0.843058737389
0.891176700721
0.944344740254
1.00330469898
1.06891412075
1.14216539179
1.2242102494
1.31639154265
1.42028482661
1.53775333007
1.67102118103
1.82277170192
1.9962804116
2.19559659568
2.42579374436
2.69331914028
3.00648862454
3.37619783629
3.81696249858
4.34846906605
4.99793403409
5.80377477868
6.82146778968
8.1332060652
9.86466551077
12.2172405317
15.5435807051
20.5782452721
29.2638022277
47.7207666349
98.226303663
292.817561354
1711.15264996
0.479266737872
0.483040930921
0.490084588524
0.499960332075
0.512306581625
0.526841255285
0.54335999194
0.561730830761
0.58188767247
0.603824253815
0.627589606355
0.653285387641
0.681065126712
0.711135266189
0.743757842879
0.779254676423
0.818013000377
0.860492557874
0.907234291212
0.958870885806
1.0161395936
1.07989797469
1.15114347918
1.23103817239
1.32094042381
1.42244608832
1.5374426875
1.66818147124
1.81737419891
1.98832432985
2.18510654965
2.41281498468
2.6779103943
2.98871228033
3.356106949
3.79458353855
4.3237782317
4.97082286745
5.77399691178
6.78855162154
8.09630739732
9.82232800344
12.1670891386
15.4823515754
20.5038201826
29.1815601357
47.6479373158
98.1802891659
292.799798659
1711.15240808
0.510605288523
0.514158898342
0.520808698484
0.530167751969
0.541919837983
0.55581856773
0.571684178588
0.589398780261
0.6089013129
0.630183251432
0.653285676563
0.678297980368
0.705358250642
0.734655269377
0.766432032202
0.800990716888
0.838699080581
0.879998337817
0.925412662825
0.975560574519
1.03116861033
1.09308789082
1.16231444247
1.24001451073
1.32755660151
1.4265526936
1.53891205207
1.66691246491
1.8132957154
1.98139698895
2.17532218075
2.40019350925
2.66249375489
2.9705550147
3.33526279085
3.7710868939
4.29761826929
4.9419057874
5.74208783806
6.75318017472
8.05660988046
9.77679387654
12.1132447816
15.4168262673
20.4245703024
29.0945499937
47.5713654693
98.1321237021
292.781249033
1711.15215587
0.544719435407
0.548024394322
0.554228956612
0.563001850393
0.574077826714
0.587251936126
0.602374549883
0.61934686766
0.638117171644
0.658678162475
0.681065613203
0.705358452203
0.731680294814
0.760202397919
0.791148004952
0.824798070516
0.861498396413
0.901668270926
0.945810781425
0.994525071313
1.04852094495
1.10863640271
1.17585893388
1.25135173792
1.33648652857
1.43288526137
1.54247410154
1.66755434445
1.81089700815
1.97587073605
2.16661695535
2.38829270916
2.64741150175
2.95232801885
3.31393736576
3.74669981521
4.27016908158
4.91131593946
5.70813775037
6.71540765929
8.01414198133
9.72808014124
12.0557339852
15.3470744301
20.3406571577
29.0030507278
47.4913728161
98.0820401243
292.762007961
1711.15189469
0.581889227374
0.584918133978
0.590626618814
0.59874326289
0.609058473875
0.621413871271
0.635695251528
0.651828016673
0.669774445047
0.689532479305
0.71113586989
0.734655595591
0.760202525931
0.787931317479
0.818045561296
0.850804228871
0.886529503011
0.925616131785
0.968542511594
1.01588379549
1.06832744349
1.12669179595
1.19194847847
1.26524976756
1.34796250255
1.44171078627
1.54843066465
1.6704413503
1.81053955545
1.9721264304
2.1593809422
2.37750004085
2.63303591348
2.93437613648
3.29243720779
3.72168200457
4.24163813018
4.87920674335
5.67224805736
6.67528937664
7.96892275094
9.67618406739
11.9945537997
15.2731274454
20.2521965005
28.907290352
47.4082329837
98.0302386675
292.742157787
1711.15162571
0.622434223389
0.625161420626
0.630325459261
0.637717646883
0.647187491295
0.658627378981
0.671963298931
0.687149841101
0.70416813351
0.723025814611
0.743758494669
0.766432416926
0.791148197652
0.818045628725
0.847309592245
0.879177183703
0.913946182593
0.951985057253
0.99374475205
1.03977258741
1.09072871528
1.14740572691
1.21075222373
1.2819014641
1.36220662904
1.45328487305
1.55707323417
1.67590081052
1.81258357507
1.97055111096
2.15401888886
2.36822624581
2.61977021223
2.91708085863
3.27110844181
3.69633245469
4.21226852875
4.84576058513
5.63454001259
6.63288973432
7.92096888098
9.62108921296
11.9296770547
15.1949834631
20.1592637512
28.8074518704
47.3221769122
97.9768905241
292.721769131
1711.15134994
0.666713898621
0.669116485282
0.673692043075
0.680295969003
0.688838823492
0.699266739504
0.711549854345
0.72567655271
0.741651670788
0.759497301831
0.779255317936
0.800991104346
0.824798274503
0.850804312565
0.879177202141
0.91013317193
0.943945741898
0.980956303555
1.02158652686
1.06635296432
1.11588432987
1.17094207853
1.23244511863
1.30149977766
1.37943655343
1.46785577441
1.56868515882
1.68425354086
1.81738693676
1.9715359759
2.15094801836
2.36090380035
2.60804844417
2.90086220817
3.25034092873
3.67099574817
4.18234705434
4.81119786009
5.59516401044
6.58829107102
7.87030252439
9.56277199953
11.8610578051
15.1126121866
20.0618987229
28.7036781319
47.2333972397
97.922140752
292.700902049
1711.15106822
0.715130516994
0.717189226133
0.72113827826
0.7268969142
0.734437045073
0.74376007596
0.754883159478
0.76783242744
0.782641049673
0.799350457117
0.818013583089
0.838699424531
0.861498567477
0.886529560609
0.91394617884
0.943945721382
0.976778559501
1.01275920759
1.0522792528
1.09582255607
1.1439832427
1.19748714647
1.25721757441
1.32424654235
1.39987303064
1.48567038035
1.58354577912
1.69581601048
1.82530547093
1.97547522334
2.15059606086
2.35598499553
2.59833452886
2.88617957148
3.23057141737
3.64606767522
4.15221195226
4.77578632459
5.55430962393
6.54160348205
7.8169601565
9.50120915404
11.7886372932
15.025959706
19.9601098942
28.5960758711
47.1420518416
97.8661106149
292.679606962
1711.15078128
0.768134480233
0.769834370516
0.773126286382
0.777991468229
0.784461761306
0.792593754142
0.802453148962
0.814106839189
0.827620444897
0.843059507502
0.860493041966
0.879998600482
0.901668373068
0.925616128854
0.951984998281
0.980956230802
1.01275915661
1.0476826543
1.0860884964
1.12842702626
1.175255727
1.22726138988
1.28528679336
1.35036308737
1.42374947369
1.50698233402
1.60193676301
1.71090464417
1.83669516511
1.98276633155
2.15340011544
2.35394016975
2.59112084697
2.87353165181
3.21228569283
3.62200003639
4.12226036802
4.73985064545
5.51221638812
6.4929757822
7.76100272564
9.43638633064
11.7123507538
14.9349536824
19.8538784977
28.484719164
47.0482667022
97.8088994572
292.657925401
1711.15048972
0.826232297853
0.827563219918
0.830175776346
0.834109878956
0.839454226749
0.846318822539
0.8548179345
0.865061025959
0.877149475539
0.891177314423
0.907234644372
0.925412813746
0.945810785779
0.968542420632
0.993744611542
1.0215863766
1.05227912653
1.08608842202
1.12334761855
1.16447388703
1.20998721208
1.2605331201
1.31691009763
1.380102948
1.45132373506
1.53206252442
1.62415093089
1.729842635
1.85191673623
1.99381237699
2.15980700362
2.35525673532
2.58692689017
2.8634558725
3.19601982741
3.59930455025
4.09295522697
4.7037819751
5.4691852547
6.44260767506
7.70252729987
9.36830821173
11.6321353932
14.8395091955
19.7431626953
28.369652533
46.9521382946
97.7505862169
292.6358906
1711.15019402
0.889997460413
0.890954278519
0.892874250946
0.895851355945
0.900026561287
0.905559874751
0.912612526439
0.921336926561
0.931872412165
0.944345169638
0.95887108205
0.975560589408
0.994524955053
1.01588359491
1.03977234482
1.06635271689
1.09582233561
1.12842685929
1.16447379509
1.20434872095
1.24853455141
1.29763464263
1.35240074738
1.41376712568
1.48289252728
1.56121233322
1.65050394912
1.75296969249
1.87134309229
2.00902701554
2.17027583562
2.36043975238
2.58629865934
2.85652774519
3.18236080798
3.57855589498
4.06483141352
4.66804734285
5.4255905656
6.390763115
7.64168035508
9.29701035628
11.5479398643
14.7395355708
19.627902127
28.2508939491
46.8537356636
97.6912306885
292.613527978
1711.14989455
0.960084654606
0.960667222391
0.961890534942
0.963897033454
0.966874119124
0.97102690437
0.976560356222
0.983668624989
0.992529827257
1.00330492159
1.01613961219
1.03116847
1.04852069025
1.06832711663
1.09072835491
1.11588397035
1.14398291377
1.17525545372
1.20998701494
1.24853444666
1.29134538245
1.3389815249
1.39214691295
1.45172253621
1.51880908271
1.59478019405
1.68134942452
1.78065526585
1.8953702757
2.02884281195
2.18528358102
2.37001491536
2.58980966606
2.85336093068
3.17194703219
3.56039408721
4.03850119449
4.63319865401
5.38189232691
6.3377847541
7.57867276558
9.22257300952
11.4597355414
14.6349445072
19.5080231326
28.1284380015
46.7531024218
97.6308746621
292.590855561
1711.14959157
1.03724795264
1.03746085864
1.03799230479
1.03902691639
1.04079176912
1.0435309378
1.04748839133
1.05289717601
1.05997342422
1.06891411865
1.07989779917
1.09308758025
1.10863599583
1.12669133016
1.14740523702
1.17094159595
1.1974866987
1.22726100037
1.26053280824
1.29763442391
1.33898141122
1.38509584969
1.43663467293
1.49442451067
1.55950489068
1.63318226315
1.71709815765
1.81331597682
1.92443263506
2.0537237227
2.20533454323
2.38453494663
2.59806457181
2.85460895683
3.16546943343
3.54552664813
4.01465900107
4.59988115218
5.3386485281
6.28410926929
7.51379644976
9.14513700373
11.3675298475
14.525659811
19.3834449638
28.0022595376
46.6502589016
97.5695430794
292.567884396
1711.14928525
1.12236386313
1.12221597524
1.12206854767
1.12214177515
1.12269509594
1.12400449266
1.12634691135
1.12998987605
1.13518507777
1.14216515081
1.15114309662
1.16231394998
1.17585836433
1.19194786432
1.21075159579
1.23244450518
1.25721700059
1.28528628087
1.31690966463
1.35240040854
1.39214667965
1.43663455348
1.48647616689
1.54244449134
1.60551664746
1.67692830919
1.75824262125
1.85143828629
1.9590232276
2.08418275135
2.23097481962
2.40459056956
2.61170670885
2.86096982456
3.16367431205
3.53473133115
3.99408594974
4.56884135039
5.29652727117
6.23028328331
7.44744249544
9.06492175867
11.2713818068
14.4116290079
19.254087311
27.8723181088
46.5452047395
97.5072453734
292.544619007
1711.14897565
1.21646047657
1.21596432381
1.21515821217
1.21429128493
1.21364786126
1.21352824693
1.21423536564
1.21606541225
1.21930150095
1.22420975851
1.23103757271
1.24001382733
1.25135099778
1.26524899813
1.28190069209
1.30149902808
1.3242458378
1.35036244769
1.38010239001
1.41376666312
1.45172217987
1.4944242685
1.54244436872
1.59650442235
1.65751993421
1.72665432964
1.80538814063
1.89560782594
1.99972083806
2.12080613918
2.2628131287
2.43082750502
2.63143100382
2.87319505212
3.16736932809
3.52886059667
3.9776548608
4.54093470539
5.25631858413
6.17697955117
7.38012045271
8.98224522831
11.1714198593
14.2928370316
19.1198794645
27.7385635955
46.4379222161
97.4439771876
292.521057992
1711.14866276
1.32075441665
1.31992545077
1.31848677865
1.31671016216
1.31489751636
1.31336575817
1.31243619888
1.31242680656
1.31364645703
1.31639079353
1.32093959934
1.32755572038
1.33648561198
1.34796157294
1.36220570891
1.3794356644
1.39987219268
1.42374870464
1.45132305026
1.48289193948
1.518808602
1.55950452458
1.60551640113
1.65751981055
1.71637163728
1.78316392594
1.85929279899
1.94654738169
2.04722554746
2.16428597245
2.30154985896
2.4639713618
2.65800422743
2.89210512571
3.17743457839
3.52884953637
3.96633704684
4.51713372889
5.21894603634
6.12501312336
7.31247835817
8.8975454386
11.0678617841
14.1693220626
18.9807713921
27.6009434158
46.3283807216
97.3797227083
292.497194824
1711.14834648
1.43669797835
1.43555375736
1.43351313313
1.43086469634
1.4279211942
1.42500870623
1.42245917008
1.42060472656
1.41977311091
1.42028381339
1.42244503351
1.4265516098
1.43288416417
1.44170969313
1.45328380226
1.46785474414
1.48566940783
1.50698143496
1.53206171262
1.56121162029
1.59477958931
1.63318177365
1.67692793975
1.72665408303
1.78316380303
1.84748117476
1.92091882378
2.00516627204
2.1024055501
2.21546383918
2.34801690766
2.5048629524
2.69229510599
2.91861391781
3.19484129824
3.53572961537
3.96121282963
4.49853784652
5.18547870677
6.07535737207
7.24532298296
8.81140303015
10.9610363047
14.0411933851
18.8367469334
27.4594117352
46.2165427726
97.3144578834
292.473018983
1711.14802663
1.56603978135
1.56459911273
1.56199006488
1.55851300036
1.55448552147
1.55023603544
1.54609959321
1.54241464743
1.53952004804
1.53775204912
1.53744139868
1.5389107623
1.54247282101
1.54842940598
1.55707201146
1.56868398673
1.58354467208
1.60193573454
1.62414999312
1.65050311246
1.68134869743
1.71709754662
1.75824213073
1.80538777318
1.85929255538
1.92091870314
1.99149921587
2.07262490277
2.16635897971
2.27538923696
2.40323192666
2.55450756627
2.73531776861
2.95376552119
3.22068159998
3.55065149869
3.96348866868
4.48638719418
5.15714475554
6.02916015969
7.17963984061
8.72456398876
10.8514056
13.9086508314
18.6878391599
27.3139410816
46.102372045
97.2481548514
292.448517543
1711.14770301
1.71090362648
1.70918569983
1.70604305611
1.70178364005
1.69672491515
1.69119168346
1.68551522935
1.68003265316
1.6750858073
1.6710196309
1.66817994659
1.66691096743
1.66755287924
1.67043992529
1.67589943569
1.68425222738
1.69581476993
1.71090348782
1.72984157326
1.75296873447
1.78065441912
1.8133152472
1.85143767784
1.89560734097
1.94654702078
2.00516603424
2.07262478569
2.15041972595
2.24049599212
2.34539794689
2.46847210832
2.61414321857
2.78829342855
2.9987882969
3.25621395452
3.57492150636
3.974525072
4.48208379319
5.13534892825
5.98776115624
7.11661275326
8.63796157871
10.7395875312
13.7720049628
18.534147703
27.1645366995
45.9858439227
97.1807879449
292.423677364
1711.1473754
1.87389221762
1.87191574626
1.86827399898
1.86327926004
1.85724496995
1.85048750816
1.84332846988
1.83609656731
1.82912868208
1.8227698833
1.81737243847
1.81329401007
1.81089535827
1.81053796448
1.81258204898
1.81738548328
1.82530409877
1.83669388326
1.85191555332
1.87134201611
1.89536931283
1.92443179066
1.95902250526
1.99972023977
2.04722507364
2.10240519967
2.16635875019
2.24049587979
2.32664845718
2.42721774312
2.54537482952
2.68533507589
2.85273733733
3.05517299515
3.30293109184
3.6100581429
3.9958813249
4.48722535847
5.12169795954
5.95271255561
7.05764342354
8.55273651152
10.6263759702
13.631696621
18.3758575019
27.0112538462
45.8669590458
97.1123416629
292.398488076
1711.14704357
2.05822532311
2.05600770187
2.05189937991
2.04621471936
2.03926042491
2.03134088701
2.02276329129
2.01384192641
2.00490135942
1.99627832734
1.98832233557
1.98139507729
1.97586890298
1.97212467516
1.97054943563
1.97153438484
1.97547372241
1.98276492743
1.99381107651
2.00902582512
2.02884173717
2.05372276801
2.08418191987
2.12080543256
2.1642853909
2.21546338148
2.27538890052
2.34539772789
2.4272176366
2.52311190753
2.63607563487
2.77010645907
2.93058124148
3.12478493903
3.36266002388
3.65787805797
4.02938588347
4.50365970124
5.11804034284
5.92580749245
7.00437277182
8.47025481698
10.5127573513
13.4883139442
18.2132580031
26.8542180178
45.7457602783
97.0428210035
292.372946019
1711.14670738
2.26792631248
2.26548278463
2.26093682589
2.2546035953
2.24678152807
2.23776077238
2.22783074489
2.21728656402
2.20643419968
2.19559425079
2.18510432544
2.1753200661
2.16661494222
2.15937902586
2.15401706767
2.15094629335
2.15059443508
2.15339859326
2.15980559003
2.17027453567
2.18528239928
2.20533348344
2.23097388439
2.26281231937
2.30154917552
2.34801634873
2.40323148955
2.46847178909
2.54537462311
2.63607553517
2.74339866201
2.8711215296
3.02434632382
3.21002500035
3.43770855118
3.72062531575
4.07724563705
4.53357186329
5.12653083155
5.90912382816
6.95870825737
8.39212416748
10.3999217975
13.3426046382
18.0467614851
26.6936478437
45.6223533615
96.972264473
292.347059315
1711.14636683
2.50807764534
2.50542045386
2.50046053894
2.49351353504
2.48486922174
2.47480256516
2.46358329048
2.45148408017
2.43878742708
2.425791146
2.4128125365
2.40019119686
2.3882905209
2.37749796827
2.36822428372
2.36090194655
2.35598325024
2.353938535
2.35525521427
2.36043834866
2.37001363254
2.38453378773
2.40458953672
2.43082659928
2.46397058294
2.50486229893
2.55450703539
2.61414280624
2.68533477694
2.77010626724
2.8711214377
2.99194174711
3.13738871494
3.31406126848
3.53107977558
3.80116490951
4.14221411914
4.57962273957
5.14973628227
5.90509656715
6.92286588662
8.32021237403
10.2892686483
13.1954818057
17.8769192613
26.5298802464
45.4969312905
96.9007599113
292.320854143
1711.14602216
2.78517617645
2.78231365238
2.7769564163
2.76942118892
2.75998980154
2.74892236713
2.73646843793
2.72287657283
2.70840254328
2.69331629767
2.67790773019
2.66249125206
2.64740914527
2.63303369149
2.61976811613
2.60804646856
2.59833267115
2.59111910682
2.58692526885
2.58629715903
2.58980828929
2.59806332089
2.6117055855
2.6314300088
2.65800336039
2.69229436535
2.73531715151
2.78829293088
2.85273695383
2.93058096576
3.02434614852
3.1373886318
3.27425034809
3.44116419877
3.64678715478
3.90327249705
4.2278496855
4.64516864686
5.19080972516
5.91664167976
6.89944381636
8.2566780932
10.1824105037
13.0480242874
17.7044359069
26.363397816
45.3698022084
96.8284629445
292.294382151
1711.14567389
3.10763536313
3.10457087007
3.09882384496
3.09071362167
3.08051582649
3.06847724663
3.05482817217
3.03979294221
3.02359912028
3.00648554889
2.98870941037
2.97055233081
2.95232550324
2.93437377407
2.91707863759
2.90086011997
2.88617761069
2.87352981563
2.8634541602
2.85652615744
2.85335946891
2.85460762263
2.86096861921
2.87319397619
2.89210417877
2.91861309827
2.95376482621
2.99878772239
3.05517253578
3.12478458834
3.21002475083
3.31406111166
3.44116412537
3.59719463351
3.79031960872
4.03206960689
4.33891214328
4.73460878668
5.25377681217
5.94737072444
6.89155974836
8.20403694135
10.0811904177
12.9014801849
17.5301863222
26.1948601291
45.2414206262
96.7556174011
292.267728645
1711.14532304
3.48650752333
3.48323812409
3.47709716439
3.46840904894
3.45744593832
3.44444394757
3.42961632948
3.41316464902
3.39528855652
3.37619454062
3.35610388526
3.33525993744
3.31393470232
3.29243471633
3.27110610739
3.25033873974
3.2305693655
3.21228377272
3.19601803618
3.18235914462
3.1719454969
3.16546802703
3.16367303536
3.1673681815
3.17743356146
3.19484040948
3.22068083667
3.25621331266
3.30293056617
3.36265960792
3.43770823732
3.53107955521
3.64678701839
3.79031954602
3.96933244127
4.19468063569
4.4819742285
4.85393628753
5.34400820552
6.00196534725
6.90311347002
8.16531364428
9.98775113769
12.7573014974
17.3552527247
26.0251460648
45.1124227234
96.6825765089
292.241020783
1711.14497117
3.93654198814
3.93305660703
3.92650237435
3.91721222637
3.90545859756
3.89147066359
3.87544810003
3.85757260167
3.83801793088
3.81695899753
3.79458029497
3.77108388459
3.74669701759
3.72167939798
3.69633002122
3.67099347319
3.64606554746
3.62199804778
3.59930269559
3.57855417135
3.56039249339
3.54552518396
3.53472999691
3.52885939251
3.52884846189
3.53572866924
3.55065067843
3.57492080822
3.6100575618
3.65787758754
3.72062494839
3.80116463654
3.9032723088
4.03206949284
4.19468058459
4.40123049528
4.6663690225
5.01161586588
5.46900198582
6.08683461471
6.93929258867
8.14438850793
9.90475002418
12.6172831469
17.1810283049
25.8554278997
44.9836701199
96.6098235445
292.214434552
1711.14462051
4.4777663809
4.47404306801
4.46703583663
4.45709079001
4.44448546209
4.42944691495
4.41216589899
4.39280852064
4.37152632137
4.34846537572
4.32377482405
4.29761511985
4.27016616586
4.24163542509
4.21226601361
4.18234471152
4.15220976748
4.12225833036
4.09295332862
4.06482964939
4.03849956163
4.01465749808
3.99408457611
3.97765361632
3.96633593106
3.9612118414
3.96348780585
3.97452433119
3.99588070138
4.02938537113
4.07724522847
4.14221380569
4.22784945747
4.33891199
4.48197413853
4.66636898379
4.90566638913
5.21998965373
5.63968758732
6.2112769866
7.00755101872
8.14676813496
9.83593517302
12.4839835464
17.009503456
25.6873315596
44.8563171564
96.5379919549
292.18819892
1711.14427399
5.13790030908
5.13390189712
5.12637334807
5.11568008372
5.10211087608
5.08589672104
5.067225331
5.04625285638
5.02311385068
4.99793017212
4.97081931344
4.94190251595
4.91131292448
4.87920395956
4.84575800923
4.81119547154
4.77578410605
4.73984858297
4.70378005804
4.66804556357
4.63319700746
4.5998796353
4.56883996153
4.54093344367
4.5171325936
4.49853683659
4.48638630777
4.48208302737
4.48722470897
4.50365916242
4.53357142809
4.57962239959
4.64516839253
4.73460860735
4.85393617168
5.01161580136
5.2199896279
5.49754537318
5.87261661139
6.38955233414
7.11951024878
8.18126548979
9.78756527126
12.3618374304
16.8440102601
25.5233190354
44.7319456123
96.4678907776
292.162595891
1711.14393525
5.95612498607
5.95179182908
5.94363137053
5.9320366593
5.91731563331
5.8997108268
5.8794142482
5.85657917759
5.83132999
5.80377076499
5.77399323195
5.74208446603
5.70813465872
5.67224521888
5.63453740152
5.59516160339
5.5543074005
5.51221433119
5.46918335051
5.42558880363
5.38189069953
5.33864703011
5.29652589927
5.25631733627
5.21894491117
5.185477703
5.15714387144
5.13534816127
5.12169730595
5.11803979757
5.1265303881
5.14973593272
5.19080946029
5.25377662157
5.34400807785
5.46900190899
5.63968754875
5.87261659836
6.1936879782
6.64461899834
7.29467104676
8.26360127328
9.77172499068
12.2598856743
16.6910697158
25.3676307755
44.6128886872
96.4005594696
292.137957192
1711.14360845
6.98912252862
6.98435988632
6.97539092734
6.96264797831
6.94646878983
6.92711731196
6.90479916118
6.87967365424
6.85186359777
6.82146364927
6.78854784208
6.75317672973
6.71540452025
6.67528651459
6.63288712122
6.58828868073
6.54160129106
6.4929737701
6.44260582473
6.39076141265
6.33778318903
6.2841078336
6.23028197141
6.17697835925
6.12501204878
6.0753564128
6.02915931373
5.98776042112
5.952711928
5.92580696787
5.90912340076
5.90509622972
5.91664142371
5.94737053994
6.00196522342
6.08683453986
6.21127694852
6.38955232049
6.64461899706
7.014991465
7.56770071006
8.42399914267
9.81375228708
12.1981456934
16.5648403487
25.2286408074
44.5030830435
96.3374308116
292.114664938
1711.14329801
8.32105795729
8.31571369555
8.30565176027
8.29136093684
8.2732239274
8.25153968157
8.22653986063
8.19840144625
8.16725677032
8.13320183599
8.09630355779
8.05660640389
8.01413883825
7.96891991079
7.92096631353
7.87030020076
7.81695805006
7.76100081254
7.70252555938
7.64167876977
7.57867132121
7.51379513509
7.44744130192
7.38011937399
7.31247738959
7.245322121
7.17963908233
7.11661209577
7.05764286352
7.00437230516
6.95870787891
6.92286558994
6.89944359379
6.89155959102
6.90311336796
6.93929253108
7.00755099427
7.11951024598
7.29467105443
7.56770071803
8.0028580417
8.72291298675
9.96824722826
12.2219141346
16.4976565226
25.1248421728
44.4104256983
96.2808501005
292.093183103
1711.1430082
10.0808648038
10.0746911625
10.0630721947
10.0465798058
10.0256645833
10.0006805422
9.97190328955
9.9395437933
9.90375914621
9.86466126235
9.82232417478
9.77679044076
9.72807706799
9.67618132455
9.62108676807
9.56276982096
9.5012072119
9.43638459745
9.36830666288
9.2970089703
9.22257176813
9.14513589178
9.06492076392
8.98224434109
8.89754465139
8.81140233711
8.7245633852
8.6379610606
8.55273607502
8.47025445797
8.39212388127
8.32021215509
8.25667793503
8.20403683643
8.16531358419
8.14438848347
8.14676813646
8.18126550739
8.26360129745
8.42399916479
8.72291299991
9.28291877986
10.3522487271
12.4328377137
16.5648168116
25.1004315541
44.3536111254
96.2357744434
292.07421103
1711.14274272
12.4749573108
12.4675559123
12.4536335453
12.4338877154
12.4088732081
12.3790306039
12.3447072459
12.3061730876
12.2636329749
12.2172364006
12.1670854563
12.1132415209
12.0557311149
11.994551286
11.9296748627
11.8610559003
11.7886356422
11.7123493253
11.6321341583
11.5479387972
11.4597346192
11.3675290507
11.2713811189
11.1714192666
11.0678612756
10.9610358714
10.851405235
10.7395872286
10.6263757251
10.5127571593
10.3999216543
10.2892685493
10.1824104439
10.0811903916
9.98775113927
9.90475004677
9.83593520964
9.78756531487
9.77172503447
9.81375232497
9.96824725544
10.3522487408
11.2117233858
13.0547799226
16.9428823955
25.2670585292
44.383083492
96.2156562533
292.059301299
1711.14250438
15.8613590698
15.8521584551
15.834863778
15.8103618806
15.7793672739
15.7424560739
15.7000911556
15.6526412689
15.6003958839
15.5435769359
15.4823482756
15.4168234093
15.3470719816
15.2731253707
15.1949817248
15.1126107471
15.0259585282
14.9349527309
14.8395084371
14.7395349751
14.6349440468
14.5256594618
14.4116287489
14.2928368453
14.1693219342
14.0411933027
13.9086507854
13.7720049459
13.6316966274
13.4883139693
13.3426046785
13.1954818583
13.0480243495
12.901480254
12.7573015706
12.6172832213
12.4839836191
12.3618374982
12.2598857342
12.198145743
12.2219141718
12.4328377375
13.0547799335
14.5733280785
18.0478105814
25.9187087992
44.6491068884
96.2647780451
292.053458443
1711.14229484
20.9702559042
20.9587722292
20.9372075565
20.9067040429
20.8681978627
20.8224588506
20.7701203194
20.7117020333
20.6476282645
20.5782422019
20.5038175786
20.4245681368
20.340655397
20.2521951073
20.159262686
20.0618979452
19.960109364
19.8538781762
19.7431625459
19.6279021158
19.5080232289
19.3834451402
19.2540875436
19.1198797332
18.9807716801
18.8367472271
18.687839449
18.5341479798
18.3758577611
18.2132582415
18.0467617012
17.8769194546
17.7044360781
17.5301864723
17.3552528552
17.1810284173
17.0095035517
16.8440103402
16.6910697815
16.5648404009
16.497656562
16.5648168391
16.9428824122
18.0478105887
20.8705748329
27.8552104969
45.6349848536
96.5531255436
292.077949706
1711.14211474
29.7054564243
29.6923167827
29.66767541
29.6328929693
29.5891075419
29.5372751882
29.4782011146
29.4125642048
29.3409366911
29.2638001277
29.1815584524
29.0945487001
29.0030497908
28.9072897349
28.807451534
28.7036780363
28.5960759765
28.484719432
28.3696529276
28.2508944369
28.1284385525
28.0022601252
27.8723187102
27.7385641916
27.6009439912
27.4594122782
27.3139415835
27.1645371547
27.011254252
26.8542183735
26.6936481505
26.5298805071
26.3633980343
26.1948603093
26.0251462117
25.8554280182
25.687331654
25.5233191098
25.3676308335
25.2286408521
25.1248422064
25.1004315786
25.2670585459
25.9187088093
27.8552105013
33.3224578843
48.9906009245
97.8258208205
292.250092479
1711.14196387
48.119457799
48.1074111881
48.0848504126
48.0530729528
48.0131835201
47.9661261514
47.9127095229
47.8536274128
47.789475532
47.7207654991
47.6479364891
47.5713649288
47.4913725343
47.4082329302
47.3221770548
47.2333975455
47.1420522785
47.0482672393
46.9521389032
46.8537363174
46.7531030974
46.6502595787
46.5452054012
46.4379228484
46.328381314
46.2165433172
46.102372537
45.9858443596
45.8669594272
45.7457606057
45.6223536378
45.4969315198
45.3698023956
45.2414207764
45.1124228421
44.9836702123
44.8563172274
44.7319456662
44.6128887279
44.5030830741
44.4104257212
44.3536111424
44.3830835044
44.6491068971
45.634984859
48.9906009269
60.6427519984
103.721729183
293.427183807
1711.14184161
98.4817103006
98.4739062894
98.4593055705
98.4387722268
98.4130504732
98.3827828471
98.3485249139
98.3107574566
98.2698967395
98.2263032112
98.1802888856
98.1321235792
98.0820401419
98.0302388072
97.9768907664
97.9221410774
97.8661110043
97.8088998926
97.7505866814
97.691231167
97.6308751415
97.5695435483
97.5072458226
97.4439776098
97.3797230981
97.3144582371
97.2481551671
97.180788222
97.1123419022
97.0428212066
96.9722646425
96.9007600502
96.8284630563
96.7556174895
96.6825765775
96.6098235969
96.5379919943
96.4678908068
96.4005594912
96.3374308274
96.2808501122
96.2357744522
96.2156562599
96.26477805
96.5531255471
97.8258208228
103.721729184
133.557449153
303.565471102
1711.14174733
292.916882097
292.913829261
292.908120669
292.90009924
292.89006201
292.878266686
292.864937029
292.850267391
292.834426589
292.817561239
292.799798605
292.781249033
292.762008009
292.742157876
292.721769255
292.7009022
292.679607133
292.657925585
292.635890791
292.61352817
292.590855751
292.567884578
292.544619179
292.521058152
292.49719497
292.473019114
292.448517658
292.423677464
292.398488161
292.37294609
292.347059373
292.32085419
292.294382189
292.267728675
292.241020807
292.21443457
292.188198935
292.162595903
292.137957203
292.114664948
292.093183111
292.074211038
292.059301306
292.053458449
292.077949711
292.250092484
293.427183811
303.565471104
408.082902633
1711.14168107
1711.15400901
1711.15396707
1711.15388869
1711.1537786
1711.15364095
1711.15347933
1711.15329686
1711.15309628
1711.15287996
1711.15264996
1711.15240808
1711.15215587
1711.1518947
1711.15162572
1711.15134994
1711.15106822
1711.15078128
1711.15048972
1711.15019402
1711.14989455
1711.14959157
1711.14928525
1711.14897566
1711.14866276
1711.14834648
1711.14802663
1711.14770302
1711.1473754
1711.14704357
1711.14670738
1711.14636684
1711.14602216
1711.14567389
1711.14532304
1711.14497117
1711.14462051
1711.14427399
1711.14393525
1711.14360845
1711.14329801
1711.1430082
1711.14274273
1711.14250438
1711.14229484
1711.14211474
1711.14196387
1711.14184161
1711.14174732
1711.14168107
1711.1416449
)
;

boundaryField
{
    side_walls
    {
        Cmu             0.09;
        kappa           0.41;
        E               9.8;
        beta1           0.075;
        type            omegaWallFunction;
        value           nonuniform List<scalar> 
100
(
1711.15400901
1711.15396708
1711.15388869
1711.15377861
1711.15364095
1711.15347933
1711.15329687
1711.15309629
1711.15287996
1711.15264996
1711.15240808
1711.15215587
1711.15189469
1711.15162571
1711.15134994
1711.15106822
1711.15078128
1711.15048972
1711.15019402
1711.14989455
1711.14959157
1711.14928525
1711.14897565
1711.14866276
1711.14834648
1711.14802663
1711.14770301
1711.1473754
1711.14704357
1711.14670738
1711.14636683
1711.14602216
1711.14567389
1711.14532304
1711.14497117
1711.14462051
1711.14427399
1711.14393525
1711.14360845
1711.14329801
1711.1430082
1711.14274272
1711.14250438
1711.14229484
1711.14211474
1711.14196387
1711.14184161
1711.14174733
1711.14168107
1711.1416449
1711.15400901
1711.15396707
1711.15388869
1711.1537786
1711.15364095
1711.15347933
1711.15329686
1711.15309628
1711.15287996
1711.15264996
1711.15240808
1711.15215587
1711.1518947
1711.15162572
1711.15134994
1711.15106822
1711.15078128
1711.15048972
1711.15019402
1711.14989455
1711.14959157
1711.14928525
1711.14897566
1711.14866276
1711.14834648
1711.14802663
1711.14770302
1711.1473754
1711.14704357
1711.14670738
1711.14636684
1711.14602216
1711.14567389
1711.14532304
1711.14497117
1711.14462051
1711.14427399
1711.14393525
1711.14360845
1711.14329801
1711.1430082
1711.14274273
1711.14250438
1711.14229484
1711.14211474
1711.14196387
1711.14184161
1711.14174732
1711.14168107
1711.1416449
)
;
    }
    inlet
    {
        type            cyclic;
    }
    outlet
    {
        type            cyclic;
    }
    side_left
    {
        type            symmetryPlane;
    }
    side_bottom
    {
        type            symmetryPlane;
    }
}


// ************************************************************************* //
