/*--------------------------------*- C++ -*----------------------------------*\
| =========                 |                                                 |
| \\      /  F ield         | OpenFOAM: The Open Source CFD Toolbox           |
|  \\    /   O peration     | Version:  3.0.1                                 |
|   \\  /    A nd           | Web:      www.OpenFOAM.org                      |
|    \\/     M anipulation  |                                                 |
\*---------------------------------------------------------------------------*/
FoamFile
{
    version     2.0;
    format      ascii;
    class       volScalarField;
    location    "50000";
    object      p;
}
// * * * * * * * * * * * * * * * * * * * * * * * * * * * * * * * * * * * * * //

dimensions      [0 2 -2 0 0 0 0];

internalField   nonuniform List<scalar> 
2500
(
-3.62566875668e-15
-9.12660313261e-15
-1.09853266501e-14
-1.11236623174e-14
-1.12305986025e-14
-1.32568480564e-14
-1.52936451883e-14
-1.86088517612e-14
-2.25070069637e-14
-2.6420771244e-14
-3.02929377227e-14
-3.36086762794e-14
-3.69592948271e-14
-3.93620583906e-14
-4.17425541776e-14
-4.30996195488e-14
-4.41448172498e-14
-4.42195512671e-14
-4.3614515255e-14
-4.24469144555e-14
-4.06531062225e-14
-3.82644973327e-14
-3.53585513937e-14
-3.18857993379e-14
-2.8059878352e-14
-2.38149913267e-14
-1.92250367713e-14
-1.43868776672e-14
-9.27621957716e-15
-3.94589106189e-15
1.54821463229e-15
7.15482162333e-15
1.28451367836e-14
1.85543608052e-14
2.42371103187e-14
2.98833241491e-14
3.54267531786e-14
4.08263764103e-14
4.60190026371e-14
5.09591666012e-14
5.55914150764e-14
5.9835484507e-14
6.3597520128e-14
6.67553638822e-14
6.91868430649e-14
7.08344539867e-14
7.18412211279e-14
7.25103070893e-14
7.31186390605e-14
7.36813556571e-14
-8.54367410801e-15
-9.46268420577e-15
-1.00583407623e-14
-1.11586922765e-14
-1.21363488041e-14
-1.40435987913e-14
-1.58366347782e-14
-1.86163787457e-14
-2.23598849799e-14
-2.60500629013e-14
-2.95971151181e-14
-3.30021712236e-14
-3.61591816982e-14
-3.87570040211e-14
-4.12312455692e-14
-4.27796989899e-14
-4.37300393104e-14
-4.38760187528e-14
-4.33209595512e-14
-4.2079865155e-14
-4.02435037286e-14
-3.78847976004e-14
-3.50073857593e-14
-3.18178919091e-14
-2.80203176611e-14
-2.39809466863e-14
-1.95463183065e-14
-1.47875928209e-14
-9.75998564217e-15
-4.56908646261e-15
7.77061080051e-16
6.25825233279e-15
1.18040153326e-14
1.73718353735e-14
2.29482589599e-14
2.84718878351e-14
3.3885210398e-14
3.91762285358e-14
4.42542656026e-14
4.90964036123e-14
5.36239371935e-14
5.77621808998e-14
6.14196474441e-14
6.45003529886e-14
6.68683677674e-14
6.84717316093e-14
6.9452706584e-14
7.01039908201e-14
7.06968944936e-14
7.12445981308e-14
-9.52110065835e-15
-1.00609845878e-14
-1.04465959096e-14
-1.13494746756e-14
-1.25557254557e-14
-1.41989007918e-14
-1.62835357028e-14
-1.89649487208e-14
-2.21625290981e-14
-2.55205495435e-14
-2.88709787866e-14
-3.21965021198e-14
-3.50946569656e-14
-3.78674143049e-14
-4.031761454e-14
-4.18958648576e-14
-4.27322137738e-14
-4.28175499421e-14
-4.22354579019e-14
-4.11083644722e-14
-3.95549653791e-14
-3.71903433748e-14
-3.439388435e-14
-3.13202301417e-14
-2.781195883e-14
-2.37854308819e-14
-1.96672712981e-14
-1.50215910753e-14
-1.01731770539e-14
-5.23313524443e-15
-1.30428079374e-16
5.00347099952e-15
1.02743787791e-14
1.55825320305e-14
2.08696659246e-14
2.61367121937e-14
3.12887298879e-14
3.6327116837e-14
4.11740148945e-14
4.57890208671e-14
5.01092274332e-14
5.40558938309e-14
5.75515809479e-14
6.04825017534e-14
6.27407354452e-14
6.42688761076e-14
6.52035264332e-14
6.58248668075e-14
6.6390324136e-14
6.6913360433e-14
-9.3617299761e-15
-9.85378055707e-15
-1.02851221151e-14
-1.11571566126e-14
-1.23712672466e-14
-1.39970079741e-14
-1.59691311609e-14
-1.82643102742e-14
-2.14102888417e-14
-2.46935352139e-14
-2.78118895265e-14
-3.09987197593e-14
-3.38370061753e-14
-3.65453730841e-14
-3.87585859435e-14
-4.02230858127e-14
-4.09370613165e-14
-4.10135259079e-14
-4.07053712054e-14
-3.9704969234e-14
-3.80977272213e-14
-3.6084571929e-14
-3.35945263659e-14
-3.0716472283e-14
-2.74973318792e-14
-2.38828099154e-14
-1.99481415596e-14
-1.57210607896e-14
-1.12751280366e-14
-6.62873227248e-15
-1.82547820629e-15
3.0401906833e-15
8.01413480897e-15
1.29862354489e-14
1.79483065426e-14
2.28489613192e-14
2.76816287816e-14
3.23616858799e-14
3.68822662167e-14
4.11787558755e-14
4.52032351663e-14
4.88873780899e-14
5.2148079446e-14
5.48797508595e-14
5.69809849766e-14
5.84010376838e-14
5.92675710212e-14
5.98462585138e-14
6.03735576677e-14
6.08614858851e-14
-8.83689358705e-15
-9.59433804173e-15
-9.71269699874e-15
-1.05940667033e-14
-1.17096347563e-14
-1.33007967904e-14
-1.52851655179e-14
-1.7647342683e-14
-2.04017891837e-14
-2.33388164947e-14
-2.63195072315e-14
-2.91680397841e-14
-3.17894822088e-14
-3.41997377703e-14
-3.6287817631e-14
-3.75802600142e-14
-3.8197663611e-14
-3.84689348698e-14
-3.84273380361e-14
-3.76311001378e-14
-3.63090746867e-14
-3.458452195e-14
-3.24571727705e-14
-2.97579626921e-14
-2.68826101205e-14
-2.35985162067e-14
-1.99868904319e-14
-1.60732469576e-14
-1.20564211326e-14
-7.80406208328e-15
-3.47143116203e-15
9.13486779249e-16
5.38073915131e-15
9.88865403572e-15
1.43988886414e-14
1.88688645936e-14
2.32600490801e-14
2.7536679834e-14
3.16640581337e-14
3.55973144458e-14
3.92779641035e-14
4.26488108544e-14
4.56200886216e-14
4.81230068568e-14
5.00390968219e-14
5.13326216783e-14
5.21216877633e-14
5.26480551714e-14
5.31289638295e-14
5.35740899313e-14
-7.51755747842e-15
-7.88250551818e-15
-8.52167310306e-15
-9.41156117865e-15
-1.05529246553e-14
-1.21246900191e-14
-1.40636080049e-14
-1.63857642202e-14
-1.89703037557e-14
-2.17278462885e-14
-2.45711706435e-14
-2.74568228223e-14
-2.98877477685e-14
-3.18548285836e-14
-3.34039820028e-14
-3.47754978911e-14
-3.5519535035e-14
-3.59443547821e-14
-3.59192700765e-14
-3.5490269702e-14
-3.44769720682e-14
-3.30421891971e-14
-3.10977060931e-14
-2.88060694026e-14
-2.62440207235e-14
-2.31991588952e-14
-2.00456133525e-14
-1.66362637447e-14
-1.3096176641e-14
-9.296509757e-15
-5.51604194413e-15
-1.52682830323e-15
2.45491794183e-15
6.47142483544e-15
1.04788126353e-14
1.44451656538e-14
1.83380769137e-14
2.21333507544e-14
2.57957287704e-14
2.92920349678e-14
3.25613434809e-14
3.55541865677e-14
3.81998874351e-14
4.04229163732e-14
4.21177599525e-14
4.32642174224e-14
4.39599765607e-14
4.44252676373e-14
4.48509060235e-14
4.52465046766e-14
-5.76323624546e-15
-6.11557155646e-15
-6.99922896626e-15
-8.04202278749e-15
-9.01140282744e-15
-1.05640307364e-14
-1.2484042839e-14
-1.47290042612e-14
-1.72020163592e-14
-1.98344794876e-14
-2.25887674588e-14
-2.5056698291e-14
-2.73545406932e-14
-2.94277306352e-14
-3.10555584098e-14
-3.23577958763e-14
-3.3131773342e-14
-3.35891763787e-14
-3.35596747593e-14
-3.31298826099e-14
-3.23790771783e-14
-3.11314353123e-14
-2.9546014184e-14
-2.75286370481e-14
-2.53338527238e-14
-2.28068872187e-14
-2.01095519996e-14
-1.71946266189e-14
-1.41181550448e-14
-1.09170404632e-14
-7.53606252691e-15
-4.1183412709e-15
-6.67551271749e-16
2.81122199574e-15
6.27247094725e-15
9.69661478959e-15
1.30521501658e-14
1.63448579709e-14
1.95072100748e-14
2.25261552802e-14
2.53437314593e-14
2.79196331504e-14
3.01924013832e-14
3.20945273874e-14
3.35546555696e-14
3.45301144111e-14
3.51242238367e-14
3.55213639936e-14
3.58863354663e-14
3.62253705586e-14
-3.27477206467e-15
-3.7260855437e-15
-4.57681057867e-15
-5.66652475152e-15
-7.02389118424e-15
-8.61038618622e-15
-1.05641251573e-14
-1.27800028231e-14
-1.51739356374e-14
-1.76661678196e-14
-2.01753235316e-14
-2.25610710481e-14
-2.48272834947e-14
-2.69210308232e-14
-2.8602193351e-14
-2.98221678833e-14
-3.06086767891e-14
-3.10132464431e-14
-3.1141052543e-14
-3.08664171346e-14
-3.032847481e-14
-2.93131220565e-14
-2.79795331815e-14
-2.62013429965e-14
-2.44753353473e-14
-2.23952105715e-14
-2.01207745186e-14
-1.76681182854e-14
-1.49963845759e-14
-1.23638614066e-14
-9.57705105678e-15
-6.6973136833e-15
-3.84804665693e-15
-9.62684894586e-16
1.89586334061e-15
4.73825806383e-15
7.52682595629e-15
1.02699489517e-14
1.2858320374e-14
1.53775810147e-14
1.77113675599e-14
1.98523631561e-14
2.17244577692e-14
2.3300546871e-14
2.45028380197e-14
2.53101753459e-14
2.57963808231e-14
2.61216207145e-14
2.64198607828e-14
2.6697693592e-14
-7.53958118905e-16
-1.30259830611e-15
-2.04452281232e-15
-3.18965804654e-15
-4.65799030964e-15
-6.38831287323e-15
-8.41612853037e-15
-1.0640536465e-14
-1.30041327305e-14
-1.54231640097e-14
-1.78218256086e-14
-2.01174081649e-14
-2.2302223973e-14
-2.41122463325e-14
-2.57444281251e-14
-2.70829197579e-14
-2.7930758163e-14
-2.83440644943e-14
-2.85253591635e-14
-2.83269430441e-14
-2.78753423774e-14
-2.70927715716e-14
-2.62454504396e-14
-2.48355944276e-14
-2.34984126579e-14
-2.18383142612e-14
-2.00422533837e-14
-1.80516028062e-14
-1.59801193923e-14
-1.37499939589e-14
-1.15374486845e-14
-9.20542355479e-15
-6.93065660503e-15
-4.66832970235e-15
-2.45309751943e-15
-2.01786071377e-16
1.9727234783e-15
4.12778811676e-15
6.17556372406e-15
8.13686005025e-15
9.97041487299e-15
1.16325868595e-14
1.31149082235e-14
1.43333571575e-14
1.52687283608e-14
1.58875563183e-14
1.62612268005e-14
1.65082625244e-14
1.67364253459e-14
1.69489540222e-14
1.93480675299e-15
1.44214960469e-15
6.081859595e-16
-6.0213630531e-16
-2.18710442e-15
-3.99527972812e-15
-6.13551412241e-15
-8.38456504141e-15
-1.07696374406e-14
-1.3176723911e-14
-1.55158209328e-14
-1.77320164156e-14
-1.97622987361e-14
-2.15517388418e-14
-2.32638021942e-14
-2.44573311254e-14
-2.55100858937e-14
-2.589082662e-14
-2.61753216452e-14
-2.61306049198e-14
-2.57215215902e-14
-2.53435383918e-14
-2.44559307881e-14
-2.34733173805e-14
-2.23793731649e-14
-2.10085245709e-14
-1.9723731118e-14
-1.81995240615e-14
-1.66073019759e-14
-1.49537801864e-14
-1.32944881977e-14
-1.1598304888e-14
-9.91450943842e-15
-8.26079536576e-15
-6.64720181283e-15
-5.04167458004e-15
-3.4693930877e-15
-1.93285556553e-15
-4.71039558742e-16
9.33247995092e-16
2.23024446326e-15
3.41568033889e-15
4.45810553134e-15
5.32846481391e-15
5.98775428484e-15
6.42714077225e-15
6.68507790475e-15
6.853709634e-15
7.00885141586e-15
7.1525228088e-15
4.69723395683e-15
4.22677025546e-15
3.33662399263e-15
2.09330011852e-15
3.37863193181e-16
-1.56580569008e-15
-3.81968739605e-15
-6.08956618001e-15
-8.52337426562e-15
-1.09904045557e-14
-1.3325979382e-14
-1.55063050433e-14
-1.75147888926e-14
-1.92770033366e-14
-2.08339450505e-14
-2.20196644963e-14
-2.30038194251e-14
-2.34576803481e-14
-2.37746444896e-14
-2.37971620139e-14
-2.36480071666e-14
-2.32071174258e-14
-2.27494385267e-14
-2.18750330695e-14
-2.10562844986e-14
-2.018167121e-14
-1.91357131431e-14
-1.81440340126e-14
-1.70399966473e-14
-1.59586840859e-14
-1.48766957267e-14
-1.38220140336e-14
-1.27625997165e-14
-1.17276335704e-14
-1.06765527797e-14
-9.70960687789e-15
-8.70938503915e-15
-7.8056230913e-15
-6.92553548166e-15
-6.09159652037e-15
-5.31230291389e-15
-4.60526800369e-15
-3.98562809632e-15
-3.47313677843e-15
-3.08943442962e-15
-2.83715243109e-15
-2.69690725615e-15
-2.60981012644e-15
-2.53189734315e-15
-2.4598067202e-15
7.42747884061e-15
7.08443751094e-15
6.08697087112e-15
4.8982766838e-15
2.81763193346e-15
1.00410435887e-15
-1.54657693805e-15
-3.894444209e-15
-6.45833034323e-15
-8.92606599242e-15
-1.12840865793e-14
-1.34552360264e-14
-1.55444613859e-14
-1.72548957597e-14
-1.87385672684e-14
-1.99084582795e-14
-2.07409994977e-14
-2.12907057819e-14
-2.16300636235e-14
-2.17599147747e-14
-2.16319996033e-14
-2.12971037707e-14
-2.08551398875e-14
-2.03637229433e-14
-1.98063450011e-14
-1.92066554204e-14
-1.86597596208e-14
-1.79883067449e-14
-1.74000685468e-14
-1.6861375959e-14
-1.62886846474e-14
-1.58052588255e-14
-1.53322650511e-14
-1.48693857446e-14
-1.44706254723e-14
-1.4089140559e-14
-1.37232701122e-14
-1.33821393651e-14
-1.30689451511e-14
-1.27854966414e-14
-1.25289121727e-14
-1.23166124215e-14
-1.21196277821e-14
-1.19598548683e-14
-1.18482320953e-14
-1.17839141672e-14
-1.17617375076e-14
-1.17571667671e-14
-1.17573043786e-14
-1.17587769921e-14
1.01308288639e-14
9.61236478773e-15
8.38868749993e-15
6.97281428775e-15
5.03478492998e-15
3.44996022799e-15
5.46334429427e-16
-1.79782644623e-15
-4.48638396902e-15
-6.97126976125e-15
-9.41204854423e-15
-1.14799567249e-14
-1.36805471386e-14
-1.54854176707e-14
-1.70761701921e-14
-1.80788371576e-14
-1.89533256341e-14
-1.94037257142e-14
-1.9714338475e-14
-1.99010187569e-14
-1.9755415779e-14
-1.95479502139e-14
-1.92434019858e-14
-1.88744411219e-14
-1.85096954021e-14
-1.82110780663e-14
-1.79243067e-14
-1.76714601756e-14
-1.74746239273e-14
-1.74048630723e-14
-1.73611415398e-14
-1.74139531298e-14
-1.75091140411e-14
-1.76515553498e-14
-1.78353119706e-14
-1.80475280018e-14
-1.82708321955e-14
-1.85342985745e-14
-1.87936398353e-14
-1.90448652298e-14
-1.93075751395e-14
-1.95511838506e-14
-1.97753137885e-14
-1.99683402564e-14
-2.01252817903e-14
-2.02445961872e-14
-2.03373818995e-14
-2.04157470514e-14
-2.0495672034e-14
-2.05716064536e-14
1.23974428643e-14
1.18139724022e-14
1.04529171783e-14
8.94900364068e-15
6.96607170757e-15
5.19999547637e-15
2.27122157444e-15
-2.40587739119e-16
-2.79646504241e-15
-5.1280417467e-15
-7.85028745514e-15
-1.01128653031e-14
-1.21948435059e-14
-1.39665483171e-14
-1.54548392852e-14
-1.6621879122e-14
-1.73162139474e-14
-1.77886514256e-14
-1.80747331043e-14
-1.81760464407e-14
-1.81107933456e-14
-1.79474642064e-14
-1.77276233973e-14
-1.75132599354e-14
-1.72843399125e-14
-1.71776247666e-14
-1.71728647379e-14
-1.721387662e-14
-1.74396065116e-14
-1.77372519158e-14
-1.81525516032e-14
-1.86628306539e-14
-1.92801312434e-14
-1.99736388229e-14
-2.07336578353e-14
-2.15380709831e-14
-2.23550451217e-14
-2.31843326148e-14
-2.39930307007e-14
-2.47842929928e-14
-2.55376468944e-14
-2.62501638011e-14
-2.68759142307e-14
-2.74190616674e-14
-2.78372883335e-14
-2.81321211412e-14
-2.83370715052e-14
-2.84961996525e-14
-2.86549811564e-14
-2.88066040925e-14
1.43142431501e-14
1.36789854078e-14
1.22592864155e-14
1.0677981752e-14
8.51111049603e-15
6.33715956994e-15
3.64652779215e-15
1.17907857978e-15
-1.49577782205e-15
-3.97222019559e-15
-6.62216879536e-15
-8.8773946428e-15
-1.09221463067e-14
-1.27177126886e-14
-1.41818473637e-14
-1.52195809849e-14
-1.60031928097e-14
-1.64850512135e-14
-1.67421342748e-14
-1.68176295617e-14
-1.67433170981e-14
-1.65660597266e-14
-1.63041162013e-14
-1.61941569864e-14
-1.61083639091e-14
-1.61201747919e-14
-1.62991256384e-14
-1.66282950549e-14
-1.70956692595e-14
-1.77419657722e-14
-1.85623884259e-14
-1.95477682847e-14
-2.06730735632e-14
-2.19135431627e-14
-2.32108631096e-14
-2.45577472854e-14
-2.593374125e-14
-2.72884862537e-14
-2.86415224184e-14
-2.99390991195e-14
-3.11688477955e-14
-3.23152146417e-14
-3.33348266923e-14
-3.41987954415e-14
-3.4861575264e-14
-3.53247173039e-14
-3.56382026244e-14
-3.58772523137e-14
-3.61148265592e-14
-3.63414857838e-14
1.56408894633e-14
1.50051301177e-14
1.35433563873e-14
1.18899454546e-14
9.64479811121e-15
7.62027062114e-15
4.72915618512e-15
2.32643275018e-15
-5.3140135051e-16
-3.18683586263e-15
-5.69722953822e-15
-7.7869103963e-15
-1.00358179816e-14
-1.1753403707e-14
-1.33249836129e-14
-1.42899719188e-14
-1.50046819503e-14
-1.5472198645e-14
-1.57194606886e-14
-1.5759947631e-14
-1.56336130875e-14
-1.54390417491e-14
-1.52053956642e-14
-1.50822001346e-14
-1.50655114599e-14
-1.5155658688e-14
-1.55141657466e-14
-1.59134259186e-14
-1.66601312745e-14
-1.76201911432e-14
-1.88208169827e-14
-2.02238481062e-14
-2.17921800573e-14
-2.34482710047e-14
-2.52102105882e-14
-2.71049010632e-14
-2.89599270328e-14
-3.0829909958e-14
-3.26869923545e-14
-3.44552797645e-14
-3.61419198004e-14
-3.7703718358e-14
-3.9089411513e-14
-4.02585949342e-14
-4.11562202788e-14
-4.17744242186e-14
-4.2189829503e-14
-4.25051815975e-14
-4.28193247597e-14
-4.3119630875e-14
1.645831285e-14
1.58324181763e-14
1.41910623738e-14
1.25458468496e-14
1.03405173137e-14
8.2357624607e-15
5.41498175108e-15
2.94355508463e-15
2.8544282977e-16
-2.14933003615e-15
-4.67854425246e-15
-7.04711108179e-15
-9.01646224246e-15
-1.09726823839e-14
-1.2448989629e-14
-1.36087092423e-14
-1.4333285705e-14
-1.48025903572e-14
-1.50052642413e-14
-1.50029705262e-14
-1.48153313991e-14
-1.46054046111e-14
-1.42776713188e-14
-1.41003913966e-14
-1.40746005915e-14
-1.42258585833e-14
-1.45964549337e-14
-1.52225744291e-14
-1.61206744257e-14
-1.72590070536e-14
-1.87869326516e-14
-2.04863761615e-14
-2.24240521385e-14
-2.45171816984e-14
-2.67349175862e-14
-2.9046630527e-14
-3.13901483026e-14
-3.3733519648e-14
-3.60417614765e-14
-3.82714010366e-14
-4.03826050291e-14
-4.23281674802e-14
-4.40589436014e-14
-4.5513387564e-14
-4.66269597013e-14
-4.739342762e-14
-4.79029158077e-14
-4.82913780932e-14
-4.86797957214e-14
-4.90525039111e-14
1.65077691721e-14
1.58160427737e-14
1.44082801745e-14
1.27208087377e-14
1.0590962207e-14
8.4363466249e-15
5.71194935005e-15
3.32317111107e-15
6.31045112874e-16
-1.82962890529e-15
-4.24545695562e-15
-6.54353267694e-15
-8.67123990078e-15
-1.0523863309e-14
-1.20194517798e-14
-1.32163642699e-14
-1.39142207269e-14
-1.43651796298e-14
-1.45627729972e-14
-1.4532544083e-14
-1.43253674788e-14
-1.40298787415e-14
-1.36925284464e-14
-1.34183317432e-14
-1.33335432394e-14
-1.34497942647e-14
-1.38524179038e-14
-1.45337109009e-14
-1.55305285724e-14
-1.68749277813e-14
-1.85564444211e-14
-2.05284905213e-14
-2.27615886685e-14
-2.51940640154e-14
-2.77883842949e-14
-3.04968009234e-14
-3.32460016238e-14
-3.60135649301e-14
-3.87485798047e-14
-4.1380143501e-14
-4.38785192235e-14
-4.6187752323e-14
-4.82356717651e-14
-4.99525348198e-14
-5.12652189273e-14
-5.21599432956e-14
-5.27579826165e-14
-5.3215260593e-14
-5.36742260753e-14
-5.41157521096e-14
1.57968505608e-14
1.52215547271e-14
1.39654457556e-14
1.23698168968e-14
1.02228523836e-14
8.01273780414e-15
5.63460047795e-15
3.29387728445e-15
6.7294740087e-16
-1.57829582283e-15
-4.05300080727e-15
-6.26695675383e-15
-8.45425045127e-15
-1.02830802761e-14
-1.17845752934e-14
-1.29570619821e-14
-1.37090413885e-14
-1.41803701324e-14
-1.43826818175e-14
-1.43966180725e-14
-1.40817938783e-14
-1.37227064482e-14
-1.32318619207e-14
-1.29818483832e-14
-1.27908176502e-14
-1.28844892531e-14
-1.32391365102e-14
-1.39206309956e-14
-1.49218933882e-14
-1.63311784576e-14
-1.81757241787e-14
-2.02842794007e-14
-2.27938378116e-14
-2.54549821848e-14
-2.83688142332e-14
-3.13886386849e-14
-3.45040636323e-14
-3.76577753616e-14
-4.07701348527e-14
-4.37681346679e-14
-4.66320379504e-14
-4.92596275347e-14
-5.15928892405e-14
-5.35416002317e-14
-5.50249491662e-14
-5.60390463375e-14
-5.67141762083e-14
-5.72332315229e-14
-5.77596495206e-14
-5.826656042e-14
1.43808049081e-14
1.40006541532e-14
1.27011694539e-14
1.13453881675e-14
9.30018420518e-15
7.36479648207e-15
5.0759437862e-15
2.87150175483e-15
4.1246302062e-16
-1.61742055812e-15
-4.1637258494e-15
-6.24545166639e-15
-8.39461249628e-15
-1.0230665088e-14
-1.17371948224e-14
-1.2983577899e-14
-1.371470132e-14
-1.4227213235e-14
-1.43897023145e-14
-1.43561424004e-14
-1.40743681674e-14
-1.36472074409e-14
-1.31948421563e-14
-1.28306156569e-14
-1.25411187302e-14
-1.25902754927e-14
-1.28272708874e-14
-1.3444250029e-14
-1.44103573814e-14
-1.58526866698e-14
-1.76389208329e-14
-1.98640357002e-14
-2.24646899867e-14
-2.53612013289e-14
-2.85024326759e-14
-3.1822557145e-14
-3.52486831558e-14
-3.8718759532e-14
-4.21487596033e-14
-4.54777752606e-14
-4.86349679946e-14
-5.15474297037e-14
-5.41327433362e-14
-5.62829767656e-14
-5.79184689224e-14
-5.9033255837e-14
-5.97777654942e-14
-6.03544514845e-14
-6.0941654535e-14
-6.15096291429e-14
1.25130294471e-14
1.21217547747e-14
1.10129395368e-14
9.74395306452e-15
7.81682996668e-15
6.0051046966e-15
4.11315846834e-15
2.20156630916e-15
-9.42549296776e-17
-2.28562143424e-15
-4.45251537503e-15
-6.45427425548e-15
-8.54428831946e-15
-1.03178381311e-14
-1.18081564418e-14
-1.3002774651e-14
-1.3855500301e-14
-1.43924284151e-14
-1.46667223263e-14
-1.45681195013e-14
-1.42717907499e-14
-1.38024956771e-14
-1.33650257338e-14
-1.28306617961e-14
-1.249398477e-14
-1.24280494431e-14
-1.25297958166e-14
-1.30186173731e-14
-1.38252553855e-14
-1.52218046254e-14
-1.70409166545e-14
-1.92955884928e-14
-2.19612976814e-14
-2.49746734954e-14
-2.82853592375e-14
-3.18179849248e-14
-3.54883397506e-14
-3.92205079126e-14
-4.29155231322e-14
-4.65091579676e-14
-4.99296809062e-14
-5.30828182169e-14
-5.5873646783e-14
-5.81951224072e-14
-5.99519599783e-14
-6.11474273842e-14
-6.19480410043e-14
-6.25744689699e-14
-6.32169748633e-14
-6.38397688398e-14
1.01142809228e-14
9.64467898513e-15
8.65500463789e-15
7.66561361363e-15
6.02609314959e-15
4.49688601083e-15
2.71028746131e-15
9.73547923607e-16
-1.13883587503e-15
-2.88626200591e-15
-5.05707122657e-15
-6.84980363214e-15
-8.81730478562e-15
-1.05016688779e-14
-1.19675964314e-14
-1.31958479233e-14
-1.40404135266e-14
-1.46022288596e-14
-1.48897212311e-14
-1.49108173064e-14
-1.46479144738e-14
-1.41867082985e-14
-1.36821264915e-14
-1.31229679413e-14
-1.27555699538e-14
-1.2424592728e-14
-1.24293447857e-14
-1.27580507683e-14
-1.35650395261e-14
-1.47384386745e-14
-1.6459742943e-14
-1.86585921313e-14
-2.13034154585e-14
-2.43432237165e-14
-2.77484153426e-14
-3.14276103948e-14
-3.52522650129e-14
-3.91951072577e-14
-4.30897610886e-14
-4.6913457693e-14
-5.05437112645e-14
-5.38839259195e-14
-5.68382987716e-14
-5.92962158793e-14
-6.11479519107e-14
-6.24086087587e-14
-6.32558160567e-14
-6.39249185957e-14
-6.46147236575e-14
-6.52857743524e-14
7.18871528186e-15
6.76836317322e-15
5.95335333527e-15
5.09070541908e-15
3.80758668033e-15
2.50192282115e-15
9.98724420889e-16
-5.33829748941e-16
-2.20120152238e-15
-3.97148573571e-15
-5.72023456546e-15
-7.46734417462e-15
-9.18214103288e-15
-1.07385286395e-14
-1.22025367635e-14
-1.33189598261e-14
-1.42625153659e-14
-1.48388160923e-14
-1.52850703658e-14
-1.52716682578e-14
-1.50330611182e-14
-1.46187494886e-14
-1.41338515496e-14
-1.35463036077e-14
-1.29937538177e-14
-1.26122430713e-14
-1.24770966335e-14
-1.26401328192e-14
-1.31884629328e-14
-1.43136408098e-14
-1.58828984627e-14
-1.79659991274e-14
-2.05328754826e-14
-2.35617725581e-14
-2.69799603348e-14
-3.07030400514e-14
-3.46481006385e-14
-3.86967849515e-14
-4.27570489456e-14
-4.67226855666e-14
-5.0489727201e-14
-5.39875618548e-14
-5.70705459639e-14
-5.96285280445e-14
-6.15456101712e-14
-6.28523827129e-14
-6.37334218699e-14
-6.44358040351e-14
-6.51652735165e-14
-6.58765112654e-14
3.76781943125e-15
3.51051375612e-15
2.81454467062e-15
2.16336228189e-15
1.08546196259e-15
1.65282754729e-16
-1.13555401363e-15
-2.47273836758e-15
-3.75581273458e-15
-5.07037926166e-15
-6.61154383794e-15
-8.08236218788e-15
-9.55335595693e-15
-1.09680120068e-14
-1.23373513614e-14
-1.34605366354e-14
-1.43801383171e-14
-1.50229698893e-14
-1.5468809817e-14
-1.56024309334e-14
-1.55460153951e-14
-1.51586210365e-14
-1.46901322968e-14
-1.40981279433e-14
-1.35707156804e-14
-1.30983878609e-14
-1.27282363958e-14
-1.27763310309e-14
-1.31576933601e-14
-1.40044489013e-14
-1.53845851156e-14
-1.7312126325e-14
-1.97311018221e-14
-2.26486352469e-14
-2.60036180508e-14
-2.96988238243e-14
-3.36722882554e-14
-3.77896562532e-14
-4.19350025887e-14
-4.60088567612e-14
-4.98962524863e-14
-5.34762922618e-14
-5.66367449679e-14
-5.92504650403e-14
-6.1208620585e-14
-6.25361379221e-14
-6.34368012454e-14
-6.41625965036e-14
-6.4920334113e-14
-6.56619854864e-14
-9.93032734338e-17
-2.8637000748e-16
-6.68631860568e-16
-1.13838851401e-15
-1.77459576738e-15
-2.4289749539e-15
-3.34145671099e-15
-4.23339833224e-15
-5.23656368664e-15
-6.13598378607e-15
-7.46405070453e-15
-8.64018973458e-15
-9.96628435337e-15
-1.11209166087e-14
-1.23893200111e-14
-1.34498468301e-14
-1.43870355843e-14
-1.50715426947e-14
-1.55721133968e-14
-1.57938487203e-14
-1.58126858723e-14
-1.54897221378e-14
-1.51985473087e-14
-1.45877826211e-14
-1.40592615398e-14
-1.35202004045e-14
-1.31596175035e-14
-1.30192786044e-14
-1.32293379571e-14
-1.38948177123e-14
-1.50293229431e-14
-1.67169385149e-14
-1.89258071874e-14
-2.16644208e-14
-2.48837930223e-14
-2.85061222922e-14
-3.24280177776e-14
-3.65277624755e-14
-4.0704853429e-14
-4.48187629653e-14
-4.8751946817e-14
-5.23803664276e-14
-5.55751155243e-14
-5.82096442367e-14
-6.017473669e-14
-6.15070764703e-14
-6.24155693382e-14
-6.31546379771e-14
-6.39316995108e-14
-6.46938274854e-14
-4.3923734804e-15
-4.44672223019e-15
-4.65431370052e-15
-4.80991623887e-15
-4.98610999869e-15
-5.36894890576e-15
-5.87326912483e-15
-6.34692574185e-15
-6.93028038578e-15
-7.55985864923e-15
-8.4276777608e-15
-9.2244619205e-15
-1.01986059167e-14
-1.1204357444e-14
-1.2252745633e-14
-1.32464781082e-14
-1.41457143957e-14
-1.48518456008e-14
-1.53898764864e-14
-1.56592684008e-14
-1.58367132131e-14
-1.57755728854e-14
-1.55319235912e-14
-1.50048764434e-14
-1.4560794918e-14
-1.40301224567e-14
-1.36074693423e-14
-1.33373961378e-14
-1.34236758797e-14
-1.38591907259e-14
-1.4763448527e-14
-1.61916602449e-14
-1.81573972204e-14
-2.06719036025e-14
-2.36830371538e-14
-2.71460634904e-14
-3.09715876835e-14
-3.49844895308e-14
-3.91306174485e-14
-4.32280355558e-14
-4.71625815248e-14
-5.07798093759e-14
-5.39737926888e-14
-5.65863468605e-14
-5.85280850033e-14
-5.98462033577e-14
-6.07477648965e-14
-6.14877518397e-14
-6.22718761361e-14
-6.30427081253e-14
-8.94266595687e-15
-8.9096200705e-15
-8.78702689174e-15
-8.73906005184e-15
-8.51700431283e-15
-8.46455159821e-15
-8.54028232736e-15
-8.55405764367e-15
-8.70520809064e-15
-8.93679409941e-15
-9.41300542332e-15
-9.7581716405e-15
-1.04612978887e-14
-1.1121607391e-14
-1.20068017207e-14
-1.27687024555e-14
-1.36754376853e-14
-1.43347860925e-14
-1.49522931512e-14
-1.53589583788e-14
-1.56547118175e-14
-1.56949938983e-14
-1.56051697314e-14
-1.53459589407e-14
-1.48860695084e-14
-1.44333175766e-14
-1.40103228869e-14
-1.3725368374e-14
-1.3684708776e-14
-1.39346117082e-14
-1.46176311377e-14
-1.57775570381e-14
-1.74880055378e-14
-1.97344843263e-14
-2.25139673764e-14
-2.57617414366e-14
-2.93810853458e-14
-3.32738021239e-14
-3.72951262661e-14
-4.13074827658e-14
-4.51725595733e-14
-4.87513121774e-14
-5.18866326843e-14
-5.44495082941e-14
-5.63427754903e-14
-5.76236344216e-14
-5.85061310906e-14
-5.92388015064e-14
-6.00165839029e-14
-6.07831195606e-14
-1.38115620477e-14
-1.36272973885e-14
-1.33195861964e-14
-1.29536524138e-14
-1.24227173341e-14
-1.18753232734e-14
-1.14450478083e-14
-1.09423390507e-14
-1.06135854945e-14
-1.0387030028e-14
-1.0351439223e-14
-1.04038310341e-14
-1.06497558737e-14
-1.09708061035e-14
-1.15572461199e-14
-1.22615659088e-14
-1.29128212759e-14
-1.35525672537e-14
-1.41692750764e-14
-1.46598493499e-14
-1.505119633e-14
-1.52863646363e-14
-1.53602785929e-14
-1.52233291711e-14
-1.49753337102e-14
-1.46647921863e-14
-1.4276413779e-14
-1.39895303757e-14
-1.38983850213e-14
-1.40018067647e-14
-1.45135369364e-14
-1.54392095741e-14
-1.68855593274e-14
-1.88470395153e-14
-2.13584730501e-14
-2.43289434306e-14
-2.77226942238e-14
-3.14098078627e-14
-3.52698855905e-14
-3.9148797187e-14
-4.28974320407e-14
-4.63690756671e-14
-4.94086890486e-14
-5.18833993452e-14
-5.37014640941e-14
-5.49304160499e-14
-5.57808149596e-14
-5.64927592657e-14
-5.72512115936e-14
-5.79996894704e-14
-1.89406774104e-14
-1.86406541644e-14
-1.81081963673e-14
-1.73911089348e-14
-1.64130217346e-14
-1.54026118002e-14
-1.44600766689e-14
-1.35418754319e-14
-1.25618026074e-14
-1.18866298182e-14
-1.13608179217e-14
-1.09633811398e-14
-1.08035166519e-14
-1.07134549886e-14
-1.09685757273e-14
-1.14130111293e-14
-1.18923779134e-14
-1.24213600997e-14
-1.30351500542e-14
-1.36118483584e-14
-1.41583793468e-14
-1.44164203034e-14
-1.47473051591e-14
-1.4790530538e-14
-1.47100025942e-14
-1.45204736472e-14
-1.42590802229e-14
-1.40594246945e-14
-1.39586036127e-14
-1.40580846638e-14
-1.44003730106e-14
-1.51482615695e-14
-1.63435185842e-14
-1.80284127072e-14
-2.0231268437e-14
-2.29196925721e-14
-2.60397640983e-14
-2.94828510699e-14
-3.31245904407e-14
-3.68127547236e-14
-4.03992764222e-14
-4.37180829317e-14
-4.66272544396e-14
-4.89769955797e-14
-5.0695852551e-14
-5.18531862578e-14
-5.26593709626e-14
-5.33395387541e-14
-5.40646171184e-14
-5.47800964089e-14
-2.42750669204e-14
-2.37979553824e-14
-2.30707769936e-14
-2.20096683582e-14
-2.05588401536e-14
-1.91190129879e-14
-1.7618772303e-14
-1.61066746611e-14
-1.46794900046e-14
-1.34621686739e-14
-1.23741502278e-14
-1.14376597109e-14
-1.08082754161e-14
-1.03331285385e-14
-1.02280274345e-14
-1.03726270541e-14
-1.06422666563e-14
-1.10132810264e-14
-1.15629580704e-14
-1.2112865581e-14
-1.269642668e-14
-1.31752646011e-14
-1.35841759269e-14
-1.38875254852e-14
-1.40028175497e-14
-1.40346726489e-14
-1.39714012103e-14
-1.39068858853e-14
-1.38212067296e-14
-1.39357315038e-14
-1.42323710933e-14
-1.48393859842e-14
-1.5824683493e-14
-1.72634934259e-14
-1.91578832261e-14
-2.15584594501e-14
-2.43792963361e-14
-2.75413545313e-14
-3.09237664754e-14
-3.43808207148e-14
-3.77588864236e-14
-4.08959875021e-14
-4.36286399345e-14
-4.58236703505e-14
-4.74192949434e-14
-4.84915139316e-14
-4.92421747987e-14
-4.98777376188e-14
-5.05544111515e-14
-5.12215607656e-14
-2.97634741418e-14
-2.91273106681e-14
-2.8182701931e-14
-2.66657416207e-14
-2.48516352959e-14
-2.28230528605e-14
-2.09667950852e-14
-1.88218642521e-14
-1.68017355641e-14
-1.50254781847e-14
-1.33911090922e-14
-1.19541342192e-14
-1.07960016106e-14
-9.84997622355e-15
-9.32712953848e-15
-9.11213189686e-15
-9.0890273385e-15
-9.30349598112e-15
-9.66905232398e-15
-1.02312204663e-14
-1.0820151459e-14
-1.13968146909e-14
-1.19627548253e-14
-1.24477338143e-14
-1.28285162897e-14
-1.30720351894e-14
-1.32533345545e-14
-1.33758311589e-14
-1.347018756e-14
-1.36317954471e-14
-1.39261374804e-14
-1.44441023755e-14
-1.52903194054e-14
-1.65164677514e-14
-1.8178776805e-14
-2.02611004971e-14
-2.27692548398e-14
-2.56244051459e-14
-2.87203921643e-14
-3.19090794227e-14
-3.50476978776e-14
-3.79558954688e-14
-4.04881696793e-14
-4.25061485403e-14
-4.396388893e-14
-4.49372376887e-14
-4.56215263555e-14
-4.62019186186e-14
-4.68158073259e-14
-4.74188853049e-14
-3.53905383053e-14
-3.46029580258e-14
-3.34046719102e-14
-3.14845266435e-14
-2.92613247428e-14
-2.67975545367e-14
-2.43060843742e-14
-2.16151042907e-14
-1.90445449716e-14
-1.66376276479e-14
-1.44055962115e-14
-1.23958964545e-14
-1.06709952137e-14
-9.26643223854e-15
-8.30044178872e-15
-7.67763216158e-15
-7.35621257564e-15
-7.30541977418e-15
-7.52663271443e-15
-7.92995547413e-15
-8.51046520583e-15
-9.14989140868e-15
-9.85310407778e-15
-1.05025964832e-14
-1.11303050779e-14
-1.16343772511e-14
-1.20711657832e-14
-1.24201823294e-14
-1.27038138585e-14
-1.30180560808e-14
-1.34041716159e-14
-1.39157397904e-14
-1.46768586259e-14
-1.57443320926e-14
-1.7183035785e-14
-1.90044884081e-14
-2.12208042015e-14
-2.37732578913e-14
-2.65672063994e-14
-2.9471880635e-14
-3.23394070849e-14
-3.49984096974e-14
-3.72993748535e-14
-3.91184046372e-14
-4.04199513853e-14
-4.12881061188e-14
-4.18981860166e-14
-4.24137071981e-14
-4.2951364338e-14
-4.34743510376e-14
-4.10762647252e-14
-4.01469785502e-14
-3.86317059146e-14
-3.63625939655e-14
-3.37330458799e-14
-3.07536010004e-14
-2.76872071102e-14
-2.44292539766e-14
-2.12646653887e-14
-1.82787253394e-14
-1.54180134373e-14
-1.27809604205e-14
-1.05168060958e-14
-8.594543317e-15
-7.17214655962e-15
-6.05618161031e-15
-5.40544808152e-15
-5.05323437444e-15
-5.006462937e-15
-5.29313194793e-15
-5.80205183065e-15
-6.46120753262e-15
-7.26302264424e-15
-8.0715486474e-15
-8.89162512843e-15
-9.66282115242e-15
-1.03468668681e-14
-1.09579942659e-14
-1.14977068806e-14
-1.20154699449e-14
-1.25334048305e-14
-1.313904043e-14
-1.39032185737e-14
-1.48941600234e-14
-1.618130229e-14
-1.77876520744e-14
-1.97384256683e-14
-2.20001015234e-14
-2.44894399271e-14
-2.70982344434e-14
-2.96801468283e-14
-3.20725910397e-14
-3.41271269195e-14
-3.57371743469e-14
-3.68792049605e-14
-3.76364714876e-14
-3.81674317591e-14
-3.86084197616e-14
-3.90572798343e-14
-3.94863119729e-14
-4.67769160639e-14
-4.57150922557e-14
-4.39167870929e-14
-4.12843622485e-14
-3.82308456527e-14
-3.47605334475e-14
-3.10954025402e-14
-2.72883547877e-14
-2.35245983046e-14
-1.98685346796e-14
-1.64077249956e-14
-1.31650123084e-14
-1.0338214731e-14
-7.8639193249e-15
-5.91913716965e-15
-4.3816772507e-15
-3.30114839807e-15
-2.6043176155e-15
-2.3146694005e-15
-2.36628473871e-15
-2.76181272083e-15
-3.38591314572e-15
-4.21844213945e-15
-5.1394521125e-15
-6.13093110594e-15
-7.13687387067e-15
-8.0905861153e-15
-8.98938853427e-15
-9.80209235376e-15
-1.05654231466e-14
-1.12974584809e-14
-1.20591695687e-14
-1.29035257689e-14
-1.38979474508e-14
-1.51035217741e-14
-1.65567734716e-14
-1.83024629319e-14
-2.03047235784e-14
-2.2513193008e-14
-2.48314324106e-14
-2.7123051089e-14
-2.92422660859e-14
-3.10468847926e-14
-3.24453755302e-14
-3.34262932606e-14
-3.40722539261e-14
-3.45190373709e-14
-3.48803244328e-14
-3.52294970449e-14
-3.55520396132e-14
-5.24777860111e-14
-5.12839999853e-14
-4.91856690926e-14
-4.62127492152e-14
-4.27172999059e-14
-3.87458084682e-14
-3.44949352244e-14
-3.01124478711e-14
-2.57385992957e-14
-2.14631829934e-14
-1.73748808678e-14
-1.35238007526e-14
-1.01273990298e-14
-7.09890979713e-15
-4.60885136477e-15
-2.6044678052e-15
-1.06514600061e-15
2.88829600962e-18
5.82682381504e-16
7.82929720299e-16
5.44069506628e-16
1.20629355795e-18
-8.0010081061e-16
-1.78604252388e-15
-2.91875137234e-15
-4.12579725422e-15
-5.3106450587e-15
-6.48928983617e-15
-7.60147454286e-15
-8.66612531275e-15
-9.6234925212e-15
-1.06160316451e-14
-1.16141677954e-14
-1.26907230663e-14
-1.38962123027e-14
-1.52782873873e-14
-1.68696530739e-14
-1.8666330721e-14
-2.06302569453e-14
-2.26807569391e-14
-2.47006383229e-14
-2.65523635973e-14
-2.8113192884e-14
-2.93075954568e-14
-3.01338458199e-14
-3.0672713106e-14
-3.10365585174e-14
-3.1313369301e-14
-3.15558592935e-14
-3.1762679997e-14
-5.81335845512e-14
-5.67910257307e-14
-5.44400238048e-14
-5.1107392704e-14
-4.71714490179e-14
-4.26892565103e-14
-3.78782200178e-14
-3.29211319409e-14
-2.7972035556e-14
-2.30456659521e-14
-1.83174772858e-14
-1.38763408422e-14
-9.89515742272e-15
-6.28965990142e-15
-3.25856288996e-15
-7.0140118756e-16
1.25251598348e-15
2.72589240798e-15
3.64474294336e-15
4.10181780685e-15
4.07995393683e-15
3.67845018479e-15
2.91629630995e-15
1.89376256214e-15
6.94795046235e-16
-6.71580270946e-16
-2.0586641552e-15
-3.49479968439e-15
-4.90572868102e-15
-6.26306707036e-15
-7.54187242675e-15
-8.79108747253e-15
-1.00040509464e-14
-1.12365852267e-14
-1.25124672771e-14
-1.38953633137e-14
-1.5411331531e-14
-1.70649170656e-14
-1.88395394818e-14
-2.06610694629e-14
-2.24354876779e-14
-2.40445077144e-14
-2.53786788625e-14
-2.63833934198e-14
-2.7068959006e-14
-2.75096504529e-14
-2.7793265854e-14
-2.79851692989e-14
-2.81171805153e-14
-2.82030477648e-14
-6.36707574573e-14
-6.21994337363e-14
-5.96019543155e-14
-5.59365382168e-14
-5.15491545269e-14
-4.65673055697e-14
-4.11925707739e-14
-3.56861922887e-14
-3.01362555793e-14
-2.45951127732e-14
-1.92940043307e-14
-1.42174444938e-14
-9.66412300802e-15
-5.45863454216e-15
-1.87240701378e-15
1.15943863569e-15
3.60757450669e-15
5.47452854813e-15
6.75062387826e-15
7.51053635337e-15
7.73069483705e-15
7.49302069175e-15
6.85034233418e-15
5.87138932354e-15
4.62073639584e-15
3.15631262406e-15
1.56116339232e-15
-1.07366811395e-16
-1.78691080043e-15
-3.44827541477e-15
-5.03157445658e-15
-6.56703401691e-15
-8.04595050799e-15
-9.48577738571e-15
-1.09174384966e-14
-1.23793700047e-14
-1.38922989093e-14
-1.54800657349e-14
-1.71234417497e-14
-1.87702397634e-14
-2.03451366336e-14
-2.1742314722e-14
-2.28818122802e-14
-2.37179483776e-14
-2.42844373933e-14
-2.46385487362e-14
-2.48482679988e-14
-2.49577718741e-14
-2.49807131345e-14
-2.49451933769e-14
-6.90871910356e-14
-6.7478717205e-14
-6.46516476744e-14
-6.06148049186e-14
-5.58197167462e-14
-5.03495535192e-14
-4.44656587875e-14
-3.84092387581e-14
-3.22648607056e-14
-2.61083812316e-14
-2.01827620722e-14
-1.45457519573e-14
-9.37092675597e-15
-4.62414410266e-15
-5.0629277137e-16
3.03325508799e-15
5.95349977826e-15
8.2577389103e-15
9.9017201473e-15
1.09776022379e-14
1.1449466007e-14
1.14291252421e-14
1.09101702177e-14
9.99540728432e-15
8.72135785759e-15
7.17716340743e-15
5.45906854303e-15
3.58963363998e-15
1.65692697687e-15
-2.76440144218e-16
-2.17522323376e-15
-4.01445759997e-15
-5.78455642895e-15
-7.48246532091e-15
-9.1215596575e-15
-1.07269074882e-14
-1.23114877068e-14
-1.38966722019e-14
-1.5473152489e-14
-1.7005955886e-14
-1.84324060162e-14
-1.96641411257e-14
-2.06453677739e-14
-2.13542262253e-14
-2.18223038961e-14
-2.2104364467e-14
-2.22479698211e-14
-2.22799976447e-14
-2.2199476857e-14
-2.20483696011e-14
-7.4305727813e-14
-7.25522513043e-14
-6.94864234887e-14
-6.5146502747e-14
-5.99440596275e-14
-5.40025896091e-14
-4.76133352237e-14
-4.09782713189e-14
-3.42759848397e-14
-2.75456295437e-14
-2.10556222389e-14
-1.48400830703e-14
-9.09177191272e-15
-3.80295521551e-15
8.54338944316e-16
4.89179271109e-15
8.25538621499e-15
1.09812305609e-14
1.300348857e-14
1.43952889989e-14
1.51490864311e-14
1.5321864403e-14
1.49713733097e-14
1.41395090186e-14
1.28997488386e-14
1.13230544685e-14
9.48533429195e-15
7.45346549358e-15
5.30910463942e-15
3.11451705019e-15
9.2442232202e-16
-1.21971229134e-15
-3.29215563993e-15
-5.27011430189e-15
-7.15591518075e-15
-8.95194943059e-15
-1.06725201047e-14
-1.23218066122e-14
-1.38974708557e-14
-1.5376027152e-14
-1.67068300297e-14
-1.78283875767e-14
-1.86965636215e-14
-1.93095627558e-14
-1.97076102127e-14
-1.99324056289e-14
-2.00192670958e-14
-1.99822933064e-14
-1.98090558904e-14
-1.95535391334e-14
-7.92688592737e-14
-7.73903532562e-14
-7.4099607403e-14
-6.94507593187e-14
-6.38703304181e-14
-5.74854390973e-14
-5.06138526011e-14
-4.34684454846e-14
-3.62058626668e-14
-2.89405365994e-14
-2.1885706982e-14
-1.51275153582e-14
-8.82845186156e-15
-3.00769089798e-15
2.15302800007e-15
6.6587586144e-15
1.04780426722e-14
1.36068793648e-14
1.59973273694e-14
1.77184594355e-14
1.87480833878e-14
1.9142922605e-14
1.89450983898e-14
1.82123344431e-14
1.70099529795e-14
1.54164997468e-14
1.35034295828e-14
1.13424866671e-14
9.00688087581e-15
6.58171563835e-15
4.11789059811e-15
1.68689805902e-15
-6.83401880201e-16
-2.95350846241e-15
-5.10489076834e-15
-7.12946859977e-15
-9.02542081289e-15
-1.07896400136e-14
-1.24188995727e-14
-1.38973375819e-14
-1.51875727774e-14
-1.62464575187e-14
-1.70464651697e-14
-1.76002148737e-14
-1.79493673905e-14
-1.81329277468e-14
-1.81727183314e-14
-1.8076857729e-14
-1.78259873332e-14
-1.74826129844e-14
-8.39129788445e-14
-8.19193450539e-14
-7.84198092964e-14
-7.34810297352e-14
-6.75378468682e-14
-6.07439584551e-14
-5.34202527765e-14
-4.57889531611e-14
-3.80136080045e-14
-3.02275608684e-14
-2.26637597717e-14
-1.53781655032e-14
-8.55694431103e-15
-2.25317692351e-15
3.38544253937e-15
8.34465767566e-15
1.25924305042e-14
1.61020365754e-14
1.88533474422e-14
2.08692515136e-14
2.2161787539e-14
2.27665756917e-14
2.27224455904e-14
2.21072312504e-14
2.09464098517e-14
1.93547063995e-14
1.73761729638e-14
1.50992124279e-14
1.2602961635e-14
9.9652984948e-15
7.26119009036e-15
4.55365068001e-15
1.89519196478e-15
-6.62324677648e-16
-3.08642304173e-15
-5.35380985607e-15
-7.44582206329e-15
-9.36142541455e-15
-1.10874813601e-14
-1.26068793206e-14
-1.38968000951e-14
-1.49314474713e-14
-1.56999487974e-14
-1.62230201804e-14
-1.65442345709e-14
-1.66973001992e-14
-1.67003657137e-14
-1.65588145878e-14
-1.62480257684e-14
-1.58375625514e-14
-8.81544004008e-14
-8.60661959234e-14
-8.23677450544e-14
-7.7164576723e-14
-7.08914791538e-14
-6.3728452634e-14
-5.59938425443e-14
-4.79268619371e-14
-3.9665169936e-14
-3.14124619234e-14
-2.33672250942e-14
-1.56064408406e-14
-8.32499659844e-15
-1.54560289498e-15
4.52557100048e-15
9.91143721276e-15
1.45400863159e-14
1.8411815358e-14
2.14798386971e-14
2.37780429936e-14
2.53100141037e-14
2.61053123518e-14
2.62154125671e-14
2.56895154574e-14
2.45803230785e-14
2.2977926328e-14
2.09567353674e-14
1.85766238639e-14
1.59282125794e-14
1.3106242371e-14
1.01705204574e-14
7.21125426033e-15
4.28529834547e-15
1.45414991038e-15
-1.23555197995e-15
-3.74527163213e-15
-6.05017221598e-15
-8.12864853909e-15
-9.96581584079e-15
-1.15478364424e-14
-1.28613977473e-14
-1.38966070996e-14
-1.46554109816e-14
-1.51669225756e-14
-1.54727956999e-14
-1.56044099537e-14
-1.55799226238e-14
-1.54055294432e-14
-1.50556833222e-14
-1.46019289882e-14
-9.19174116427e-14
-8.97306567059e-14
-8.5865276031e-14
-8.04248012429e-14
-7.38564276178e-14
-6.63638531834e-14
-5.82690856422e-14
-4.97953884749e-14
-4.1141349483e-14
-3.24606333971e-14
-2.39851356559e-14
-1.58091038123e-14
-8.1006206487e-15
-9.33201695849e-16
5.54040684855e-15
1.12975641938e-14
1.62719290463e-14
2.04553629498e-14
2.38136626183e-14
2.63572159711e-14
2.80943217246e-14
2.90566726976e-14
2.92963334386e-14
2.88500429718e-14
2.77795536676e-14
2.61752703344e-14
2.4093052256e-14
2.16183901314e-14
1.88382202282e-14
1.5840039464e-14
1.27008087911e-14
9.5104538332e-15
6.33873633247e-15
3.25702954682e-15
3.23473644616e-16
-2.4114886038e-15
-4.91047825159e-15
-7.14662460399e-15
-9.09617257233e-15
-1.07461740107e-14
-1.20916980578e-14
-1.31355698128e-14
-1.38954358802e-14
-1.44035625316e-14
-1.47011055442e-14
-1.48190429776e-14
-1.47767545463e-14
-1.45842513089e-14
-1.42168786662e-14
-1.37448347763e-14
-9.50762457942e-14
-9.28146286392e-14
-8.87953424811e-14
-8.3159215448e-14
-7.63544023697e-14
-6.8579388831e-14
-6.01753802734e-14
-5.13693930757e-14
-4.23652902669e-14
-3.33394816931e-14
-2.44986032109e-14
-1.59654298558e-14
-7.91071566715e-15
-4.02720051034e-16
6.39684214476e-15
1.2465202054e-14
1.77242376142e-14
2.21689681945e-14
2.57625868731e-14
2.85030076532e-14
3.0414936386e-14
3.15155793418e-14
3.18500007068e-14
3.14625474192e-14
3.04185961387e-14
2.8791194591e-14
2.66566693301e-14
2.40952285813e-14
2.11888494408e-14
1.80350397574e-14
1.47179369503e-14
1.13294483556e-14
7.94857898569e-15
4.65496464588e-15
1.51660163207e-15
-1.40699974296e-15
-4.07345697543e-15
-6.43715273074e-15
-8.48225001695e-15
-1.01916517602e-14
-1.15683918255e-14
-1.26239240261e-14
-1.338721079e-14
-1.38953301962e-14
-1.41892806703e-14
-1.42997555988e-14
-1.4249813633e-14
-1.40535036217e-14
-1.36897229453e-14
-1.32247373937e-14
-9.75076745018e-14
-9.51866551387e-14
-9.10504621151e-14
-8.5258061019e-14
-7.82670351474e-14
-7.02684920322e-14
-6.1637306035e-14
-5.2570182705e-14
-4.33047430563e-14
-3.40027900172e-14
-2.48835188196e-14
-1.60773584003e-14
-7.75708796694e-15
9.39781091236e-18
7.05713341356e-15
1.33610195911e-14
1.8835895892e-14
2.34788036337e-14
2.72445263284e-14
3.01372372404e-14
3.21694305054e-14
3.33670024492e-14
3.37672085894e-14
3.34205275426e-14
3.23841147785e-14
3.07366510418e-14
2.85510339844e-14
2.59131484876e-14
2.29071342717e-14
1.96304162565e-14
1.61747882639e-14
1.26321649815e-14
9.09110672512e-15
5.63677720714e-15
2.34300894547e-15
-7.21436635991e-16
-3.50612717784e-15
-5.96829576754e-15
-8.08362850949e-15
-9.84194279811e-15
-1.12469822357e-14
-1.2318288801e-14
-1.30896557785e-14
-1.36012757479e-14
-1.3895266063e-14
-1.40044531581e-14
-1.39546156004e-14
-1.37668233607e-14
-1.34262646863e-14
-1.29928701978e-14
-9.91552213524e-14
-9.6790241735e-14
-9.25763438313e-14
-8.66765030228e-14
-7.95583669861e-14
-7.14146361464e-14
-6.2615025545e-14
-5.33771261337e-14
-4.39250618072e-14
-3.44411248999e-14
-2.51346228769e-14
-1.61418780298e-14
-7.63856781067e-15
2.99179845174e-16
7.51688342975e-15
1.39770715441e-14
1.96000036911e-14
2.43719180832e-14
2.82569530832e-14
3.12504284318e-14
3.33653754129e-14
3.46270696263e-14
3.50715275476e-14
3.47480837973e-14
3.37164515913e-14
3.20540668724e-14
2.98319574233e-14
2.71409526763e-14
2.40639414779e-14
2.07018985477e-14
1.71481743296e-14
1.34999132731e-14
9.8490106963e-15
6.28349844112e-15
2.88280748141e-15
-2.80508136159e-16
-3.1517763242e-15
-5.68584371823e-15
-7.85853073479e-15
-9.65798786852e-15
-1.10937007604e-14
-1.21863733592e-14
-1.29716284816e-14
-1.34907798641e-14
-1.37860564691e-14
-1.3895238347e-14
-1.38496178174e-14
-1.36771859816e-14
-1.33743094622e-14
-1.29943071875e-14
-1.00161965949e-13
-9.77715225555e-14
-9.35090161978e-14
-8.75420006726e-14
-8.03461961677e-14
-7.21108951387e-14
-6.321296216e-14
-5.38638524252e-14
-4.42982808187e-14
-3.46988772053e-14
-2.52741167364e-14
-1.61641977744e-14
-7.54844271029e-15
5.02095449243e-16
7.82702936726e-15
1.43906940934e-14
2.01088139756e-14
2.49689512576e-14
2.89311833333e-14
3.19934993623e-14
3.41661238941e-14
3.54737422728e-14
3.5950524816e-14
3.56482783048e-14
3.46248250335e-14
3.29563262425e-14
3.07148871091e-14
2.79908039079e-14
2.48697880813e-14
2.14517368522e-14
1.78324111618e-14
1.41100429843e-14
1.03800305209e-14
6.73058530785e-15
3.24699348147e-15
3.28662146516e-18
-2.94207714807e-15
-5.54241162838e-15
-7.77142053775e-15
-9.61805633422e-15
-1.10905149278e-14
-1.22108233269e-14
-1.30138687643e-14
-1.3540758967e-14
-1.38358402018e-14
-1.39408278137e-14
-1.38952088513e-14
-1.37363062555e-14
-1.3477192227e-14
-1.31666153333e-14
-1.00831054598e-13
-9.84232698738e-14
-9.41290133579e-14
-8.81204594071e-14
-8.08722599076e-14
-7.25762749714e-14
-6.36115147515e-14
-5.41893295932e-14
-4.4544787487e-14
-3.48671912859e-14
-2.53607513376e-14
-1.61688123423e-14
-7.47073114296e-15
6.60229933427e-16
8.06381647257e-15
1.47048979394e-14
2.0496762934e-14
2.54255481398e-14
2.94499726906e-14
3.25701450564e-14
3.47923908594e-14
3.61420596551e-14
3.66516849516e-14
3.63740799754e-14
3.53638133736e-14
3.36971627061e-14
3.14478177788e-14
2.87024006056e-14
2.55497261694e-14
2.20877479865e-14
1.84129004735e-14
1.4625393181e-14
1.08207282179e-14
7.09173913539e-15
3.52406580023e-15
1.95338948369e-16
-2.83250998856e-15
-5.51042546286e-15
-7.8083376919e-15
-9.71377763098e-15
-1.12320879808e-14
-1.23851753768e-14
-1.32062884586e-14
-1.37369938502e-14
-1.40236213963e-14
-1.41132357227e-14
-1.40540848102e-14
-1.3895190641e-14
-1.36721794124e-14
-1.34358638801e-14
-1.01439411379e-13
-9.90159706383e-14
-9.46939885308e-14
-8.86473083709e-14
-8.13524706157e-14
-7.30020750445e-14
-6.39775057172e-14
-5.44875558725e-14
-4.47728860743e-14
-3.50214854033e-14
-2.54383219809e-14
-1.61686250195e-14
-7.39089229454e-15
8.18086421156e-16
8.30037862137e-15
1.50185634167e-14
2.08851045251e-14
2.58841648977e-14
2.99755848535e-14
3.31572556275e-14
3.54348190308e-14
3.68315884531e-14
3.73802083823e-14
3.71320141504e-14
3.61408362943e-14
3.4481368712e-14
3.22258094284e-14
2.94608911515e-14
2.62745825659e-14
2.27645891995e-14
1.9026914122e-14
1.51629118101e-14
1.12691249849e-14
7.44078209086e-15
3.76665344391e-15
3.27466441381e-16
-2.80949262533e-15
-5.59095627447e-15
-7.98160534682e-15
-9.96468377175e-15
-1.15427872165e-14
-1.27349971899e-14
-1.35736701882e-14
-1.41007012105e-14
-1.43641536623e-14
-1.44160966341e-14
-1.43131611573e-14
-1.41181926033e-14
-1.38951878601e-14
-1.37124278822e-14
-1.02001948042e-13
-9.95637548383e-14
-9.52167545203e-14
-8.91350968664e-14
-8.17974464683e-14
-7.33976815483e-14
-6.43170873485e-14
-5.47655613305e-14
-4.49852873529e-14
-3.51651957062e-14
-2.55103640412e-14
-1.61670377043e-14
-7.31501817552e-15
9.69069453447e-16
8.52646137214e-15
1.53187534058e-14
2.12575186422e-14
2.63254949732e-14
3.04823455616e-14
3.37252741146e-14
3.60573386737e-14
3.75024539595e-14
3.80910720356e-14
3.78737917612e-14
3.69030846144e-14
3.52522730784e-14
3.29924991861e-14
3.02094339242e-14
2.69901219823e-14
2.34317513299e-14
1.96299176843e-14
1.56858975092e-14
1.16980708893e-14
7.76333032856e-15
3.97344000227e-15
4.13299114242e-16
-2.84499886853e-15
-5.74210725564e-15
-8.23715523643e-15
-1.03080911059e-14
-1.19532099162e-14
-1.31887232636e-14
-1.40457169216e-14
-1.4565726308e-14
-1.4797559689e-14
-1.47961092529e-14
-1.4623759801e-14
-1.43545132817e-14
-1.40779521095e-14
-1.38951899722e-14
)
;

boundaryField
{
    side_walls
    {
        type            zeroGradient;
    }
    inlet
    {
        type            cyclic;
    }
    outlet
    {
        type            cyclic;
    }
    side_left
    {
        type            symmetryPlane;
    }
    side_bottom
    {
        type            symmetryPlane;
    }
}


// ************************************************************************* //
