/*--------------------------------*- C++ -*----------------------------------*\
| =========                 |                                                 |
| \\      /  F ield         | OpenFOAM: The Open Source CFD Toolbox           |
|  \\    /   O peration     | Version:  3.0.1                                 |
|   \\  /    A nd           | Web:      www.OpenFOAM.org                      |
|    \\/     M anipulation  |                                                 |
\*---------------------------------------------------------------------------*/
FoamFile
{
    version     2.0;
    format      ascii;
    class       volScalarField;
    location    "50000";
    object      yWall;
}
// * * * * * * * * * * * * * * * * * * * * * * * * * * * * * * * * * * * * * //

dimensions      [0 1 0 0 0 0 0];

internalField   nonuniform List<scalar> 
2500
(
0.974626902412
0.925045447194
0.87774000506
0.832606096713
0.78954403893
0.748458724397
0.709259411655
0.671859524693
0.636176461726
0.602131412767
0.569649185564
0.538658039527
0.509089527286
0.480878343515
0.453962180696
0.42828159151
0.403779857538
0.380402863993
0.3580989802
0.336818945569
0.31651576079
0.297144584037
0.278662631926
0.261029085023
0.24420499769
0.228153212071
0.212838276027
0.198226364825
0.184285206447
0.170984010304
0.158293399233
0.146185344618
0.134633104483
0.123611164428
0.113095181281
0.103061929331
0.093489249033
0.0843559980635
0.0756420046295
0.067328022913
0.059395690567
0.051827488159
0.0446067004775
0.0377173796145
0.031144309744
0.024872973515
0.018889519988
0.013180734045
0.0077340072015
0.002537309759
0.925045447194
0.925045447194
0.87774000506
0.832606096713
0.78954403893
0.748458724396
0.709259411655
0.671859524693
0.636176461726
0.602131412767
0.569649185564
0.538658039527
0.509089527286
0.480878343515
0.453962180696
0.42828159151
0.403779857538
0.380402863992
0.3580989802
0.336818945569
0.31651576079
0.297144584037
0.278662631926
0.261029085022
0.244204997689
0.228153212071
0.212838276026
0.198226364825
0.184285206447
0.170984010303
0.158293399233
0.146185344618
0.134633104483
0.123611164428
0.113095181281
0.103061929331
0.093489249033
0.0843559980635
0.0756420046295
0.067328022913
0.059395690567
0.051827488159
0.0446067004775
0.0377173796145
0.031144309744
0.024872973515
0.018889519988
0.013180734045
0.0077340072015
0.002537309759
0.87774000506
0.87774000506
0.87774000506
0.832606096713
0.78954403893
0.748458724396
0.709259411655
0.671859524693
0.636176461726
0.602131412767
0.569649185564
0.538658039527
0.509089527287
0.480878343515
0.453962180696
0.42828159151
0.403779857538
0.380402863992
0.3580989802
0.336818945568
0.316515760789
0.297144584037
0.278662631926
0.261029085022
0.244204997689
0.228153212071
0.212838276027
0.198226364825
0.184285206447
0.170984010303
0.158293399232
0.146185344618
0.134633104483
0.123611164428
0.113095181281
0.103061929331
0.093489249033
0.0843559980635
0.0756420046295
0.067328022913
0.059395690567
0.051827488159
0.0446067004775
0.0377173796145
0.031144309744
0.024872973515
0.018889519988
0.013180734045
0.0077340072015
0.002537309759
0.832606096713
0.832606096713
0.832606096713
0.832606096714
0.78954403893
0.748458724396
0.709259411655
0.671859524693
0.636176461726
0.602131412767
0.569649185564
0.538658039527
0.509089527286
0.480878343515
0.453962180696
0.428281591511
0.403779857539
0.380402863993
0.3580989802
0.336818945569
0.31651576079
0.297144584037
0.278662631926
0.261029085022
0.24420499769
0.228153212071
0.212838276027
0.198226364825
0.184285206447
0.170984010304
0.158293399233
0.146185344618
0.134633104483
0.123611164428
0.113095181281
0.103061929332
0.093489249033
0.0843559980635
0.0756420046295
0.067328022913
0.059395690567
0.051827488159
0.0446067004775
0.0377173796145
0.031144309744
0.024872973515
0.018889519988
0.013180734045
0.0077340072015
0.002537309759
0.78954403893
0.78954403893
0.78954403893
0.78954403893
0.78954403893
0.748458724396
0.709259411655
0.671859524693
0.636176461726
0.602131412767
0.569649185564
0.538658039527
0.509089527286
0.480878343515
0.453962180696
0.42828159151
0.403779857538
0.380402863992
0.3580989802
0.336818945569
0.316515760789
0.297144584037
0.278662631926
0.261029085022
0.244204997689
0.228153212071
0.212838276026
0.198226364825
0.184285206447
0.170984010303
0.158293399232
0.146185344618
0.134633104483
0.123611164428
0.113095181281
0.103061929331
0.093489249033
0.0843559980635
0.0756420046295
0.067328022913
0.059395690567
0.051827488159
0.0446067004775
0.0377173796145
0.031144309744
0.024872973515
0.018889519988
0.013180734045
0.0077340072015
0.002537309759
0.748458724396
0.748458724396
0.748458724396
0.748458724396
0.748458724396
0.748458724397
0.709259411656
0.671859524693
0.636176461726
0.602131412768
0.569649185564
0.538658039527
0.509089527287
0.480878343515
0.453962180696
0.428281591511
0.403779857539
0.380402863993
0.3580989802
0.336818945569
0.31651576079
0.297144584037
0.278662631926
0.261029085023
0.24420499769
0.228153212072
0.212838276027
0.198226364825
0.184285206447
0.170984010304
0.158293399233
0.146185344618
0.134633104483
0.123611164428
0.113095181281
0.103061929332
0.093489249033
0.0843559980635
0.0756420046295
0.067328022913
0.059395690567
0.051827488159
0.0446067004775
0.0377173796145
0.031144309744
0.024872973515
0.018889519988
0.013180734045
0.0077340072015
0.002537309759
0.709259411655
0.709259411655
0.709259411655
0.709259411655
0.709259411655
0.709259411655
0.709259411655
0.671859524693
0.636176461726
0.602131412768
0.569649185564
0.538658039527
0.509089527287
0.480878343515
0.453962180696
0.42828159151
0.403779857538
0.380402863993
0.3580989802
0.336818945568
0.31651576079
0.297144584037
0.278662631926
0.261029085022
0.24420499769
0.228153212072
0.212838276027
0.198226364825
0.184285206447
0.170984010304
0.158293399232
0.146185344618
0.134633104483
0.123611164428
0.113095181281
0.103061929332
0.093489249033
0.0843559980635
0.0756420046295
0.067328022913
0.059395690567
0.051827488159
0.0446067004775
0.0377173796145
0.031144309744
0.024872973515
0.018889519988
0.013180734045
0.0077340072015
0.002537309759
0.671859524693
0.671859524693
0.671859524693
0.671859524693
0.671859524693
0.671859524693
0.671859524693
0.671859524693
0.636176461726
0.602131412767
0.569649185564
0.538658039527
0.509089527286
0.480878343515
0.453962180696
0.42828159151
0.403779857538
0.380402863992
0.3580989802
0.336818945568
0.316515760789
0.297144584037
0.278662631926
0.261029085022
0.244204997689
0.228153212071
0.212838276026
0.198226364825
0.184285206447
0.170984010303
0.158293399232
0.146185344618
0.134633104483
0.123611164428
0.113095181281
0.103061929331
0.093489249033
0.0843559980635
0.0756420046295
0.067328022913
0.059395690567
0.051827488159
0.0446067004775
0.0377173796145
0.031144309744
0.024872973515
0.018889519988
0.013180734045
0.0077340072015
0.002537309759
0.636176461726
0.636176461726
0.636176461726
0.636176461726
0.636176461726
0.636176461726
0.636176461726
0.636176461726
0.636176461726
0.602131412767
0.569649185564
0.538658039527
0.509089527286
0.480878343515
0.453962180696
0.42828159151
0.403779857538
0.380402863992
0.3580989802
0.336818945569
0.316515760789
0.297144584037
0.278662631926
0.261029085022
0.244204997689
0.228153212071
0.212838276027
0.198226364825
0.184285206447
0.170984010304
0.158293399232
0.146185344618
0.134633104483
0.123611164428
0.113095181281
0.103061929331
0.093489249033
0.0843559980635
0.0756420046295
0.067328022913
0.059395690567
0.051827488159
0.0446067004775
0.0377173796145
0.031144309744
0.024872973515
0.018889519988
0.013180734045
0.0077340072015
0.002537309759
0.602131412767
0.602131412767
0.602131412767
0.602131412768
0.602131412767
0.602131412768
0.602131412768
0.602131412768
0.602131412767
0.602131412767
0.569649185564
0.538658039527
0.509089527286
0.480878343515
0.453962180696
0.42828159151
0.403779857538
0.380402863993
0.3580989802
0.336818945569
0.31651576079
0.297144584037
0.278662631926
0.261029085022
0.24420499769
0.228153212072
0.212838276027
0.198226364825
0.184285206447
0.170984010304
0.158293399233
0.146185344618
0.134633104483
0.123611164428
0.113095181281
0.103061929331
0.093489249033
0.0843559980635
0.0756420046295
0.067328022913
0.059395690567
0.051827488159
0.0446067004775
0.0377173796145
0.031144309744
0.024872973515
0.018889519988
0.013180734045
0.0077340072015
0.002537309759
0.569649185564
0.569649185564
0.569649185564
0.569649185564
0.569649185564
0.569649185564
0.569649185564
0.569649185564
0.569649185564
0.569649185564
0.569649185564
0.538658039527
0.509089527286
0.480878343515
0.453962180696
0.42828159151
0.403779857538
0.380402863992
0.3580989802
0.336818945568
0.316515760789
0.297144584037
0.278662631926
0.261029085022
0.244204997689
0.228153212071
0.212838276026
0.198226364825
0.184285206447
0.170984010303
0.158293399232
0.146185344618
0.134633104483
0.123611164428
0.113095181281
0.103061929331
0.093489249033
0.0843559980635
0.0756420046295
0.067328022913
0.059395690567
0.051827488159
0.0446067004775
0.0377173796145
0.031144309744
0.024872973515
0.018889519988
0.013180734045
0.0077340072015
0.002537309759
0.538658039527
0.538658039527
0.538658039527
0.538658039527
0.538658039527
0.538658039527
0.538658039527
0.538658039527
0.538658039527
0.538658039527
0.538658039527
0.538658039527
0.509089527286
0.480878343515
0.453962180696
0.42828159151
0.403779857538
0.380402863992
0.3580989802
0.336818945568
0.316515760789
0.297144584037
0.278662631926
0.261029085022
0.244204997689
0.228153212071
0.212838276026
0.198226364825
0.184285206447
0.170984010303
0.158293399232
0.146185344618
0.134633104483
0.123611164428
0.113095181281
0.103061929331
0.093489249033
0.0843559980635
0.0756420046295
0.067328022913
0.059395690567
0.051827488159
0.0446067004775
0.0377173796145
0.031144309744
0.024872973515
0.018889519988
0.013180734045
0.0077340072015
0.002537309759
0.509089527287
0.509089527286
0.509089527286
0.509089527287
0.509089527286
0.509089527287
0.509089527287
0.509089527287
0.509089527286
0.509089527287
0.509089527286
0.509089527286
0.509089527287
0.480878343515
0.453962180696
0.42828159151
0.403779857538
0.380402863993
0.3580989802
0.336818945569
0.31651576079
0.297144584037
0.278662631926
0.261029085023
0.24420499769
0.228153212072
0.212838276027
0.198226364825
0.184285206447
0.170984010303
0.158293399233
0.146185344618
0.134633104483
0.123611164428
0.113095181281
0.103061929332
0.093489249033
0.0843559980635
0.0756420046295
0.067328022913
0.059395690567
0.051827488159
0.0446067004775
0.0377173796145
0.031144309744
0.024872973515
0.018889519988
0.013180734045
0.0077340072015
0.002537309759
0.480878343515
0.480878343515
0.480878343515
0.480878343515
0.480878343515
0.480878343515
0.480878343515
0.480878343515
0.480878343515
0.480878343515
0.480878343515
0.480878343515
0.480878343515
0.480878343515
0.453962180696
0.428281591511
0.403779857538
0.380402863993
0.3580989802
0.336818945569
0.31651576079
0.297144584037
0.278662631926
0.261029085022
0.24420499769
0.228153212071
0.212838276027
0.198226364825
0.184285206447
0.170984010304
0.158293399233
0.146185344618
0.134633104483
0.123611164428
0.113095181281
0.103061929332
0.093489249033
0.0843559980635
0.0756420046295
0.067328022913
0.059395690567
0.051827488159
0.0446067004775
0.0377173796145
0.031144309744
0.024872973515
0.018889519988
0.013180734045
0.0077340072015
0.002537309759
0.453962180696
0.453962180696
0.453962180696
0.453962180696
0.453962180696
0.453962180696
0.453962180696
0.453962180696
0.453962180696
0.453962180696
0.453962180696
0.453962180696
0.453962180696
0.453962180696
0.453962180696
0.428281591511
0.403779857538
0.380402863992
0.3580989802
0.336818945569
0.31651576079
0.297144584037
0.278662631926
0.261029085022
0.244204997689
0.228153212072
0.212838276026
0.198226364825
0.184285206447
0.170984010303
0.158293399232
0.146185344618
0.134633104483
0.123611164428
0.113095181281
0.103061929331
0.093489249033
0.0843559980635
0.0756420046295
0.067328022913
0.059395690567
0.051827488159
0.0446067004775
0.0377173796145
0.031144309744
0.024872973515
0.018889519988
0.013180734045
0.0077340072015
0.002537309759
0.42828159151
0.42828159151
0.42828159151
0.42828159151
0.42828159151
0.42828159151
0.428281591511
0.428281591511
0.42828159151
0.428281591511
0.42828159151
0.42828159151
0.428281591511
0.428281591511
0.428281591511
0.428281591511
0.403779857538
0.380402863993
0.3580989802
0.336818945569
0.31651576079
0.297144584037
0.278662631926
0.261029085022
0.244204997689
0.228153212072
0.212838276027
0.198226364825
0.184285206447
0.170984010304
0.158293399232
0.146185344618
0.134633104483
0.123611164428
0.113095181281
0.103061929332
0.093489249033
0.0843559980635
0.0756420046295
0.067328022913
0.059395690567
0.051827488159
0.0446067004775
0.0377173796145
0.031144309744
0.024872973515
0.018889519988
0.013180734045
0.0077340072015
0.002537309759
0.403779857538
0.403779857538
0.403779857538
0.403779857538
0.403779857538
0.403779857538
0.403779857538
0.403779857539
0.403779857538
0.403779857538
0.403779857538
0.403779857538
0.403779857539
0.403779857538
0.403779857539
0.403779857538
0.403779857538
0.380402863993
0.3580989802
0.336818945568
0.316515760789
0.297144584037
0.278662631926
0.261029085022
0.24420499769
0.228153212071
0.212838276027
0.198226364825
0.184285206447
0.170984010303
0.158293399233
0.146185344618
0.134633104483
0.123611164428
0.113095181281
0.103061929331
0.093489249033
0.0843559980635
0.0756420046295
0.067328022913
0.059395690567
0.051827488159
0.0446067004775
0.0377173796145
0.031144309744
0.024872973515
0.018889519988
0.013180734045
0.0077340072015
0.002537309759
0.380402863993
0.380402863993
0.380402863993
0.380402863993
0.380402863992
0.380402863992
0.380402863993
0.380402863993
0.380402863992
0.380402863993
0.380402863992
0.380402863993
0.380402863993
0.380402863993
0.380402863993
0.380402863992
0.380402863993
0.380402863993
0.3580989802
0.336818945569
0.31651576079
0.297144584037
0.278662631926
0.261029085022
0.244204997689
0.228153212072
0.212838276027
0.198226364825
0.184285206447
0.170984010304
0.158293399233
0.146185344618
0.134633104483
0.123611164428
0.113095181281
0.103061929331
0.093489249033
0.0843559980635
0.0756420046295
0.067328022913
0.059395690567
0.051827488159
0.0446067004775
0.0377173796145
0.031144309744
0.024872973515
0.018889519988
0.013180734045
0.0077340072015
0.002537309759
0.3580989802
0.3580989802
0.3580989802
0.3580989802
0.3580989802
0.3580989802
0.3580989802
0.3580989802
0.3580989802
0.3580989802
0.3580989802
0.3580989802
0.3580989802
0.3580989802
0.3580989802
0.3580989802
0.3580989802
0.3580989802
0.3580989802
0.336818945569
0.31651576079
0.297144584037
0.278662631926
0.261029085022
0.24420499769
0.228153212072
0.212838276027
0.198226364825
0.184285206447
0.170984010304
0.158293399232
0.146185344618
0.134633104483
0.123611164428
0.113095181281
0.103061929332
0.093489249033
0.0843559980635
0.0756420046295
0.067328022913
0.059395690567
0.051827488159
0.0446067004775
0.0377173796145
0.031144309744
0.024872973515
0.018889519988
0.013180734045
0.0077340072015
0.002537309759
0.336818945569
0.336818945568
0.336818945568
0.336818945569
0.336818945569
0.336818945569
0.336818945568
0.336818945569
0.336818945569
0.336818945569
0.336818945568
0.336818945569
0.336818945569
0.336818945569
0.336818945569
0.336818945568
0.336818945568
0.336818945569
0.336818945569
0.336818945569
0.316515760789
0.297144584037
0.278662631926
0.261029085023
0.244204997689
0.228153212072
0.212838276026
0.198226364825
0.184285206447
0.170984010303
0.158293399233
0.146185344618
0.134633104483
0.123611164428
0.113095181281
0.103061929331
0.093489249033
0.0843559980635
0.0756420046295
0.067328022913
0.059395690567
0.051827488159
0.0446067004775
0.0377173796145
0.031144309744
0.024872973515
0.018889519988
0.013180734045
0.0077340072015
0.002537309759
0.31651576079
0.316515760789
0.316515760789
0.31651576079
0.31651576079
0.31651576079
0.31651576079
0.31651576079
0.316515760789
0.31651576079
0.316515760789
0.316515760789
0.31651576079
0.316515760789
0.31651576079
0.316515760789
0.316515760789
0.316515760789
0.31651576079
0.31651576079
0.316515760789
0.297144584037
0.278662631926
0.261029085022
0.244204997689
0.228153212071
0.212838276026
0.198226364825
0.184285206447
0.170984010303
0.158293399232
0.146185344618
0.134633104483
0.123611164428
0.113095181281
0.103061929331
0.093489249033
0.0843559980635
0.0756420046295
0.067328022913
0.059395690567
0.051827488159
0.0446067004775
0.0377173796145
0.031144309744
0.024872973515
0.018889519988
0.013180734045
0.0077340072015
0.002537309759
0.297144584037
0.297144584037
0.297144584037
0.297144584037
0.297144584037
0.297144584037
0.297144584037
0.297144584037
0.297144584037
0.297144584037
0.297144584037
0.297144584037
0.297144584037
0.297144584037
0.297144584037
0.297144584037
0.297144584037
0.297144584037
0.297144584037
0.297144584037
0.297144584037
0.297144584037
0.278662631926
0.261029085023
0.244204997689
0.228153212072
0.212838276027
0.198226364825
0.184285206447
0.170984010304
0.158293399233
0.146185344618
0.134633104483
0.123611164428
0.113095181281
0.103061929332
0.093489249033
0.0843559980635
0.0756420046295
0.067328022913
0.059395690567
0.051827488159
0.0446067004775
0.0377173796145
0.031144309744
0.024872973515
0.018889519988
0.013180734045
0.0077340072015
0.002537309759
0.278662631926
0.278662631926
0.278662631926
0.278662631926
0.278662631926
0.278662631926
0.278662631926
0.278662631926
0.278662631926
0.278662631926
0.278662631926
0.278662631926
0.278662631926
0.278662631926
0.278662631926
0.278662631926
0.278662631926
0.278662631926
0.278662631926
0.278662631926
0.278662631926
0.278662631926
0.278662631926
0.261029085023
0.24420499769
0.228153212072
0.212838276026
0.198226364825
0.184285206447
0.170984010304
0.158293399233
0.146185344618
0.134633104483
0.123611164428
0.113095181281
0.103061929331
0.093489249033
0.0843559980635
0.0756420046295
0.067328022913
0.059395690567
0.051827488159
0.0446067004775
0.0377173796145
0.031144309744
0.024872973515
0.018889519988
0.013180734045
0.0077340072015
0.002537309759
0.261029085023
0.261029085022
0.261029085022
0.261029085023
0.261029085022
0.261029085022
0.261029085022
0.261029085023
0.261029085022
0.261029085022
0.261029085022
0.261029085023
0.261029085023
0.261029085022
0.261029085022
0.261029085022
0.261029085022
0.261029085023
0.261029085022
0.261029085022
0.261029085022
0.261029085023
0.261029085022
0.261029085022
0.24420499769
0.228153212072
0.212838276027
0.198226364825
0.184285206447
0.170984010304
0.158293399233
0.146185344618
0.134633104483
0.123611164428
0.113095181281
0.103061929332
0.093489249033
0.0843559980635
0.0756420046295
0.067328022913
0.059395690567
0.051827488159
0.0446067004775
0.0377173796145
0.031144309744
0.024872973515
0.018889519988
0.013180734045
0.0077340072015
0.002537309759
0.24420499769
0.24420499769
0.244204997689
0.24420499769
0.244204997689
0.244204997689
0.24420499769
0.24420499769
0.244204997689
0.244204997689
0.244204997689
0.244204997689
0.24420499769
0.24420499769
0.244204997689
0.244204997689
0.244204997689
0.244204997689
0.24420499769
0.24420499769
0.244204997689
0.24420499769
0.24420499769
0.24420499769
0.244204997689
0.228153212072
0.212838276026
0.198226364825
0.184285206447
0.170984010303
0.158293399233
0.146185344618
0.134633104483
0.123611164428
0.113095181281
0.103061929331
0.093489249033
0.0843559980635
0.0756420046295
0.067328022913
0.059395690567
0.051827488159
0.0446067004775
0.0377173796145
0.031144309744
0.024872973515
0.018889519988
0.013180734045
0.0077340072015
0.002537309759
0.228153212072
0.228153212071
0.228153212071
0.228153212072
0.228153212072
0.228153212071
0.228153212071
0.228153212072
0.228153212071
0.228153212072
0.228153212071
0.228153212072
0.228153212071
0.228153212071
0.228153212072
0.228153212071
0.228153212071
0.228153212071
0.228153212071
0.228153212072
0.228153212071
0.228153212071
0.228153212072
0.228153212072
0.228153212071
0.228153212071
0.212838276027
0.198226364825
0.184285206447
0.170984010303
0.158293399233
0.146185344618
0.134633104483
0.123611164428
0.113095181281
0.103061929332
0.093489249033
0.0843559980635
0.0756420046295
0.067328022913
0.059395690567
0.051827488159
0.0446067004775
0.0377173796145
0.031144309744
0.024872973515
0.018889519988
0.013180734045
0.0077340072015
0.002537309759
0.212838276027
0.212838276026
0.212838276026
0.212838276027
0.212838276026
0.212838276027
0.212838276027
0.212838276027
0.212838276026
0.212838276027
0.212838276026
0.212838276026
0.212838276027
0.212838276027
0.212838276027
0.212838276026
0.212838276027
0.212838276027
0.212838276026
0.212838276026
0.212838276026
0.212838276026
0.212838276026
0.212838276027
0.212838276026
0.212838276026
0.212838276026
0.198226364825
0.184285206447
0.170984010304
0.158293399233
0.146185344618
0.134633104483
0.123611164428
0.113095181281
0.103061929331
0.093489249033
0.0843559980635
0.0756420046295
0.067328022913
0.059395690567
0.051827488159
0.0446067004775
0.0377173796145
0.031144309744
0.024872973515
0.018889519988
0.013180734045
0.0077340072015
0.002537309759
0.198226364825
0.198226364825
0.198226364825
0.198226364825
0.198226364825
0.198226364825
0.198226364825
0.198226364825
0.198226364825
0.198226364825
0.198226364825
0.198226364825
0.198226364825
0.198226364825
0.198226364825
0.198226364825
0.198226364825
0.198226364825
0.198226364825
0.198226364825
0.198226364825
0.198226364825
0.198226364825
0.198226364825
0.198226364825
0.198226364825
0.198226364825
0.198226364825
0.184285206447
0.170984010303
0.158293399232
0.146185344618
0.134633104483
0.123611164428
0.113095181281
0.103061929331
0.093489249033
0.0843559980635
0.0756420046295
0.067328022913
0.059395690567
0.051827488159
0.0446067004775
0.0377173796145
0.031144309744
0.024872973515
0.018889519988
0.013180734045
0.0077340072015
0.002537309759
0.184285206447
0.184285206447
0.184285206447
0.184285206447
0.184285206447
0.184285206447
0.184285206447
0.184285206447
0.184285206447
0.184285206447
0.184285206447
0.184285206447
0.184285206447
0.184285206447
0.184285206447
0.184285206447
0.184285206447
0.184285206447
0.184285206447
0.184285206447
0.184285206447
0.184285206447
0.184285206447
0.184285206447
0.184285206447
0.184285206447
0.184285206447
0.184285206447
0.184285206447
0.170984010304
0.158293399232
0.146185344618
0.134633104483
0.123611164428
0.113095181281
0.103061929332
0.093489249033
0.0843559980635
0.0756420046295
0.067328022913
0.059395690567
0.051827488159
0.0446067004775
0.0377173796145
0.031144309744
0.024872973515
0.018889519988
0.013180734045
0.0077340072015
0.002537309759
0.170984010304
0.170984010303
0.170984010303
0.170984010304
0.170984010303
0.170984010304
0.170984010304
0.170984010304
0.170984010304
0.170984010304
0.170984010304
0.170984010304
0.170984010303
0.170984010304
0.170984010303
0.170984010304
0.170984010303
0.170984010304
0.170984010304
0.170984010303
0.170984010303
0.170984010304
0.170984010304
0.170984010304
0.170984010303
0.170984010303
0.170984010304
0.170984010303
0.170984010304
0.170984010304
0.158293399232
0.146185344618
0.134633104483
0.123611164428
0.113095181281
0.103061929332
0.093489249033
0.0843559980635
0.0756420046295
0.067328022913
0.059395690567
0.051827488159
0.0446067004775
0.0377173796145
0.031144309744
0.024872973515
0.018889519988
0.013180734045
0.0077340072015
0.002537309759
0.158293399233
0.158293399232
0.158293399232
0.158293399233
0.158293399233
0.158293399233
0.158293399233
0.158293399233
0.158293399233
0.158293399233
0.158293399232
0.158293399233
0.158293399232
0.158293399232
0.158293399233
0.158293399232
0.158293399233
0.158293399233
0.158293399233
0.158293399233
0.158293399232
0.158293399233
0.158293399233
0.158293399233
0.158293399233
0.158293399232
0.158293399233
0.158293399232
0.158293399232
0.158293399233
0.158293399232
0.146185344618
0.134633104483
0.123611164428
0.113095181281
0.103061929331
0.093489249033
0.0843559980635
0.0756420046295
0.067328022913
0.059395690567
0.051827488159
0.0446067004775
0.0377173796145
0.031144309744
0.024872973515
0.018889519988
0.013180734045
0.0077340072015
0.002537309759
0.146185344618
0.146185344618
0.146185344618
0.146185344618
0.146185344618
0.146185344618
0.146185344618
0.146185344618
0.146185344618
0.146185344618
0.146185344618
0.146185344618
0.146185344618
0.146185344618
0.146185344618
0.146185344618
0.146185344618
0.146185344618
0.146185344618
0.146185344618
0.146185344618
0.146185344618
0.146185344618
0.146185344618
0.146185344618
0.146185344618
0.146185344618
0.146185344618
0.146185344618
0.146185344618
0.146185344618
0.146185344618
0.134633104483
0.123611164428
0.113095181281
0.103061929332
0.093489249033
0.0843559980635
0.0756420046295
0.067328022913
0.059395690567
0.051827488159
0.0446067004775
0.0377173796145
0.031144309744
0.024872973515
0.018889519988
0.013180734045
0.0077340072015
0.002537309759
0.134633104483
0.134633104483
0.134633104483
0.134633104483
0.134633104483
0.134633104483
0.134633104483
0.134633104483
0.134633104483
0.134633104483
0.134633104483
0.134633104483
0.134633104483
0.134633104483
0.134633104483
0.134633104483
0.134633104483
0.134633104483
0.134633104483
0.134633104483
0.134633104483
0.134633104483
0.134633104483
0.134633104483
0.134633104483
0.134633104483
0.134633104483
0.134633104483
0.134633104483
0.134633104483
0.134633104483
0.134633104483
0.134633104483
0.123611164428
0.113095181281
0.103061929331
0.093489249033
0.0843559980635
0.0756420046295
0.067328022913
0.059395690567
0.051827488159
0.0446067004775
0.0377173796145
0.031144309744
0.024872973515
0.018889519988
0.013180734045
0.0077340072015
0.002537309759
0.123611164428
0.123611164428
0.123611164428
0.123611164428
0.123611164428
0.123611164428
0.123611164428
0.123611164428
0.123611164428
0.123611164428
0.123611164428
0.123611164428
0.123611164428
0.123611164428
0.123611164428
0.123611164428
0.123611164428
0.123611164428
0.123611164428
0.123611164428
0.123611164428
0.123611164428
0.123611164428
0.123611164428
0.123611164428
0.123611164428
0.123611164428
0.123611164428
0.123611164428
0.123611164428
0.123611164428
0.123611164428
0.123611164428
0.123611164428
0.113095181281
0.103061929332
0.093489249033
0.0843559980635
0.0756420046295
0.067328022913
0.059395690567
0.051827488159
0.0446067004775
0.0377173796145
0.031144309744
0.024872973515
0.018889519988
0.013180734045
0.0077340072015
0.002537309759
0.113095181281
0.113095181281
0.113095181281
0.113095181281
0.113095181281
0.113095181281
0.113095181281
0.113095181281
0.113095181281
0.113095181281
0.113095181281
0.113095181281
0.113095181281
0.113095181281
0.113095181281
0.113095181281
0.113095181281
0.113095181281
0.113095181281
0.113095181281
0.113095181281
0.113095181281
0.113095181281
0.113095181281
0.113095181281
0.113095181281
0.113095181281
0.113095181281
0.113095181281
0.113095181281
0.113095181281
0.113095181281
0.113095181281
0.113095181281
0.113095181281
0.103061929332
0.093489249033
0.0843559980635
0.0756420046295
0.067328022913
0.059395690567
0.051827488159
0.0446067004775
0.0377173796145
0.031144309744
0.024872973515
0.018889519988
0.013180734045
0.0077340072015
0.002537309759
0.103061929332
0.103061929331
0.103061929331
0.103061929331
0.103061929331
0.103061929331
0.103061929332
0.103061929332
0.103061929331
0.103061929332
0.103061929331
0.103061929331
0.103061929332
0.103061929332
0.103061929332
0.103061929332
0.103061929331
0.103061929331
0.103061929332
0.103061929332
0.103061929331
0.103061929331
0.103061929332
0.103061929332
0.103061929331
0.103061929331
0.103061929332
0.103061929331
0.103061929331
0.103061929332
0.103061929331
0.103061929332
0.103061929331
0.103061929332
0.103061929332
0.103061929331
0.093489249033
0.0843559980635
0.0756420046295
0.067328022913
0.059395690567
0.051827488159
0.0446067004775
0.0377173796145
0.031144309744
0.024872973515
0.018889519988
0.013180734045
0.0077340072015
0.002537309759
0.093489249033
0.093489249033
0.093489249033
0.093489249033
0.093489249033
0.093489249033
0.093489249033
0.093489249033
0.093489249033
0.093489249033
0.093489249033
0.093489249033
0.093489249033
0.093489249033
0.093489249033
0.093489249033
0.093489249033
0.093489249033
0.093489249033
0.093489249033
0.093489249033
0.093489249033
0.093489249033
0.093489249033
0.093489249033
0.093489249033
0.093489249033
0.093489249033
0.093489249033
0.093489249033
0.093489249033
0.093489249033
0.093489249033
0.093489249033
0.093489249033
0.093489249033
0.093489249033
0.0843559980635
0.0756420046295
0.067328022913
0.059395690567
0.051827488159
0.0446067004775
0.0377173796145
0.031144309744
0.024872973515
0.018889519988
0.013180734045
0.0077340072015
0.002537309759
0.0843559980635
0.0843559980635
0.0843559980635
0.0843559980635
0.0843559980635
0.0843559980635
0.0843559980635
0.0843559980635
0.0843559980635
0.0843559980635
0.0843559980635
0.0843559980635
0.0843559980635
0.0843559980635
0.0843559980635
0.0843559980635
0.0843559980635
0.0843559980635
0.0843559980635
0.0843559980635
0.0843559980635
0.0843559980635
0.0843559980635
0.0843559980635
0.0843559980635
0.0843559980635
0.0843559980635
0.0843559980635
0.0843559980635
0.0843559980635
0.0843559980635
0.0843559980635
0.0843559980635
0.0843559980635
0.0843559980635
0.0843559980635
0.0843559980635
0.0843559980635
0.0756420046295
0.067328022913
0.059395690567
0.051827488159
0.0446067004775
0.0377173796145
0.031144309744
0.024872973515
0.018889519988
0.013180734045
0.0077340072015
0.002537309759
0.0756420046295
0.0756420046295
0.0756420046295
0.0756420046295
0.0756420046295
0.0756420046295
0.0756420046295
0.0756420046295
0.0756420046295
0.0756420046295
0.0756420046295
0.0756420046295
0.0756420046295
0.0756420046295
0.0756420046295
0.0756420046295
0.0756420046295
0.0756420046295
0.0756420046295
0.0756420046295
0.0756420046295
0.0756420046295
0.0756420046295
0.0756420046295
0.0756420046295
0.0756420046295
0.0756420046295
0.0756420046295
0.0756420046295
0.0756420046295
0.0756420046295
0.0756420046295
0.0756420046295
0.0756420046295
0.0756420046295
0.0756420046295
0.0756420046295
0.0756420046295
0.0756420046295
0.067328022913
0.059395690567
0.051827488159
0.0446067004775
0.0377173796145
0.031144309744
0.024872973515
0.018889519988
0.013180734045
0.0077340072015
0.002537309759
0.067328022913
0.067328022913
0.067328022913
0.067328022913
0.067328022913
0.067328022913
0.067328022913
0.067328022913
0.067328022913
0.067328022913
0.067328022913
0.067328022913
0.067328022913
0.067328022913
0.067328022913
0.067328022913
0.067328022913
0.067328022913
0.067328022913
0.067328022913
0.067328022913
0.067328022913
0.067328022913
0.067328022913
0.067328022913
0.067328022913
0.067328022913
0.067328022913
0.067328022913
0.067328022913
0.067328022913
0.067328022913
0.067328022913
0.067328022913
0.067328022913
0.067328022913
0.067328022913
0.067328022913
0.067328022913
0.067328022913
0.059395690567
0.051827488159
0.0446067004775
0.0377173796145
0.031144309744
0.024872973515
0.018889519988
0.013180734045
0.0077340072015
0.002537309759
0.059395690567
0.059395690567
0.059395690567
0.059395690567
0.059395690567
0.059395690567
0.059395690567
0.059395690567
0.059395690567
0.059395690567
0.059395690567
0.059395690567
0.059395690567
0.059395690567
0.059395690567
0.059395690567
0.059395690567
0.059395690567
0.059395690567
0.059395690567
0.059395690567
0.059395690567
0.059395690567
0.059395690567
0.059395690567
0.059395690567
0.059395690567
0.059395690567
0.059395690567
0.059395690567
0.059395690567
0.059395690567
0.059395690567
0.059395690567
0.059395690567
0.059395690567
0.059395690567
0.059395690567
0.059395690567
0.059395690567
0.059395690567
0.051827488159
0.0446067004775
0.0377173796145
0.031144309744
0.024872973515
0.018889519988
0.013180734045
0.0077340072015
0.002537309759
0.051827488159
0.051827488159
0.051827488159
0.051827488159
0.051827488159
0.051827488159
0.051827488159
0.051827488159
0.051827488159
0.051827488159
0.051827488159
0.051827488159
0.051827488159
0.051827488159
0.051827488159
0.051827488159
0.051827488159
0.051827488159
0.051827488159
0.051827488159
0.051827488159
0.051827488159
0.051827488159
0.051827488159
0.051827488159
0.051827488159
0.051827488159
0.051827488159
0.051827488159
0.051827488159
0.051827488159
0.051827488159
0.051827488159
0.051827488159
0.051827488159
0.051827488159
0.051827488159
0.051827488159
0.051827488159
0.051827488159
0.051827488159
0.051827488159
0.0446067004775
0.0377173796145
0.031144309744
0.024872973515
0.018889519988
0.013180734045
0.0077340072015
0.002537309759
0.0446067004775
0.0446067004775
0.0446067004775
0.0446067004775
0.0446067004775
0.0446067004775
0.0446067004775
0.0446067004775
0.0446067004775
0.0446067004775
0.0446067004775
0.0446067004775
0.0446067004775
0.0446067004775
0.0446067004775
0.0446067004775
0.0446067004775
0.0446067004775
0.0446067004775
0.0446067004775
0.0446067004775
0.0446067004775
0.0446067004775
0.0446067004775
0.0446067004775
0.0446067004775
0.0446067004775
0.0446067004775
0.0446067004775
0.0446067004775
0.0446067004775
0.0446067004775
0.0446067004775
0.0446067004775
0.0446067004775
0.0446067004775
0.0446067004775
0.0446067004775
0.0446067004775
0.0446067004775
0.0446067004775
0.0446067004775
0.0446067004775
0.0377173796145
0.031144309744
0.024872973515
0.018889519988
0.013180734045
0.0077340072015
0.002537309759
0.0377173796145
0.0377173796145
0.0377173796145
0.0377173796145
0.0377173796145
0.0377173796145
0.0377173796145
0.0377173796145
0.0377173796145
0.0377173796145
0.0377173796145
0.0377173796145
0.0377173796145
0.0377173796145
0.0377173796145
0.0377173796145
0.0377173796145
0.0377173796145
0.0377173796145
0.0377173796145
0.0377173796145
0.0377173796145
0.0377173796145
0.0377173796145
0.0377173796145
0.0377173796145
0.0377173796145
0.0377173796145
0.0377173796145
0.0377173796145
0.0377173796145
0.0377173796145
0.0377173796145
0.0377173796145
0.0377173796145
0.0377173796145
0.0377173796145
0.0377173796145
0.0377173796145
0.0377173796145
0.0377173796145
0.0377173796145
0.0377173796145
0.0377173796145
0.031144309744
0.024872973515
0.018889519988
0.013180734045
0.0077340072015
0.002537309759
0.031144309744
0.031144309744
0.031144309744
0.031144309744
0.031144309744
0.031144309744
0.031144309744
0.031144309744
0.031144309744
0.031144309744
0.031144309744
0.031144309744
0.031144309744
0.031144309744
0.031144309744
0.031144309744
0.031144309744
0.031144309744
0.031144309744
0.031144309744
0.031144309744
0.031144309744
0.031144309744
0.031144309744
0.031144309744
0.031144309744
0.031144309744
0.031144309744
0.031144309744
0.031144309744
0.031144309744
0.031144309744
0.031144309744
0.031144309744
0.031144309744
0.031144309744
0.031144309744
0.031144309744
0.031144309744
0.031144309744
0.031144309744
0.031144309744
0.031144309744
0.031144309744
0.031144309744
0.024872973515
0.018889519988
0.013180734045
0.0077340072015
0.002537309759
0.024872973515
0.024872973515
0.024872973515
0.024872973515
0.024872973515
0.024872973515
0.024872973515
0.024872973515
0.024872973515
0.024872973515
0.024872973515
0.024872973515
0.024872973515
0.024872973515
0.024872973515
0.024872973515
0.024872973515
0.024872973515
0.024872973515
0.024872973515
0.024872973515
0.024872973515
0.024872973515
0.024872973515
0.024872973515
0.024872973515
0.024872973515
0.024872973515
0.024872973515
0.024872973515
0.024872973515
0.024872973515
0.024872973515
0.024872973515
0.024872973515
0.024872973515
0.024872973515
0.024872973515
0.024872973515
0.024872973515
0.024872973515
0.024872973515
0.024872973515
0.024872973515
0.024872973515
0.024872973515
0.018889519988
0.013180734045
0.0077340072015
0.002537309759
0.018889519988
0.018889519988
0.018889519988
0.018889519988
0.018889519988
0.018889519988
0.018889519988
0.018889519988
0.018889519988
0.018889519988
0.018889519988
0.018889519988
0.018889519988
0.018889519988
0.018889519988
0.018889519988
0.018889519988
0.018889519988
0.018889519988
0.018889519988
0.018889519988
0.018889519988
0.018889519988
0.018889519988
0.018889519988
0.018889519988
0.018889519988
0.018889519988
0.018889519988
0.018889519988
0.018889519988
0.018889519988
0.018889519988
0.018889519988
0.018889519988
0.018889519988
0.018889519988
0.018889519988
0.018889519988
0.018889519988
0.018889519988
0.018889519988
0.018889519988
0.018889519988
0.018889519988
0.018889519988
0.018889519988
0.013180734045
0.0077340072015
0.002537309759
0.013180734045
0.013180734045
0.013180734045
0.013180734045
0.013180734045
0.013180734045
0.013180734045
0.013180734045
0.013180734045
0.013180734045
0.013180734045
0.013180734045
0.013180734045
0.013180734045
0.013180734045
0.013180734045
0.013180734045
0.013180734045
0.013180734045
0.013180734045
0.013180734045
0.013180734045
0.013180734045
0.013180734045
0.013180734045
0.013180734045
0.013180734045
0.013180734045
0.013180734045
0.013180734045
0.013180734045
0.013180734045
0.013180734045
0.013180734045
0.013180734045
0.013180734045
0.013180734045
0.013180734045
0.013180734045
0.013180734045
0.013180734045
0.013180734045
0.013180734045
0.013180734045
0.013180734045
0.013180734045
0.013180734045
0.013180734045
0.0077340072015
0.002537309759
0.0077340072015
0.0077340072015
0.0077340072015
0.0077340072015
0.0077340072015
0.0077340072015
0.0077340072015
0.0077340072015
0.0077340072015
0.0077340072015
0.0077340072015
0.0077340072015
0.0077340072015
0.0077340072015
0.0077340072015
0.0077340072015
0.0077340072015
0.0077340072015
0.0077340072015
0.0077340072015
0.0077340072015
0.0077340072015
0.0077340072015
0.0077340072015
0.0077340072015
0.0077340072015
0.0077340072015
0.0077340072015
0.0077340072015
0.0077340072015
0.0077340072015
0.0077340072015
0.0077340072015
0.0077340072015
0.0077340072015
0.0077340072015
0.0077340072015
0.0077340072015
0.0077340072015
0.0077340072015
0.0077340072015
0.0077340072015
0.0077340072015
0.0077340072015
0.0077340072015
0.0077340072015
0.0077340072015
0.0077340072015
0.0077340072015
0.002537309759
0.002537309759
0.002537309759
0.002537309759
0.002537309759
0.002537309759
0.002537309759
0.002537309759
0.002537309759
0.002537309759
0.002537309759
0.002537309759
0.002537309759
0.002537309759
0.002537309759
0.002537309759
0.002537309759
0.002537309759
0.002537309759
0.002537309759
0.002537309759
0.002537309759
0.002537309759
0.002537309759
0.002537309759
0.002537309759
0.002537309759
0.002537309759
0.002537309759
0.002537309759
0.002537309759
0.002537309759
0.002537309759
0.002537309759
0.002537309759
0.002537309759
0.002537309759
0.002537309759
0.002537309759
0.002537309759
0.002537309759
0.002537309759
0.002537309759
0.002537309759
0.002537309759
0.002537309759
0.002537309759
0.002537309759
0.002537309759
0.002537309759
0.002537309759
)
;

boundaryField
{
    side_walls
    {
        type            fixedValue;
        value           uniform 1e-15;
    }
    inlet
    {
        type            cyclic;
    }
    outlet
    {
        type            cyclic;
    }
    side_left
    {
        type            symmetryPlane;
    }
    side_bottom
    {
        type            symmetryPlane;
    }
}


// ************************************************************************* //
