/*--------------------------------*- C++ -*----------------------------------*\
| =========                 |                                                 |
| \\      /  F ield         | OpenFOAM: The Open Source CFD Toolbox           |
|  \\    /   O peration     | Version:  3.0.1                                 |
|   \\  /    A nd           | Web:      www.OpenFOAM.org                      |
|    \\/     M anipulation  |                                                 |
\*---------------------------------------------------------------------------*/
FoamFile
{
    version     2.0;
    format      ascii;
    class       volScalarField;
    location    "50000";
    object      nut;
}
// * * * * * * * * * * * * * * * * * * * * * * * * * * * * * * * * * * * * * //

dimensions      [0 2 -1 0 0 0 0];

internalField   nonuniform List<scalar> 
2500
(
0.00308099867884
0.00309358942224
0.00311382584309
0.0031357728204
0.00315406787238
0.00316465416508
0.0031648959594
0.00315338299731
0.00312964187096
0.00309386237486
0.00304667543542
0.00298898545565
0.00292184823759
0.00284638389162
0.00276371578765
0.00267492883872
0.00258104227476
0.00248299338609
0.0023816295851
0.00227770669667
0.00217189177329
0.00206476902456
0.00195684770418
0.0018485710321
0.00174032544904
0.00163244970321
0.0015252434487
0.00141897518803
0.00131388951846
0.00121021374518
0.00110816401194
0.00100795118041
0.000909786777805
0.00081388944881
0.000720492524853
0.000629853616867
0.000542267648494
0.000458085665313
0.000377743441666
0.000301806991188
0.000231047365127
0.000166563702982
0.000109967611969
6.35503746238e-05
2.99687618925e-05
1.04680360072e-05
2.3980782789e-06
3.01407775129e-07
1.75851486081e-08
5.30064207018e-09
0.00309358093721
0.00310599432206
0.00312596036068
0.00314763220896
0.00316570278336
0.00317613009142
0.00317626253958
0.00316465764965
0.00314080537707
0.0031048623022
0.003057433829
0.00299940827575
0.00293183491539
0.00285583600237
0.00277254426012
0.00268305940797
0.00258841909566
0.0024895808851
0.00238741274598
0.0022826900555
0.00217609743907
0.00206823404787
0.00195962109377
0.00185071067625
0.00174189514455
0.00163351643805
0.00152587503062
0.00141923826577
0.00131384800581
0.0012099276318
0.00110768852745
0.00100733626846
0.000909076832937
0.000813123269498
0.000719703439386
0.000629069744457
0.000541512264931
0.000457377650895
0.000377097798667
0.000301235427389
0.000230558939149
0.000166165470366
0.000109664922902
6.334550913e-05
2.98552279971e-05
1.04225795595e-05
2.38671287233e-06
2.99926973315e-07
1.75043334227e-08
5.28235217697e-09
0.00311380357986
0.00312594652575
0.00314551305988
0.00316680573179
0.00318461077701
0.00319490910908
0.003195017843
0.00318343356153
0.00315957654896
0.00312353902436
0.00307587526455
0.00301743922328
0.00294926321119
0.00287246873568
0.00278820168226
0.00269758590216
0.00260169093662
0.00250151080455
0.00239795154914
0.00229182570446
0.00218385212729
0.00207465983557
0.00196479466243
0.00185472770391
0.00174486471773
0.00163555581581
0.00152710497601
0.00141977906922
0.00131381624955
0.00120943368697
0.00110683473552
0.00100621573402
0.000907772742721
0.000811708650083
0.000718241270306
0.000627613352698
0.000540105939492
0.000456057431739
0.000375892412567
0.000300167360839
0.000229645636978
0.000165420540832
0.000109098684916
6.29624008705e-05
2.96430779767e-05
1.03377230705e-05
2.36551329682e-06
2.97165951651e-07
1.73535947403e-08
5.24816381136e-09
0.00313573505563
0.00314760270315
0.00316678988935
0.00318778326614
0.00320548403472
0.00321589863153
0.00321629896066
0.00320509605953
0.00318161110271
0.00314584221848
0.00309826562196
0.00303967867127
0.00297108023805
0.00289358078906
0.00280833521536
0.00271649305391
0.00261916226663
0.00251738386644
0.00241211540104
0.00230422172182
0.0021944716859
0.00208353956054
0.00197200998776
0.00186038546383
0.00174909541048
0.00163850606336
0.00152893056972
0.00142063885898
0.00131386701591
0.00120882603887
0.00110571000381
0.00100470378169
0.000905990584105
0.000809759758899
0.000716215456861
0.000625587099858
0.000538143103286
0.00045421023398
0.00037420267878
0.000298667982211
0.000228362232654
0.000164373141491
0.000108302478069
6.24240001637e-05
2.93452990241e-05
1.02188017289e-05
2.33584074366e-06
2.93303781305e-07
1.71426174799e-08
5.20015149761e-09
0.00315401574358
0.00316565860302
0.00318457985147
0.00320546867089
0.00322335442139
0.00323427132469
0.00323543677617
0.00322515775797
0.0032026319463
0.0031677362723
0.00312084163839
0.0030626633778
0.00299414477972
0.00291636747063
0.00283048259217
0.00273765800944
0.00263903814554
0.00253571410001
0.00242870241111
0.00231893122094
0.00220723278751
0.00209434134743
0.00198089533906
0.0018674430028
0.00175445041191
0.00164231106777
0.00153135631439
0.0014218659781
0.001314078805
0.0012082024377
0.00110442283709
0.00100291321086
0.000903842666449
0.000807384977826
0.00071372807534
0.000623085192732
0.000535709139884
0.000451912107436
0.000372095110617
0.000296794263008
0.000226756255971
0.00016306148705
0.000107305299152
6.17502016336e-05
2.89732403418e-05
1.00705214095e-05
2.29890409218e-06
2.88499990146e-07
1.68799999684e-08
5.14011870857e-09
0.00316459058034
0.00317607400644
0.0031948656266
0.00321587012013
0.00323425783796
0.00324609776133
0.00324855111907
0.00323981049155
0.00321893257871
0.00318565063942
0.00314020491381
0.00308320238527
0.00301550511378
0.00293814235269
0.00285224130027
0.00275897228118
0.00265950532933
0.0025549761418
0.00244646007674
0.00233495328992
0.00222136029955
0.00210648730717
0.00199104055301
0.00187562890593
0.00176076982597
0.00164689782129
0.00153437456174
0.00142349990662
0.00131452324367
0.00120765470273
0.00110307598837
0.00100095076094
0.000901434684755
0.000804685467341
0.000710873463487
0.000620193766977
0.000532881267159
0.000449231100437
0.000369628639649
0.000294596249452
0.00022486917743
0.000161518777519
0.000106132315423
6.09583258739e-05
2.85368475986e-05
9.89703553613e-06
2.25577555213e-06
2.82896365514e-07
1.65733608826e-08
5.06963463143e-09
0.00316482460261
0.00317619812017
0.00319496516506
0.00321626038361
0.00323541256052
0.00324854004608
0.00325275554527
0.00324613629076
0.00322758882645
0.00319668671774
0.00315351841254
0.00309855804082
0.00303256019508
0.00295647532715
0.00287138153547
0.00277842907784
0.00267879489728
0.00257364535482
0.0024641060664
0.00235123820685
0.00223602089331
0.00211933933202
0.00200197835817
0.00188462087268
0.0017678505345
0.00165215794492
0.00153794949401
0.00142555804074
0.00131525467078
0.00120726090576
0.00110176091155
0.000998913454107
0.000898863571595
0.00080175417474
0.0007077380754
0.00061699132784
0.000529729351005
0.000446228277447
0.000366855705993
0.000292118125577
0.000222737369344
0.00015977400203
0.000104805472063
6.00635116209e-05
2.80448586737e-05
9.70201210994e-06
2.2074050393e-06
2.76618670487e-07
1.6229438364e-08
4.99006470794e-09
0.00315330761228
0.00316458856019
0.00318337519925
0.00320505071055
0.00322512584027
0.00323979107401
0.00324612763343
0.00324210602665
0.00322648232369
0.00319866195172
0.0031585663844
0.00310651650704
0.00304313534786
0.0029692682183
0.00288591698879
0.00279418538828
0.00269523290177
0.00259023561044
0.00248035298879
0.0023667001783
0.00225032557929
0.00213219375363
0.00201317363102
0.0018940318995
0.00177543127877
0.00165793317364
0.00154200402867
0.00142802458898
0.00131630123759
0.00120707862887
0.00110055296448
0.000996885445616
0.000896215669703
0.000798675015827
0.000704400393371
0.000613549157284
0.000526316618468
0.000442958591095
0.000363823178403
0.000289399100081
0.000220392901093
0.000157852601187
0.000103343993461
5.90790427068e-05
2.7504970758e-05
9.48869324389e-06
2.15463352903e-06
2.69778283936e-07
1.5854182845e-08
4.90259664181e-09
0.00312956582773
0.00314073494377
0.00315951573567
0.0031815620702
0.00320259522227
0.00321890748252
0.00322757392422
0.0032264758146
0.00321422710121
0.00319006457478
0.00315373444594
0.00310538958829
0.00304550154939
0.00297478673096
0.00289414445208
0.0028046043842
0.00270728123669
0.00260333515707
0.0024939368979
0.00238023730809
0.00226334109016
0.00214428500949
0.00202402084063
0.0019034032993
0.00178318305868
0.0016640047253
0.00154640939855
0.00143084121072
0.00131765708047
0.00120713884162
0.00109950694015
0.000994935020816
0.000893564938813
0.00079552201957
0.000700930755464
0.00060993160453
0.000522700232816
0.000439471604042
0.000360573121136
0.000286474145762
0.000217864201214
0.000155777018224
0.000101764801632
5.80166236891e-05
2.69239842222e-05
9.25994817998e-06
2.09820538555e-06
2.62473748077e-07
1.54528434107e-08
4.80826282259e-09
0.00309378845397
0.00310479329404
0.00312347849221
0.00314579215967
0.00316769728142
0.00318562224773
0.00319666776833
0.00319865092766
0.00319005984806
0.00316996992967
0.00313795100902
0.00309397956614
0.00303836117264
0.0029716638339
0.00289466094141
0.00280828198603
0.00271356927225
0.00261163923859
0.00250364744404
0.00239075673468
0.00227410850707
0.0021547973045
0.00203384918953
0.00191220441634
0.00179070487339
0.00167008659467
0.00155097738061
0.00143389927411
0.0013192753595
0.00120744014178
0.001098652658
0.000993111489525
0.000890970986185
0.000792358272711
0.000697390983556
0.00060619618722
0.000518931692089
0.000435812047768
0.000357143411859
0.000283374605744
0.000215176604644
0.000153567156829
0.000100082865785
5.68866124878e-05
2.63079263308e-05
9.0183201897e-06
2.03877958823e-06
2.54792201254e-07
1.50300469832e-08
4.70795971217e-09
0.00304660575839
0.00305736838274
0.003075817161
0.00309821667023
0.00312080246364
0.00314017522158
0.00315349729102
0.00315855257752
0.00315372656775
0.0031379476945
0.00311061532791
0.00307152776849
0.00302081612171
0.00295888577638
0.00288636517317
0.00280406072388
0.00271291655638
0.00261397789324
0.00250835715726
0.00239720224749
0.00228166679651
0.00216288256609
0.00204193442874
0.00191983858293
0.00179752473003
0.00167582288699
0.00155545532382
0.00143703382936
0.00132106217099
0.00120794328636
0.00109799048853
0.0009914418291
0.000888476776729
0.000789234541869
0.000693833718722
0.000602393439887
0.000515057013921
0.000432020201363
0.000353568207915
0.000280128672572
0.000212352795346
0.000151240756427
9.83114918317e-05
5.56982153296e-05
2.5662156729e-05
8.76606755371e-06
1.97693977584e-06
2.46810676978e-07
1.45898696433e-08
4.60246454338e-09
0.00298892150426
0.00299934790904
0.00301738511415
0.00303963242768
0.00306262562591
0.0030831729696
0.00309853626191
0.00310650134376
0.0031053798788
0.00309397414038
0.00307152553578
0.00303765886868
0.00299232843752
0.00293576849663
0.00286844863822
0.00279103367386
0.00270434718837
0.00260933785661
0.00250704771428
0.00239858178559
0.00228507875015
0.00216768264822
0.00204751594447
0.00192565455808
0.00180310567836
0.00168078928121
0.00155952421711
0.00144001955032
0.00132287151854
0.00120856610224
0.00109748681461
0.000989927021738
0.000886105940563
0.000786187487609
0.000690301390249
0.000598566454698
0.000511116670872
0.000428132071079
0.00034987825398
0.000276761741142
0.000209413149524
0.000148813691459
9.64625575438e-05
5.4459647611e-05
2.49914560874e-05
8.50519879067e-06
1.91320306267e-06
2.38597257047e-07
1.4135899674e-08
4.4924495939e-09
0.00292179092181
0.00293178058876
0.00294921413252
0.00297103781119
0.00299410960877
0.00301547715017
0.00303253891935
0.0030431199464
0.00304549106395
0.00303835461442
0.00302081255062
0.00299232701135
0.00295267918772
0.00290192947552
0.00284038017016
0.00276854095139
0.00268709685799
0.00259687819544
0.002498831748
0.00239399272545
0.00228345703249
0.00216835368468
0.00204981748719
0.00192896241056
0.00180685639965
0.00168449859004
0.00156280002982
0.00144256897745
0.00132450165525
0.00120917900316
0.00109706955414
0.000988538123204
0.000883859657342
0.000783237421491
0.00068682476343
0.000594750067013
0.000507145241774
0.000424179349408
0.000346101020773
0.000273296632783
0.00020637598125
0.000146300198405
9.4546697151e-05
5.31782633019e-05
2.4300099031e-05
8.23750234607e-06
1.84802762012e-06
2.30212073691e-07
1.36712922304e-08
4.37849426932e-09
0.00284633363998
0.00285578820419
0.00287242526949
0.00289354285946
0.00291633564273
0.00293811665634
0.00295645539198
0.00296925341048
0.00297477627385
0.00297165690424
0.00295888157449
0.0029357662927
0.00290192863623
0.00285725811622
0.00280188678654
0.00273616089723
0.00266061379815
0.00257593992858
0.00248296951838
0.00238264354277
0.00227598849608
0.00216409067298
0.00204806985718
0.00192905260417
0.00180814563471
0.00168641018723
0.00156483845438
0.00144433339086
0.00132569317836
0.00120960144476
0.00109662397612
0.000987212190542
0.000881713161131
0.000780385596764
0.00068342103189
0.000590969646573
0.000503170745958
0.000420189130577
0.000342260661473
0.00026975368469
0.000203257689604
0.000143713032227
9.25734378096e-05
5.18606548584e-05
2.35919123465e-05
7.96457100507e-06
1.7818190528e-06
2.21708161788e-07
1.31988158284e-08
4.2610952247e-09
0.00276367264404
0.00277250309865
0.0027881640404
0.00280830210935
0.00283045453659
0.00285221837891
0.00287136349824
0.00288590335449
0.00289413460317
0.00289465420325
0.00288636087479
0.0028684461549
0.00284037894997
0.00280188636402
0.00275293268401
0.00269369769716
0.00262455497211
0.00254605032655
0.00245888040738
0.00236387111306
0.00226195548854
0.00215415072155
0.00204153397012
0.00192521695331
0.00180631952997
0.00168594284634
0.00156514300777
0.00144490655784
0.00132612926051
0.0012095997127
0.00109598913254
0.000985848283728
0.00087961197839
0.000777611068862
0.000680091445315
0.000587239465941
0.000499213629659
0.00041618335785
0.000338377769646
0.000266150696027
0.000200072804058
0.000141063552179
9.05512893248e-05
5.05127251539e-05
2.28703193835e-05
7.68782134085e-06
1.71493562576e-06
2.13132166851e-07
1.2720891071e-08
4.14067475963e-09
0.00267489255572
0.00268302470084
0.00269755400903
0.00271646481777
0.00273763388755
0.00275895239086
0.00277841326326
0.00279417329497
0.00280459553145
0.00280827583039
0.00280405671052
0.00279103127472
0.00276853969083
0.00273616036695
0.00269369756255
0.00264116676129
0.00257877872799
0.00250692280187
0.00242614965638
0.00233715349306
0.00224075344283
0.00213787383467
0.00202952297338
0.00191677015569
0.00180072085639
0.00168249032636
0.00156317623872
0.00144383145001
0.00132543833789
0.00120888645218
0.00109495529032
0.00098430383562
0.000877468083777
0.000774867214718
0.000676818495432
0.000583560633233
0.000495285378805
0.00041217797748
0.00033446891994
0.000262502719228
0.000196833922526
0.000138361735326
8.84877875522e-05
4.91397325128e-05
2.21383714739e-05
7.40850853232e-06
1.64769241684e-06
2.04524917528e-07
1.22396221854e-08
4.01758773107e-09
0.00258101239804
0.0025883904513
0.00260166450529
0.00261913873577
0.00263901791232
0.00265948852826
0.00267878144385
0.0026952225444
0.00270727360999
0.0027135639466
0.0027129130801
0.00270434512105
0.00268709579443
0.00266061338378
0.00262455491107
0.00257877878542
0.00252333495536
0.00245845333888
0.00238453102256
0.00230211844506
0.00221190453383
0.00211470056834
0.00201142241748
0.00190307076758
0.00179070903809
0.00167543889152
0.00155837358243
0.00144060983635
0.00132319945269
0.00120712230593
0.00109326277352
0.00098239174796
0.000875156230171
0.000772078059957
0.000673562723634
0.000579918598285
0.000491386741412
0.000408181775847
0.000330545971292
0.000258821682774
0.000193551534545
0.000135616114774
8.63894911882e-05
4.77463096572e-05
2.13987671576e-05
7.12773691002e-06
1.58036448176e-06
1.95921873624e-07
1.17568220621e-08
3.892127241e-09
0.00248296932723
0.0024895577734
0.00250148940344
0.00251736472679
0.00253569755941
0.00255496233941
0.00257363425794
0.00259022704882
0.00260332886063
0.00261163487467
0.00261397510036
0.00260933627265
0.0025968774794
0.00257593977574
0.00254605047765
0.00250692304713
0.00245845351818
0.00240071431349
0.00233394611554
0.00225854822087
0.00217506755694
0.00208418630273
0.00198670785342
0.00188354073306
0.00177568001539
0.00166418589091
0.0015501592418
0.00143471446309
0.00131895028297
0.0012039199329
0.00109060260736
0.000979878608998
0.000872510773593
0.000769134627565
0.000670259263125
0.000576280271989
0.000487505557659
0.000404194881177
0.000326615112391
0.000255115830045
0.000190233720381
0.000132833638461
8.42619310472e-05
4.63364571603e-05
2.06538599691e-05
6.84646660394e-06
1.513189128e-06
1.87353462095e-07
1.12740315673e-08
3.76452937128e-09
0.00238161068164
0.00238739455704
0.0023979346581
0.00241210024142
0.00242868926387
0.00244644907662
0.00246409721643
0.00248034618127
0.00249393193974
0.00250364408367
0.00250835511071
0.00250704668842
0.00249883145959
0.00248296970841
0.0024588808507
0.00242615016707
0.0023845314557
0.00233394636613
0.00227448112561
0.0022063812245
0.00213004442268
0.00204601220435
0.00195495957303
0.0018576828691
0.00175508514251
0.00164815855721
0.00153796338153
0.00142560336261
0.0013121977133
0.00119885054339
0.00108661928984
0.000976484431394
0.000869323361871
0.000765891585444
0.000666814285565
0.000572590838324
0.000483614217983
0.00040020692078
0.00032267563159
0.00025138895839
0.000186885715714
0.00013001944351
8.21095105254e-05
4.49135119069e-05
1.99056555577e-05
6.56551668737e-06
1.44636740102e-06
1.78845314571e-07
1.07925339703e-08
3.63497725878e-09
0.00227769225977
0.00228267614654
0.00229181276026
0.00230421007702
0.00231892110452
0.00233494482625
0.00235123142185
0.00236669501086
0.00238023362585
0.00239075435255
0.00239720094706
0.00239858133354
0.00239399288983
0.00238264410601
0.0023638718816
0.00233715430341
0.00230211916682
0.00225854875721
0.00220638151059
0.00214571114922
0.00207678376925
0.00199999317111
0.00191587449704
0.00182509600043
0.00172844854991
0.00162683230271
0.0015212399132
0.00141273572033
0.00130243063208
0.001191452926
0.00108091590954
0.000971884271793
0.000865341878316
0.00076216452573
0.000663101583247
0.000568770387609
0.000479666800608
0.000396194840426
0.000318718399375
0.000247639443806
0.000183509331275
0.000127176540724
7.99353558246e-05
4.34800911147e-05
1.91557989798e-05
6.285565242e-06
1.38006489407e-06
1.70418421053e-07
1.0313365396e-08
3.50360483033e-09
0.0021718811237
0.00217608717029
0.00218384255886
0.00219446307075
0.00220722530841
0.00222135406697
0.00223601594626
0.00225032189009
0.00226333857315
0.00227410703054
0.00228166619642
0.0022850788443
0.00228345763385
0.00227598942428
0.00226195657891
0.00224075455288
0.00221190554707
0.00217506838447
0.00213004500287
0.00207678406601
0.00201538218783
0.00194608316279
0.00186927541994
0.00178548769286
0.00169538264781
0.00159974797081
0.00149948422313
0.00139558868834
0.001289134516
0.00118124478277
0.00107306169119
0.000965712015995
0.000860271020923
0.00075772824722
0.00065895957725
0.000564710555605
0.000475595980258
0.000392120415748
0.000314724062245
0.000243859040415
0.000180102217772
0.000124305404066
7.77411147358e-05
4.20380127126e-05
1.84055531465e-05
6.00714681677e-06
1.31441200316e-06
1.62089215645e-07
9.83732229713e-09
3.37050055235e-09
0.00206476151833
0.00206822680839
0.00207465309015
0.00208353349585
0.00209433610622
0.0021064829845
0.00211933597282
0.0021321913531
0.0021442835169
0.00215479663001
0.00216288258992
0.00216768323113
0.00216835467844
0.00216409193019
0.0021541521038
0.00213787521899
0.00211470185147
0.00208418740356
0.00204601306458
0.00199999375453
0.00194608345352
0.00188437832248
0.00181511792935
0.00173868472436
0.00165560167598
0.00156652771114
0.00147225033352
0.00137367457139
0.00127180729825
0.00116773605834
0.00106260190586
0.000957566503934
0.000853774850212
0.000752316425011
0.000654189092059
0.000560271412616
0.000471309849195
0.000387927517555
0.00031066096373
0.000240031451287
0.000176656969264
0.000121403461157
7.55267035208e-05
4.05881933643e-05
1.76557696396e-05
5.73064782366e-06
1.24950376239e-06
1.53869611836e-07
9.36496704716e-09
3.23571159484e-09
0.00195684274972
0.00195961631918
0.00196479022376
0.00197200601897
0.00198089194912
0.00199103782144
0.00200197633084
0.00201317231791
0.00202402021623
0.00203384919605
0.00204193498175
0.00204751694014
0.00204981881036
0.00204807138925
0.00204153559635
0.00202952458881
0.00201142393145
0.00198670919249
0.0019549606824
0.00191587534068
0.00186927597971
0.00181511820326
0.00175349532665
0.00168464154
0.00160893338274
0.00152688935146
0.00143916716694
0.00134655791667
0.00124997602523
0.00115044386877
0.00104906995335
0.000947020042544
0.000845481558318
0.000745623033115
0.00064855226977
0.000555278903824
0.000466688847909
0.000383539234446
0.000306482832899
0.000236130679481
0.000173160063692
0.000118464483454
7.32900029425e-05
3.9130526292e-05
1.6906853487e-05
5.4563005216e-06
1.1853994159e-06
1.4576700726e-07
8.89663290733e-09
3.09924886563e-09
0.00184856810012
0.00185070785918
0.00185472510382
0.00186038317352
0.00186744110339
0.00187562746225
0.00188461992834
0.00189403147315
0.00190340338294
0.00191220497607
0.00191983956186
0.00192565588111
0.00192896399017
0.00192905434669
0.00192521876501
0.00191677194815
0.0019030724621
0.00188354226376
0.00185768418494
0.00182509706597
0.00178548848807
0.00173868524364
0.0016846417906
0.00162344695018
0.00155532902215
0.00148065930903
0.00139995377052
0.00131387219171
0.00122321388462
0.00112890862235
0.00103200133602
0.000933629234246
0.000834990609612
0.000737305835833
0.000641773005151
0.000549523189689
0.000461583062348
0.000378855006715
0.000302126314537
0.000232119187118
0.000169590648874
0.000115477879698
7.10265072172e-05
3.76637424979e-05
1.6158724075e-05
5.18417640794e-06
1.12212191504e-06
1.37784281682e-07
8.43242984225e-09
2.96109344013e-09
0.0017403240769
0.0017418938398
0.00174486354237
0.00174909442582
0.0017544496766
0.0017607693916
0.00176785044054
0.00177543154816
0.00178318369498
0.00179070585987
0.0017975260308
0.00180310724109
0.00180685815957
0.00180814751937
0.0018063214641
0.00180072276662
0.00179071085695
0.00177568168451
0.0017550866149
0.00172844979117
0.00169538363659
0.00165560240351
0.00160893385191
0.001555329246
0.0014948718716
0.00142778418674
0.00135443351799
0.00127533590768
0.0011911573208
0.00110271098165
0.00101094921517
0.000916947959424
0.000821882298391
0.000726992189408
0.00063353926358
0.00054275826633
0.000455810201947
0.000373747983564
0.00029750845907
0.000227945917749
0.000165919197645
0.000112427904628
6.87289343198e-05
3.61852613562e-05
1.54107753186e-05
4.91418010296e-06
1.0596575819e-06
1.29919818084e-07
7.97225299057e-09
2.82120499138e-09
0.00163244949519
0.00163351626354
0.00163555570775
0.00163850605953
0.0016423112091
0.00164689814786
0.00165215849112
0.00165793396369
0.0016640057698
0.00167008788883
0.0016758244104
0.0016807909992
0.00168450045621
0.00168641214687
0.00168594484021
0.00168249229458
0.00167544077715
0.00166418764296
0.001648160133
0.00162683366945
0.0015997491064
0.00156652860427
0.00152689000114
0.00148065972359
0.00142778438258
0.00136834121218
0.00130254740898
0.00123076820123
0.00115352311614
0.00107148943498
0.000985501284236
0.000896542316703
0.000805729687135
0.000714287313033
0.000623507600698
0.000534703255585
0.000449154621785
0.000368062877858
0.000292524344571
0.000223544275254
0.000162106079092
0.000109292808479
6.63868137289e-05
3.4691040375e-05
1.46618396998e-05
4.64604523638e-06
9.97956263742e-07
1.22167586564e-07
7.51579609494e-09
2.67953290816e-09
0.00152524407332
0.00152587566536
0.00152710563338
0.00152893127033
0.00153135708549
0.00153437543373
0.00153795049598
0.00154200518411
0.00154641072186
0.0015509788748
0.00155545697955
0.00155952601304
0.00156280193405
0.00156484042677
0.00156514500275
0.00156317820837
0.00155837547952
0.00155016102253
0.00153796500779
0.00152124135433
0.00149948545695
0.00147225134686
0.00143916795556
0.00139995433857
0.00135443387708
0.00130254757707
0.00124436659337
0.00118010398927
0.00111012547162
0.00103495840371
0.000955297805005
0.000872007362674
0.000786112857275
0.000698785122577
0.000611310148773
0.00052504574388
0.00044136778772
0.000361614654317
0.000287045066316
0.000218830202381
0.000158100126685
0.000106043973879
6.39860798644e-05
3.31754399837e-05
1.39101631163e-05
4.37933450471e-06
9.36932434137e-07
1.1451734621e-07
7.06257292268e-09
2.53603085713e-09
0.00141897637341
0.0014192394458
0.00141978024264
0.00142064003426
0.00142186717221
0.00142350114199
0.00142555934134
0.00142802597641
0.00143084270085
0.00143390087467
0.00143703553857
0.00144002135658
0.00144257086003
0.00144433532132
0.00144490850204
0.00144383337045
0.00144061169466
0.00143471622235
0.00142560498946
0.0014127371867
0.00139558997267
0.00137367565938
0.00134655880154
0.00131387287402
0.00127533639479
0.00123076850648
0.0011801041309
0.00112340881237
0.00106089322297
0.000992926972097
0.000920050816197
0.000842985608409
0.000762635448192
0.000680081702907
0.000596564294545
0.000513447528656
0.000432170604743
0.000354188443664
0.000280916398966
0.00021370056454
0.000153837330819
0.000102645117909
6.15087180834e-05
3.16311284495e-05
1.31534010108e-05
4.11344706103e-06
8.76467893018e-07
1.06955043114e-07
6.61195072635e-09
2.39067556064e-09
0.00131389104653
0.00131384951898
0.00131381773779
0.00131386847945
0.00131408025328
0.00131452469276
0.00131525613997
0.00131630274595
0.00131765864379
0.00131927698798
0.00132106386768
0.0013228732787
0.00132450346647
0.00132569502137
0.00132613111053
0.00132544016634
0.00132320122906
0.00131895197684
0.00131219929612
0.00130243207876
0.00128913580621
0.00127180841731
0.00124997696459
0.00122321464196
0.00119115789984
0.00115352352604
0.00111012572629
0.00106089334007
0.00100588732141
0.000945318434607
0.000879564698602
0.000809187410763
0.000734943593985
0.000657791558929
0.000578885282794
0.000499553125285
0.000421258044635
0.000345541125657
0.000273958509188
0.000208032118925
0.000149239845127
9.90516813662e-05
5.89325373574e-05
3.00490655837e-05
1.23886513478e-05
3.84763781384e-06
8.16416995739e-07
9.94635150509e-08
6.16320111557e-09
2.24349046214e-09
0.00121021544539
0.00120992931188
0.0012094353318
0.00120882764342
0.00120820400611
0.00120765624609
0.00120726243925
0.00120708016879
0.00120714040273
0.00120744173513
0.00120794491781
0.00120856777158
0.00120918070398
0.00120960316478
0.00120960143458
0.00120888815476
0.00120712396562
0.00120392152521
0.00119885204446
0.00119145431402
0.00118124603917
0.00116773716876
0.00115044482365
0.00112890941726
0.00110271161733
0.00107148991704
0.00103495874211
0.000992927180493
0.00094531852954
0.00089219083959
0.000833758403486
0.000770413601927
0.000702747585955
0.000631566958164
0.000557902083044
0.000483001437598
0.000408306544802
0.000335405076271
0.000265967171791
0.000201681433946
0.000144215573566
9.52105869e-05
5.62311816456e-05
2.84186226582e-05
1.16125469025e-05
3.58105508016e-06
7.56615700857e-07
9.20236546065e-08
5.71557524429e-09
2.0945746387e-09
0.00110816575483
0.00110769024804
0.00110683641629
0.0011057116367
0.00110442442264
0.00110307753389
0.00110176242873
0.00110055446688
0.00109950844091
0.00109865416799
0.0010979920149
0.00109748835998
0.00109707111617
0.00109662554763
0.00109599070197
0.00109495684253
0.00109326429076
0.00109060407046
0.0010866206794
0.00108091720714
0.00107306288042
0.00106260297326
0.00104907088908
0.00103200213431
0.00101094987451
0.000985501807315
0.000955298198412
0.00092005108998
0.000879564865648
0.000833758478815
0.000782689626525
0.000726580853155
0.000665846850994
0.000601120964637
0.000533277097672
0.000463441160246
0.000392984754883
0.000323494655834
0.000256717028796
0.000194486219635
0.000138658698557
9.10606236572e-05
5.33745413705e-05
2.67279200176e-05
1.08214378226e-05
3.31280523198e-06
6.96896133007e-07
8.4616228023e-08
5.2684116333e-09
1.94413666727e-09
0.00100795287142
0.0010073379371
0.00100621736226
0.00100470536005
0.00100291473761
0.00100095224061
0.000998914895483
0.000996886859699
0.0009949364189
0.000993112881596
0.000991443222607
0.000989928420765
0.000988539528033
0.000987213597571
0.000985849685694
0.000984305222087
0.000982393106005
0.000979879924045
0.000976485688131
0.000971885455113
0.000965713111899
0.000957567500342
0.000947020929961
0.000933630006264
0.000916948613018
0.000896542852328
0.000872007784162
0.000842985922697
0.00080918762747
0.000770413732816
0.000726580911518
0.000677750240603
0.000624159046014
0.00056625512577
0.000504730691982
0.000440550829813
0.000374968460674
0.000309516185259
0.000245967557949
0.000186268644413
0.000132451619057
8.65338065328e-05
5.03297852257e-05
2.49644912572e-05
1.00117042791e-05
3.04205502676e-06
6.37108700558e-07
7.72245825538e-08
4.82128550325e-09
1.79253201942e-09
0.00090978835145
0.000909078385529
0.000907774256988
0.000905992050263
0.000903844081507
0.000901436051249
0.000898864895988
0.000896216960707
0.000893566205825
0.000890972237951
0.000888478020308
0.000886107180586
0.000883860895581
0.000881714396331
0.000879613206347
0.000877469297615
0.000875157420792
0.000872511930254
0.00086932447285
0.000865342931627
0.000860272005034
0.000853775754728
0.000845482374579
0.000834991331185
0.000821882921418
0.000805730210528
0.000786113282749
0.000762635780142
0.000734943839225
0.000702747753341
0.000665846950955
0.000624159090019
0.000577754050584
0.000526893090128
0.000472072057981
0.000414065028873
0.000353961022876
0.000293182523849
0.000233472656937
0.000176841378109
0.000125468896042
8.15581575525e-05
4.70632931496e-05
2.3116407506e-05
9.18024512815e-06
2.76818314788e-06
5.7715384915e-07
6.9838471094e-08
4.37420679702e-09
1.64030085752e-09
0.000813890863409
0.000813124665198
0.000811710011165
0.000809761076049
0.000807386247495
0.000804686690717
0.000801755356462
0.000798676162638
0.000795523139061
0.000792359372237
0.000789235627697
0.000786188564295
0.000783238491483
0.000780386660213
0.000777612123617
0.000774868256472
0.000772079082527
0.000769135623279
0.000765892545605
0.000762165441139
0.000757729108719
0.000752317224019
0.000745623762135
0.000737306488889
0.000726992762394
0.000714287803953
0.000698785531659
0.000680082032596
0.000657791813756
0.000631567144502
0.000601121090371
0.00056625519989
0.000526893122277
0.000483121455421
0.000435238430623
0.000383809058165
0.000329721538587
0.00027423408743
0.000218995243333
0.000166017394834
0.000117583973922
7.60624566371e-05
4.35438165646e-05
2.11740041919e-05
8.32518557693e-06
2.49099009034e-06
5.17024843265e-07
6.24591272783e-08
3.92786788025e-09
1.48820089515e-09
0.0007204937578
0.000719704656024
0.000718242456915
0.00071621660507
0.000713729181544
0.000710874528018
0.000707739101504
0.000704401386152
0.000700931720881
0.000697391927574
0.000693834646621
0.000690302306123
0.00068682566985
0.000683421929725
0.000680092333687
0.000676819371787
0.000673563583909
0.000670260102004
0.000666815096791
0.000663102359987
0.000658960312487
0.000654189779
0.00064855290224
0.000641773577955
0.000633539772816
0.000623508043999
0.000611310525458
0.000596564605685
0.000578885531171
0.000557902273023
0.000533277234979
0.000504730783417
0.000472072111074
0.000435238453254
0.000394344791964
0.00034974523037
0.000302104190036
0.000252469421208
0.000202329253973
0.000153625160985
0.000108679725604
6.99836024466e-05
3.97471912578e-05
1.91323220249e-05
7.44682431013e-06
2.21096674016e-06
4.56860906118e-07
5.51054614868e-08
3.48392822489e-09
1.33722762722e-09
0.000629854660477
0.000629070774489
0.000627614357621
0.000625588072502
0.000623086129761
0.000620194668236
0.000616992195548
0.000613549995215
0.000609932417235
0.000606196979364
0.000602394215717
0.000598567217645
0.000594750819427
0.000590970389566
0.000587240199336
0.00058356135559
0.000579919307008
0.000576280963482
0.000572591508204
0.000568771030952
0.000564711167219
0.000560271987337
0.000555279436802
0.000549523676674
0.000542758703925
0.000534703641459
0.000525046076925
0.000513447809084
0.000499553354645
0.000483001618725
0.00046344129713
0.000440550927414
0.00041406509287
0.000383809094668
0.000349745245608
0.000312034238633
0.000271113624878
0.000227790355362
0.000183333203535
0.00013953202089
9.86644073294e-05
6.32773210295e-05
3.56628359032e-05
1.69942676406e-05
6.54878350023e-06
1.92960281247e-06
3.9700587434e-07
4.78207365402e-08
3.04529938878e-09
1.18861253317e-09
0.000542268506376
0.000541513111905
0.000540106766216
0.000538143903885
0.000535709911487
0.000532882009385
0.000529730065341
0.000526317307643
0.000522700900205
0.000518932341213
0.000515057648044
0.000511117292696
0.000507145853241
0.000503171348125
0.000499214222654
0.000495285961837
0.000491387312835
0.000487506115073
0.000483614758377
0.00047966732052
0.000475596475966
0.000471310316916
0.000466689284006
0.000461583463534
0.00045581056548
0.000449154945634
0.00044136807071
0.000432170846643
0.000421258246211
0.000408306707811
0.000392984882006
0.000374968555403
0.000353961089347
0.000329721581377
0.000302104213927
0.000271113634605
0.000236981767255
0.000200268917596
0.000161982170595
0.00012368075203
8.74956740715e-05
5.59331119035e-05
3.13020326862e-05
1.47742738443e-05
5.63921834851e-06
1.64968363496e-06
3.3806083976e-07
4.0678291018e-08
2.61635929847e-09
1.04379006034e-09
0.00045808634923
0.000457378326376
0.000456058091498
0.000454210873417
0.000451912724236
0.000449231694171
0.000446228849101
0.000442959142599
0.000439472137825
0.000435812566387
0.000432020707208
0.00042813256615
0.000424179835168
0.00042018960787
0.000416183826861
0.000412178437745
0.000408182226295
0.000404195320197
0.000400207346314
0.000396195250081
0.00039212080692
0.000387927887561
0.000383539580671
0.00037885532675
0.000373748275341
0.000368063139779
0.000361614885356
0.000354188643452
0.000345541294534
0.000335405215298
0.000323494766771
0.000309516270498
0.000293182586311
0.000274234130429
0.000252469448284
0.000227790370096
0.000200268923416
0.000170243750628
0.000138447891531
0.000106147402044
7.52171538224e-05
4.79946274407e-05
2.6707576162e-05
1.25018676514e-05
4.73178313011e-06
1.37547965548e-06
2.80910937918e-07
3.37839446762e-08
2.20298787669e-09
9.0432768788e-10
0.00037774396881
0.000377098319558
0.000375892921764
0.000374203172858
0.000372095587829
0.000369629099628
0.000366856149397
0.000363823606569
0.000360573535758
0.000357143814716
0.000353568600663
0.000349878637997
0.000346101397058
0.000342261030593
0.000338378131714
0.000334469274619
0.000330546317829
0.000326615449671
0.000322675958191
0.000318718713647
0.000314724362392
0.000310661247901
0.00030648309928
0.000302126561444
0.000297508685044
0.00029252454846
0.000287045247348
0.000280916556817
0.000273958644013
0.000265967284251
0.000256717120047
0.000245967629609
0.000233472711024
0.000218995282177
0.000202329280105
0.000183333219558
0.000161982179048
0.00013844789475
0.000113215637819
8.72306022452e-05
6.20141515096e-05
3.95871249291e-05
2.19638427689e-05
1.02240864981e-05
3.84587286846e-06
1.11269181353e-06
2.26699985738e-07
2.72720942221e-08
1.81229731179e-09
7.71820917843e-10
0.000301807381812
0.000301235813614
0.000300167738804
0.000298668349514
0.000296794618433
0.000294596592748
0.000292118457198
0.000289399420939
0.000286474456994
0.000283374908528
0.000280128967981
0.000276762030043
0.000273296915774
0.000269753962067
0.000266150967774
0.000262502985035
0.000258821942056
0.000255116081981
0.000251389201969
0.000247639677879
0.000243859263748
0.000240031662623
0.000236130877598
0.000232119370891
0.000227946086209
0.000223544427641
0.00021883033819
0.000213700683564
0.000208032221279
0.000201681520081
0.000194486290338
0.000186268700786
0.000176841421531
0.000166017426909
0.000153625183467
0.000139532035601
0.000123680760765
0.000106147406483
8.72306038625e-05
6.75750575618e-05
4.8293183592e-05
3.09532230045e-05
1.72058325306e-05
8.00535321952e-06
3.00557263868e-06
8.6801053252e-07
1.76728840188e-07
2.12929893124e-08
1.45196381227e-09
6.47765730867e-10
0.000231047640579
0.000230559211712
0.000229645904088
0.000228362492756
0.000226756508309
0.000224869421882
0.000222737606242
0.00022039313105
0.000217864424963
0.000215176822917
0.000212353008778
0.00020941335859
0.000206376186231
0.000203257890572
0.000200073000878
0.00019683411487
0.000193551721915
0.00019023390214
0.000186885891116
0.000183509499501
0.00018010237797
0.000176657120589
0.000173160205339
0.000169590780121
0.000165919317884
0.000162106187868
0.000158100223716
0.000153837416022
0.000149239918633
0.000144215635721
0.000138658749926
0.000132451660405
0.000125468928312
0.000117583998201
0.000108679743074
9.86644192184e-05
8.74956815938e-05
7.52171581194e-05
6.20141535958e-05
4.82931843113e-05
3.4770406054e-05
2.24923797991e-05
1.26252113634e-05
5.92373575869e-06
2.23695204392e-06
6.48223553478e-07
1.32271950318e-07
1.59910771017e-08
1.12918394244e-09
5.33431587115e-10
0.000166563884327
0.000166165649999
0.000165420717204
0.000164373313713
0.000163061654731
0.000161518940652
0.000159774160873
0.000157852756146
0.000155777169748
0.000153567305332
0.000151240902234
0.000148813834768
0.000146300339274
0.00014371317057
0.000141063687777
0.000138361867839
0.000135616243763
0.000132833763413
0.000130019563861
0.000127176655883
0.000124305513443
0.000121403564188
0.000118464579621
0.000115477968556
0.000112427985822
0.000109292881764
0.000106044039132
0.000102645175141
9.90517307234e-05
9.52106286685e-05
9.10606582545e-05
8.65338344972e-05
8.15581795256e-05
7.60624733409e-05
6.9983614655e-05
6.32773295363e-05
5.59331174874e-05
4.79946308314e-05
3.95871267758e-05
3.09532238514e-05
2.24923800712e-05
1.47766978122e-05
8.46910693829e-06
4.06400634373e-06
1.5640636941e-06
4.5899841947e-07
9.43430826981e-08
1.1478536498e-08
8.49465451312e-10
4.29763371242e-10
0.000109967719603
0.000109665029683
0.000109098790047
0.000108302581141
0.000107305400034
0.000106132414191
0.000104805568921
0.000103344088669
0.000101764895442
0.000100082958398
9.83115833684e-05
9.64626480275e-05
9.45467865057e-05
9.25735258649e-05
9.05513758271e-05
8.84878721801e-05
8.63895735693e-05
8.42620107759e-05
8.2109587181e-05
7.99354289886e-05
7.7741184008e-05
7.55267685353e-05
7.32900633809e-05
7.10265628209e-05
6.87289849005e-05
6.63868591764e-05
6.39861201518e-05
6.15087532701e-05
5.89325675883e-05
5.62312071479e-05
5.33745624468e-05
5.03298022443e-05
4.70633065321e-05
4.35438267705e-05
3.97471987674e-05
3.56628411986e-05
3.13020362323e-05
2.67075783884e-05
2.19638440542e-05
1.72058331907e-05
1.26252116456e-05
8.4691070214e-06
5.01775860278e-06
2.50968915012e-06
1.00520675879e-06
3.03728603494e-07
6.34812125955e-08
7.81224266285e-09
6.1562857091e-10
3.37336363339e-10
6.35504288916e-05
6.33455630987e-05
6.29624542376e-05
6.2424052821e-05
6.17502536013e-05
6.09583772589e-05
6.00635625718e-05
5.90790933746e-05
5.80166741947e-05
5.68866629001e-05
5.56982656533e-05
5.44596977835e-05
5.31783131962e-05
5.18607042911e-05
5.05127738962e-05
4.91397803025e-05
4.7746356212e-05
4.63365021899e-05
4.49135551247e-05
4.34801322486e-05
4.20380515142e-05
4.05882296176e-05
3.91305598199e-05
3.76637731679e-05
3.6185289084e-05
3.46910651273e-05
3.31754617784e-05
3.16311473551e-05
3.00490817167e-05
2.84186361785e-05
2.67279311228e-05
2.49645001757e-05
2.31164144884e-05
2.1174009502e-05
1.91323259302e-05
1.69942704027e-05
1.47742757094e-05
1.25018688421e-05
1.02240872072e-05
8.00535360524e-06
5.92373594381e-06
4.06400641685e-06
2.50968916965e-06
1.33326365481e-06
5.71783212948e-07
1.83031503438e-07
3.9642142797e-08
4.98300367338e-09
4.27395913439e-10
2.56374084469e-10
2.99687832297e-05
2.98552493041e-05
2.96430992024e-05
2.93453201907e-05
2.89732615137e-05
2.85368688621e-05
2.80448801161e-05
2.75049924503e-05
2.6924006206e-05
2.630794861e-05
2.56621792677e-05
2.4991478811e-05
2.43001218312e-05
2.35919350878e-05
2.28703419106e-05
2.213839362e-05
2.13987887517e-05
2.0653880843e-05
1.99056755523e-05
1.91558179502e-05
1.84055709662e-05
1.76557862043e-05
1.69068687166e-05
1.61587379156e-05
1.54107877429e-05
1.46618507072e-05
1.3910172732e-05
1.3153409284e-05
1.2388658349e-05
1.16125527212e-05
1.0821442563e-05
1.00117080564e-05
9.18024806429e-06
8.32518779621e-06
7.44682593492e-06
6.54878464693e-06
5.639219124e-06
4.73178362881e-06
3.84587317034e-06
3.00557280827e-06
2.23695213046e-06
1.56406373277e-06
1.00520677286e-06
5.71783216339e-07
2.69678244783e-07
9.54263143116e-08
2.22542677772e-08
2.92102298165e-09
2.81716940097e-10
1.8682048638e-10
1.04680420071e-05
1.04225855895e-05
1.03377291464e-05
1.02188078847e-05
1.0070527687e-05
9.89704197745e-06
9.7020187506e-06
9.48870010725e-06
9.2599552735e-06
9.0183275033e-06
8.76607506009e-06
8.50520644706e-06
8.23751009703e-06
7.96457878589e-06
7.68782908103e-06
7.40851615902e-06
7.12774435118e-06
6.84647379101e-06
6.56552355752e-06
6.28557173998e-06
6.00715289622e-06
5.73065344803e-06
5.45630566472e-06
5.18418105416e-06
4.91418424701e-06
4.64604888294e-06
4.37933766766e-06
4.11344976249e-06
3.847640083e-06
3.58105695196e-06
3.31280674564e-06
3.04205622428e-06
2.76818407248e-06
2.49099078502e-06
2.21096724628e-06
1.92960316854e-06
1.64968387563e-06
1.37547981076e-06
1.11269190841e-06
8.68010586855e-07
6.48223582211e-07
4.58998433194e-07
3.03728609191e-07
1.83031505338e-07
9.54263147198e-08
3.89047495736e-08
1.04595202711e-08
1.51414407453e-09
1.73624620504e-10
1.28445036718e-10
2.39807941646e-06
2.38671402385e-06
2.3655144718e-06
2.33584195439e-06
2.29890535139e-06
2.25577687133e-06
2.20740642724e-06
2.15463499053e-06
2.09820692086e-06
2.03878119286e-06
1.97694144086e-06
1.91320477533e-06
1.84802936472e-06
1.78182081162e-06
1.71493738001e-06
1.64769414755e-06
1.58036617054e-06
1.51319075773e-06
1.44636895631e-06
1.3800663617e-06
1.31441337231e-06
1.24950502485e-06
1.18540056605e-06
1.12212294989e-06
1.05965850095e-06
9.97957068836e-07
9.36933129221e-07
8.76468483875e-07
8.16417489672e-07
7.56616106353e-07
6.96896459387e-07
6.37108957615e-07
5.77154046803e-07
5.17024991232e-07
4.56861013617e-07
3.97005949844e-07
3.38060890794e-07
2.80910970932e-07
2.26700006041e-07
1.76728851956e-07
1.32271956677e-07
9.43430858514e-08
6.34812139967e-08
3.9642143332e-08
2.22542679381e-08
1.0459520301e-08
3.49797380299e-09
6.34059181117e-10
9.7191277504e-11
8.09600148168e-11
3.0140790209e-07
2.99927102487e-07
2.97166084608e-07
2.93303919877e-07
2.88500136127e-07
2.82896520457e-07
2.76618835516e-07
2.69778459614e-07
2.62473934334e-07
2.54792397382e-07
2.46810881686e-07
2.38597468551e-07
2.30212289837e-07
2.2170838018e-07
2.13132384976e-07
2.04525132873e-07
1.95922083778e-07
1.8735366483e-07
1.78845507907e-07
1.70418603304e-07
1.62089385451e-07
1.53869768176e-07
1.45767149458e-07
1.37784409398e-07
1.29919931295e-07
1.22167685545e-07
1.14517431496e-07
1.06955115465e-07
9.94635754131e-08
9.2023704065e-08
8.46162677586e-08
7.72246137974e-08
6.98384950835e-08
6.24591452185e-08
5.5105474514e-08
4.78207456925e-08
4.06782972127e-08
3.37839486954e-08
2.72720967069e-08
2.12929907652e-08
1.59910778977e-08
1.14785369017e-08
7.81224284904e-09
4.98300374939e-09
2.92102300785e-09
1.51414408147e-09
6.34059182218e-10
1.7544085724e-10
4.64106682169e-11
4.41524187008e-11
1.75851524409e-08
1.75043374297e-08
1.73535990544e-08
1.71426222348e-08
1.68800052855e-08
1.6573366861e-08
1.6229445072e-08
1.58541903142e-08
1.54528516337e-08
1.50300559148e-08
1.45898792042e-08
1.41359097567e-08
1.36713027067e-08
1.31988265565e-08
1.27209019031e-08
1.22396329743e-08
1.17568326667e-08
1.12740418573e-08
1.07925438297e-08
1.03133747258e-08
9.83733101682e-09
9.36497509552e-09
8.89664024257e-09
8.43243644142e-09
7.97225884855e-09
7.51580122291e-09
7.0625773463e-09
6.6119544836e-09
6.16320425445e-09
5.71557782036e-09
5.26841370722e-09
4.82128713833e-09
4.37420805694e-09
3.92786882694e-09
3.48392891669e-09
3.04529987893e-09
2.616359634e-09
2.20298809772e-09
1.81229745125e-09
1.45196389611e-09
1.12918399015e-09
8.49465476805e-10
6.15628583575e-10
4.27395919206e-10
2.81716942455e-10
1.73624621343e-10
9.71912777513e-11
4.64106682696e-11
1.93117957443e-11
1.8120186582e-11
5.3006400743e-09
5.28235026963e-09
5.2481620657e-09
5.20014997538e-09
5.14011745933e-09
5.06963369164e-09
4.99006410041e-09
4.90259637578e-09
4.8082628944e-09
4.7079601066e-09
4.60246523537e-09
4.49245055059e-09
4.37849545223e-09
4.26109659185e-09
4.14067626753e-09
4.01758933645e-09
3.89212890232e-09
3.76453104994e-09
3.63497892001e-09
3.50360644383e-09
3.37050209273e-09
3.23571304176e-09
3.09925020378e-09
2.96109465909e-09
2.82120608527e-09
2.6795338752e-09
2.53603169917e-09
2.39067628256e-09
2.24349107127e-09
2.09457514419e-09
1.94413707953e-09
1.79253234954e-09
1.64030111679e-09
1.48820109461e-09
1.33722777731e-09
1.18861264345e-09
1.04379013931e-09
9.04327742857e-10
7.71820954947e-10
6.47765755054e-10
5.3343160227e-10
4.29763380307e-10
3.37336368467e-10
2.56374087174e-10
1.86820487681e-10
1.28445037269e-10
8.09600150101e-11
4.41524187506e-11
1.81201865891e-11
3.79951222776e-12
)
;

boundaryField
{
    side_walls
    {
        type            calculated;
        value           nonuniform List<scalar> 
100
(
4.84219503668e-19
4.84219510272e-19
4.84219522617e-19
4.84219539954e-19
4.84219561632e-19
4.84219587083e-19
4.84219615815e-19
4.84219647399e-19
4.84219681463e-19
4.84219717682e-19
4.84219755775e-19
4.84219795501e-19
4.8421983665e-19
4.84219879042e-19
4.84219922525e-19
4.84219966971e-19
4.84220012274e-19
4.84220058349e-19
4.8422010513e-19
4.84220152568e-19
4.84220200631e-19
4.84220249302e-19
4.84220298578e-19
4.84220348465e-19
4.84220398978e-19
4.84220450135e-19
4.84220501953e-19
4.8422055444e-19
4.84220607588e-19
4.84220661361e-19
4.84220715683e-19
4.84220770427e-19
4.84220825397e-19
4.84220880319e-19
4.84220934835e-19
4.84220988499e-19
4.84221040794e-19
4.84221091153e-19
4.84221139001e-19
4.84221183796e-19
4.84221225082e-19
4.84221262516e-19
4.84221295891e-19
4.84221325126e-19
4.84221350242e-19
4.84221371321e-19
4.84221388467e-19
4.84221401758e-19
4.84221411159e-19
4.8422141633e-19
4.84219503668e-19
4.84219510273e-19
4.84219522618e-19
4.84219539955e-19
4.84219561632e-19
4.84219587083e-19
4.84219615816e-19
4.842196474e-19
4.84219681463e-19
4.84219717682e-19
4.84219755775e-19
4.84219795501e-19
4.84219836649e-19
4.84219879042e-19
4.84219922525e-19
4.84219966971e-19
4.84220012274e-19
4.84220058349e-19
4.84220105129e-19
4.84220152567e-19
4.8422020063e-19
4.84220249302e-19
4.84220298578e-19
4.84220348465e-19
4.84220398978e-19
4.84220450135e-19
4.84220501953e-19
4.8422055444e-19
4.84220607588e-19
4.84220661361e-19
4.84220715683e-19
4.84220770427e-19
4.84220825397e-19
4.84220880319e-19
4.84220934835e-19
4.84220988499e-19
4.84221040794e-19
4.84221091153e-19
4.84221139001e-19
4.84221183796e-19
4.84221225082e-19
4.84221262516e-19
4.84221295891e-19
4.84221325126e-19
4.84221350242e-19
4.84221371321e-19
4.84221388467e-19
4.84221401758e-19
4.84221411159e-19
4.8422141633e-19
)
;
    }
    inlet
    {
        type            cyclic;
    }
    outlet
    {
        type            cyclic;
    }
    side_left
    {
        type            symmetryPlane;
    }
    side_bottom
    {
        type            symmetryPlane;
    }
}


// ************************************************************************* //
