/*--------------------------------*- C++ -*----------------------------------*\
| =========                 |                                                 |
| \\      /  F ield         | OpenFOAM: The Open Source CFD Toolbox           |
|  \\    /   O peration     | Version:  3.0.1                                 |
|   \\  /    A nd           | Web:      www.OpenFOAM.org                      |
|    \\/     M anipulation  |                                                 |
\*---------------------------------------------------------------------------*/
FoamFile
{
    version     2.0;
    format      ascii;
    class       volScalarField;
    location    "50000";
    object      omega;
}
// * * * * * * * * * * * * * * * * * * * * * * * * * * * * * * * * * * * * * //

dimensions      [0 0 -1 0 0 0 0];

internalField   nonuniform List<scalar> 
2500
(
0.31215233165
0.317213246608
0.326578462607
0.339565295655
0.355620746573
0.374345034696
0.395487998414
0.418931019818
0.444664726934
0.472768198073
0.503391990911
0.536745474457
0.573088174372
0.612724646712
0.656002451378
0.703312939838
0.755094731188
0.811839903671
0.874103075952
0.942513704934
1.01779210142
1.10076988262
1.19241586694
1.29386880514
1.40647887808
1.53186063932
1.67196113656
1.829148452
2.00632807817
2.2070977335
2.43595595607
2.69858694797
3.00225505298
3.35635919123
3.77322429662
4.26924966784
4.8666042628
5.595776754
6.49949495496
7.63892405565
9.10393286854
11.0316709818
13.6461706792
17.3639679718
23.1265604591
33.4715229624
56.010128233
117.57039861
353.025457541
2065.17910251
0.317213727162
0.322247084629
0.331562269542
0.344480893294
0.360452295652
0.379076876284
0.400102951407
0.423409360786
0.448983823567
0.476902676753
0.507314308762
0.540426779364
0.576499349706
0.615837446216
0.658790635958
0.705753335136
0.757168135201
0.813531788075
0.875404042784
0.943419680227
1.01830426734
1.10089436743
1.19216322606
1.2932533356
1.40551781224
1.53057326258
1.67036786786
1.82726991661
2.00418419038
2.20470679193
2.43333373702
2.69574575949
2.99920268167
3.35309762681
3.76974804218
4.26554331203
4.86263875681
5.59150342722
6.49483562179
7.63375463012
9.09805756369
11.0247891002
13.6378661467
17.3538450728
23.1147719149
33.4595436248
56.0004517907
117.564691248
353.023337212
2065.17907434
0.326579780378
0.331563107186
0.340787531454
0.353582633189
0.369402264803
0.387847451555
0.408663993212
0.43172624381
0.457016614788
0.484606267428
0.514639283511
0.547320826364
0.58290903849
0.621710213667
0.664076829507
0.710408170648
0.76115344004
0.816817419873
0.8779689015
0.945252263437
1.01940275314
1.10126624229
1.19182450318
1.29222742971
1.4038341487
1.52826570071
1.66747301219
1.82382537587
2.00022682337
2.20027095353
2.42844950421
2.69043707511
2.99348529405
3.34697661401
3.76321456404
4.25856998334
4.85517259701
5.58345457327
6.48605871477
7.62401804354
9.08699505277
11.0118378562
13.6222484091
17.3348255913
23.0926500561
33.4370939523
55.9823384984
117.554015705
353.019372713
2065.17902169
0.339567665961
0.344482784507
0.353583687654
0.366211277603
0.381826236211
0.400031202557
0.420569219138
0.443308970967
0.468225764252
0.495383475562
0.524919718889
0.557034766029
0.591983995251
0.630073423771
0.671657917863
0.717141815268
0.766981864956
0.821692560961
0.881854114347
0.948123476192
1.02124900766
1.10208960987
1.19163940201
1.29105940605
1.40171820858
1.52524429214
1.66359375875
1.81913865096
1.99478323198
2.19411875482
2.42163196342
2.68298967233
2.98543263211
3.33832873833
3.75396219805
4.24867782747
4.84456921639
5.57201631242
6.47358327945
7.61018095616
9.07128146635
10.9934558459
13.6001057756
17.3078997557
23.0613923493
33.4054399518
55.9568444959
117.53900793
353.013802811
2065.17894774
0.355624251598
0.360455323612
0.369404458602
0.381827377567
0.397194419421
0.415111620486
0.435319942779
0.457682094786
0.482165181641
0.508824117642
0.537787983895
0.569249888079
0.603460135672
0.640722290598
0.681391727477
0.725876409869
0.774639797873
0.828205964891
0.887167179921
0.952194391959
1.0240512474
1.10361249653
1.19188792554
1.29005331903
1.39949046446
1.52183892081
1.65906328995
1.81354119629
1.9881793201
2.18656798112
2.41318946369
2.67370235539
2.97533499705
3.32743793556
3.74227172495
4.2361487954
4.83111733557
5.55749136867
6.45773561839
7.59260647163
9.0513358649
10.9701467254
13.5720680578
17.2738720894
23.0219909817
33.365650458
55.9248739665
117.520216957
353.00683449
2065.17885529
0.374349647
0.379081015041
0.387850761355
0.400033465209
0.415112745322
0.43270077721
0.452538121333
0.47448213655
0.498491410056
0.524610773984
0.552958997759
0.58371972948
0.617135535882
0.653504649211
0.693180036292
0.736570523126
0.784143869385
0.836431862609
0.894037683583
0.957645984572
1.02803632942
1.10610088336
1.19286753227
1.28952998729
1.39748693858
1.5183930279
1.65422541476
1.80737116185
1.98074278475
2.17793243977
2.40341989154
2.66285645047
2.96345785038
3.31455575824
3.7283839381
4.221217243
4.81505043636
5.54011939135
6.43877059927
7.57157678544
9.02748487008
10.942306814
13.538638326
17.2333977664
22.9752713566
33.3186314464
55.8872032681
117.49811768
352.998647414
2065.17874674
0.39549361016
0.400108095103
0.408668316674
0.420572505188
0.435322099439
0.452539158187
0.471966522404
0.493457762834
0.516963446449
0.542517859184
0.570228144009
0.600266434347
0.632864877707
0.668313198722
0.70695843972
0.749206616473
0.795526173605
0.846453291244
0.902599274363
0.964660451038
1.03343122342
1.10982116854
1.19487739435
1.28981374815
1.39604899359
1.51525678392
1.64943126088
1.80097354842
1.97280651043
2.16852824424
2.39261941593
2.65072654933
2.95005410248
3.29991479829
3.71251385883
4.2040846874
4.7965619128
5.52009247649
6.41688766655
7.54730998792
8.9999807963
10.910245377
13.5002163589
17.1870097691
22.9219213654
33.2651527296
55.84450017
117.47312123
352.989397592
2065.1786242
0.418937470954
0.423415351787
0.431731427573
0.443313132451
0.457685141253
0.47448407438
0.493458669972
0.514461160442
0.537435400753
0.56240537757
0.589465884645
0.618775935795
0.650554858174
0.685080766774
0.722691094103
0.763784928011
0.808827038639
0.858353627875
0.912980005054
0.973410584052
1.04045181778
1.11502894937
1.19820778332
1.29122309066
1.39551580127
1.51278186371
1.64503666453
1.79470033822
1.96471138725
2.15867911041
2.38108993579
2.63758970948
2.93537464181
3.28374013878
3.69486275719
4.18493212291
4.77581750894
5.49756767002
6.39224348968
7.5199731004
8.96901552247
10.8742000276
13.4571164588
17.1351397039
22.8625141911
33.205869225
55.7973395623
117.445583639
352.979220469
2065.17848949
0.444671828787
0.448990475957
0.457022477795
0.468230626227
0.482168949675
0.498494087492
0.516965106195
0.537436160137
0.559846479174
0.584210727651
0.610611296061
0.63919306599
0.670160636638
0.703777774385
0.740368808549
0.780321755697
0.824093062049
0.872213987035
0.925298805875
0.984055189173
1.0492973328
1.12196267596
1.20313337797
1.29406415178
1.39621861256
1.51131705131
1.64139957661
1.78891002078
1.95680809802
2.14872036704
2.3691451179
2.623733204
2.91967740976
3.26625934611
3.67562867869
4.16393076284
4.75296604872
5.47267757385
6.36496246754
7.48969265743
8.93473152127
10.8343487965
13.4095813424
17.078134113
22.7975264296
33.1413382065
55.7462164954
117.415813162
352.968233583
2065.17834422
0.472775751281
0.476909794166
0.484612618567
0.495388853501
0.508828429889
0.524614020959
0.542520108636
0.562406740421
0.584211337988
0.607940946359
0.633666206965
0.661517535308
0.691683528528
0.724411429195
0.760009428882
0.798850637357
0.841378630069
0.888114599928
0.939666275215
0.996738928844
1.06014900595
1.13084115277
1.20990976078
1.2986265743
1.39847648618
1.51120442154
1.63887727092
1.78396631498
1.94945769329
2.13900153966
2.35711495642
2.60946085592
2.903235184
3.24771130484
3.6550159176
4.14125177427
4.72814913379
5.44553981906
6.33514592543
7.45656373469
8.89723101085
10.790819914
13.3577932491
17.0162675059
22.7273527011
33.072033457
55.6915570938
117.384076506
352.956538832
2065.17818974
0.503399798051
0.507321696897
0.514645933941
0.524925430772
0.537792665728
0.552962647089
0.570230823209
0.589467697937
0.610612370391
0.6336666775
0.658690891131
0.685801355415
0.715170110678
0.747026393367
0.781659862775
0.819425435506
0.860749677635
0.906138798515
0.956188406763
1.0115953332
1.07317200899
1.14186412656
1.21877262957
1.30518150639
1.40259344119
1.51277616716
1.63782345227
1.78023616139
1.94303098205
2.12988749539
2.34534882905
2.59509795809
2.88634213412
3.22835404974
3.63324369677
4.117075372
4.70151027103
5.41626594727
6.30288060701
7.42065807282
8.8565839223
10.7437000468
13.3018830652
16.9497529509
22.6523175604
32.9983569467
55.6337277115
117.350604133
352.944224427
2065.17802727
0.536753348344
0.540434254162
0.547327597493
0.557040640098
0.569254775127
0.583723624183
0.600269393409
0.618778056345
0.639194467462
0.661518345594
0.685801701094
0.712147958317
0.74071281762
0.771706800315
0.805399395664
0.842124753358
0.882288920031
0.9263786958
0.974972285779
1.02875204745
1.08851979864
1.15521536994
1.22993938335
1.31398164975
1.40885714548
1.51635231698
1.63858555968
1.77808725591
1.93790693563
2.12175825643
2.3342170823
2.58099477122
2.8693191479
3.20847164161
3.61055417901
4.09159948942
4.67320373981
5.38497008993
6.26824691306
7.38203179382
8.81283521216
10.6930415471
13.2419380547
16.8787508404
22.5726852855
32.9206484906
55.5730425973
117.315594739
352.931366548
2065.17785785
0.573095943097
0.57650674227
0.582915766697
0.5919898745
0.603465078094
0.617139533274
0.632867980773
0.650557156491
0.670162241672
0.691684560519
0.71517068927
0.740713055688
0.768452041442
0.798579568184
0.831344148895
0.867057412427
0.906102155585
0.948942041734
0.996133149433
1.04833768488
1.10634031823
1.17106780271
1.24361280998
1.32526330092
1.41753929361
1.52223965948
1.64150266615
1.77788552997
1.93447044303
2.11500771007
2.32411125514
2.56752861574
2.85251789558
3.18838005806
3.58721983082
4.06504812717
4.64340339093
5.35177772391
6.23132723539
7.34073310755
8.76601194878
10.6388691632
13.1780086605
16.8033763024
22.4886679915
32.8391937373
55.5097702858
117.279219032
352.918030752
2065.17768235
0.612732156389
0.615844605434
0.621716752728
0.630079168155
0.640727155084
0.653508622736
0.668316325675
0.685083128702
0.703779474285
0.724412579208
0.747027105856
0.771707181874
0.798579716005
0.827819004531
0.859652659331
0.894368925679
0.932325502105
0.973960031157
1.01980250384
1.07048991885
1.12678367028
1.1895903192
1.25998665794
1.33925033397
1.42889781177
1.53073218563
1.64690441315
1.77999306283
1.93310986729
2.110041562
2.31544314981
2.55510463048
2.83632360521
3.16843202787
3.56355008107
4.0376793833
4.61231146981
5.3168346898
6.19221465445
7.29681033729
8.71613053782
10.5811865941
13.1101147652
16.7237056447
22.4004324309
32.7542307838
55.4441389026
117.241622875
352.904273141
2065.17750155
0.656009567336
0.658797429579
0.664083051486
0.671663404972
0.68139639773
0.693183875851
0.706961486403
0.722693420991
0.740370509667
0.760010607796
0.78166062416
0.805399839532
0.831344366976
0.85965273312
0.890532640798
0.924249030489
0.961133607384
1.0015960549
1.04613722328
1.09536467238
1.15001107099
1.21095612471
1.27925294157
1.35616007895
1.4431809956
1.54211332584
1.65511140393
1.7847669428
1.93421493229
2.10727499105
2.30864307374
2.54415536187
2.82115656788
3.14902073153
3.53989716655
4.00979308913
4.58016746599
5.28031657455
6.15102219826
7.25032053725
8.66320440682
10.5199832293
13.0382517538
16.6397821654
22.3081057935
32.6659556699
55.3763405535
117.202929898
352.890141338
2065.17731609
0.703319546813
0.705759649868
0.710413965824
0.717146940065
0.725880786155
0.736574134474
0.749209493989
0.763787135959
0.780323378681
0.798851769899
0.819426174172
0.842125191223
0.867057635502
0.894369010867
0.924249044687
0.956940430647
0.992748992149
1.0320555361
1.07532973366
1.12314645139
1.17620507455
1.23535252729
1.30161092144
1.37621108428
1.46063366954
1.55666021147
1.66643744028
1.79255958913
1.93817551448
2.10713055763
2.30415769871
2.53513946673
2.80747247821
3.13058232618
3.51666103854
3.98173791616
4.5472569109
5.24243847698
6.10789278926
7.20133892189
8.60725243188
10.4552413851
12.9623966948
16.5516216359
22.2117807893
32.574526997
55.3065349661
117.163243658
352.875675293
2065.17712653
0.755100732875
0.757173876182
0.761158716257
0.766986538967
0.774643796051
0.784147173022
0.795528807108
0.808829057239
0.824094540576
0.841379653588
0.860750334191
0.882289295398
0.906102329753
0.932325547164
0.96113358648
0.992748959209
1.02745276686
1.06559710226
1.1076195166
1.15406002196
1.20558121659
1.2629922815
1.32727781989
1.3996328219
1.48150547515
1.57465016831
1.68119394628
1.8037210193
1.94538193049
2.11003698958
2.30244810203
2.52853995051
2.7957618404
3.11359733414
3.49429322703
3.95391778668
4.51391997552
5.20346509124
6.06300992772
7.14996926597
8.54830834711
10.3869443226
12.8825149334
16.4592177417
22.1115202835
32.4800698985
55.2348525478
117.122649438
352.860907951
2065.17693332
0.811845221887
0.813536877998
0.816822101569
0.821696711186
0.828209515191
0.836434792444
0.846455618508
0.858355398723
0.872215266305
0.88811546291
0.906139324372
0.926378962651
0.948942123233
0.973959994326
1.00159595894
1.03205543196
1.06559703269
1.10254542998
1.14330627891
1.18838376256
1.23840137349
1.2941267331
1.35650147179
1.42667750341
1.5060614603
1.59636966658
1.69969690554
1.81860352184
1.95622730988
2.11642951721
2.30398865982
2.5248625109
2.78654882696
3.09859106283
3.47329963135
3.92679742721
4.48055967149
5.16372096295
6.01660907443
7.09635536138
8.48643132593
10.3150852983
12.7985673711
16.3625477545
22.0073617467
32.3826795971
55.1613970292
117.081215784
352.845865815
2065.17673681
0.874107649559
0.875408420797
0.877972928578
0.881857682065
0.887170225668
0.894040185558
0.902601244324
0.912981480231
0.925299841067
0.939666935741
0.956188762625
0.97497240713
0.996133103289
1.01980235188
1.04613702055
1.07532952794
1.10761934833
1.14330618141
1.18276523092
1.22646514176
1.27498927486
1.32906116894
1.38957526944
1.45763432079
1.5345952555
1.62212602324
1.72227666634
1.83756919417
1.97111264344
2.12675246351
2.30926755244
2.52463470294
2.78039015786
3.08613339752
3.45424233269
3.90090695968
4.44764944289
5.12360070484
5.96898960461
7.04069352939
8.4217178545
10.2396778539
12.7105186802
16.2615786996
21.8993217834
32.282424785
55.0862478692
117.038995866
352.830569441
2065.17653729
0.94251748861
0.943423300726
0.945255590066
0.948126415757
0.952196888329
0.957648015357
0.964662022421
0.973411724694
0.984055943973
0.99673935311
1.01159548761
1.02875199393
1.04833748355
1.07048962579
1.09536433824
1.1231461206
1.15405973247
1.18838354594
1.22646502349
1.26873889491
1.31574874927
1.36817293946
1.42685593727
1.4928466036
1.56744528706
1.65226228367
1.74929105751
1.86100085392
1.99045512455
2.14146483331
2.31878972252
2.52840678358
2.7778747614
3.07683852198
3.43774071058
3.87684554404
4.41573996931
5.08357891619
5.92052711558
6.98324608466
8.35431492784
10.1607674843
12.618346663
16.1562742655
21.7874010071
32.1793510806
55.0094626132
116.996028778
352.815033902
2065.17633497
1.01779506433
1.01830709869
1.01940534653
1.02125128533
1.02405316025
1.02803785524
1.03343236352
1.04045259281
1.0492977781
1.06014916694
1.07317193696
1.08851954718
1.10633994033
1.12678321617
1.15001058669
1.17620460096
1.20558078902
1.23840102159
1.27498902279
1.31574861606
1.36118544444
1.41193310266
1.46878487307
1.53273259864
1.6050146905
1.68717590627
1.78114242059
1.8893169519
2.01470048439
2.16104971395
2.33308321528
2.53675523347
2.77962518187
3.07136536923
3.42447239108
3.8552842775
4.38546510091
5.04421955183
5.87168579643
6.92435553512
8.2844344858
10.0784447346
12.5220529058
16.0466026816
21.6715895312
32.0734848262
54.9310794062
116.952340894
352.799269264
2065.17612999
1.10077200703
1.10089639062
1.10126808149
1.10209120266
1.10361380138
1.10610187897
1.1098218522
1.11502933444
1.12196278873
1.13084102908
1.14186380844
1.15521490258
1.17106723183
1.18958968901
1.21095547639
1.23535189797
1.26299170368
1.29412623438
1.32906077205
1.36817266246
1.41193295926
1.46093255405
1.51591402995
1.57781083506
1.64779585675
1.72734214045
1.81829941059
1.92299132483
2.04434018831
2.18602843358
2.35270995824
2.55029011284
2.78630191623
3.07041988215
3.4151748586
3.83696882886
4.35754703187
5.00618455536
5.82303052806
6.86445919074
8.21236886896
9.99285965024
12.4216747921
15.9325457439
21.5518733428
31.9648375109
54.8511198865
116.907947399
352.783281118
2065.1759224
1.19241714679
1.19216443339
1.19182557783
1.19164029667
1.19188860656
1.19286798005
1.19487760308
1.19820775991
1.20313314038
1.20990933572
1.21877205009
1.22993868628
1.24361203373
1.25998584056
1.27925211922
1.30161012732
1.3272770835
1.35650081853
1.38957472047
1.42685550957
1.46878457968
1.51591388022
1.56893760765
1.62873135565
1.69640088171
1.77334333767
1.86132476179
1.96257894667
2.07993464122
2.21698065948
2.37828224473
2.56966761872
2.79861211467
3.07476047919
3.41064892826
3.82272264892
4.3328011091
4.97024173441
5.77523840278
6.80410376019
8.13850692021
9.90423734557
12.3172988135
15.8141091077
21.4282418122
31.8534111143
54.769592703
116.862854156
352.767071225
2065.17571225
1.2938692446
1.29325372931
1.29222773889
1.29105959801
1.29005336823
1.28952987654
1.28981346945
1.29122264546
1.29406355051
1.29862583518
1.30518065384
1.3139807125
1.3252623101
1.3392493214
1.35615907566
1.37621011939
1.39963192172
1.42667669098
1.45763361556
1.49284602138
1.53273215169
1.57781053223
1.62873120274
1.68631450103
1.75159962112
1.82590588781
1.91091067868
2.0087492931
2.12214397724
2.25457200205
2.4104865242
2.59560952544
2.81732440785
3.08520849949
3.41176571474
3.81345206249
4.31214109017
4.93727214601
5.72910946984
6.74395946669
8.06335019723
9.81289425526
12.2090749453
15.6913338548
21.3006965556
31.7392046758
54.6864979177
116.81706004
352.75063834
2065.17549948
1.40647849012
1.4055174032
1.40383369972
1.40171770094
1.39948988083
1.39748626478
1.39604822036
1.3955149256
1.39621763826
1.39847542374
1.40259230695
1.40885596034
1.41753808158
1.42889659848
1.44317980687
1.46063253026
1.48150440834
1.50606048649
1.53459439231
1.56744454899
1.60501408893
1.64779539998
1.69640057519
1.75159946764
1.81436761668
1.88594706644
1.96792412793
2.0623295593
2.1717686238
2.29959127146
2.45011663445
2.62893167745
2.8432920934
3.10266589434
3.41947928078
3.81015513843
4.29658623535
4.90827771636
5.68557677327
6.68483325245
7.98752861999
9.71925439992
12.0972316245
15.5643091956
21.1692618023
31.6222223838
54.601832575
116.770559946
352.733979265
2065.17528404
1.5318594443
1.53057206896
1.52826450795
1.52524309474
1.52183770958
1.51839179216
1.51525551402
1.51278055317
1.51131569832
1.51120302966
1.51277474527
1.5163508786
1.52223822175
1.53073076807
1.54211194907
1.55665889609
1.57464893393
1.5963685311
1.62212500232
1.65226139041
1.68717515105
1.72734153094
1.77334287891
1.82590558234
1.88594691457
1.95463486933
2.03346513256
2.12436082204
2.22980268956
2.35300037765
2.4981194151
2.67058445376
2.87748761936
3.1281431269
3.43484787287
3.8139370033
4.28727239105
4.88439049485
5.6457162133
6.62768082698
7.91181479923
9.62386475087
11.9820905864
15.4331859507
21.0339963096
31.5024834481
54.5155977176
116.723348633
352.717090227
2065.17506586
1.67195916092
1.67036591385
1.66747109602
1.66359188721
1.6590614618
1.65422362324
1.6494294967
1.6450349187
1.64139784266
1.63887554637
1.63782173926
1.63858386486
1.64150100013
1.64690278949
1.65510983811
1.66643594861
1.68119254488
1.6996956096
1.72227548946
1.74929001126
1.7811415143
1.8182986512
1.86132415385
1.91091022446
1.96792382755
2.03346498416
2.10894228725
2.19617139663
2.29750441535
2.41600106302
2.55565681937
2.72170925336
2.92105237285
3.16280126684
3.45906766998
3.82603530835
4.28547027563
4.86688591794
5.61075752169
6.57361773756
7.83713635264
9.5274085673
11.8640804998
15.2981901951
20.8950067166
31.3800339545
54.4278071185
116.675425614
352.69996865
2065.17484486
1.82914572696
1.82726723126
1.82382276153
1.81913612577
1.81353876667
1.80736882522
1.8009712965
1.79469816039
1.78890790688
1.78396425737
1.78023415621
1.77808530353
1.77788363484
1.77999123282
1.78476518837
1.7925579223
1.8037194527
1.81860206788
1.8375678643
1.86099965814
1.88931589839
1.92299041972
1.96257819399
2.00874869478
2.06232911522
2.12436053022
2.19617125334
2.27947323533
2.37648957485
2.49012434059
2.62419033428
2.78371671856
2.97536739374
3.20801381321
3.49352447082
3.84786104628
4.29261566094
4.85720386845
5.58209883029
6.523930441
7.76458584248
9.4307155018
11.7437480607
15.1596361624
20.7524620285
31.2549607897
54.3384979473
116.626801249
352.682615397
2065.17462101
2.00632463854
2.00418080642
2.00022353995
1.9947800776
1.98817630849
1.98073991763
1.97280378108
1.9647087842
1.9568056083
1.94945530499
1.94302868608
1.93790472668
1.93446831983
1.93310783232
1.93421299113
1.93817367495
1.94538020172
1.95622570147
1.97111116466
1.99045378375
2.01469928856
2.04433914275
2.07993374937
2.12214324063
2.17176804207
2.22980226054
2.29750413517
2.37648943814
2.46885601287
2.57735087904
2.70559593436
2.85839484041
3.04215303102
3.26545611174
3.53987100439
3.88106211796
4.31035830455
4.85698339071
5.56132915587
6.48008976024
7.69542878227
9.33476752091
11.6217651028
15.0179373047
20.6066087422
31.1274075818
54.2477434912
116.577504185
352.665037549
2065.17439433
2.2070936166
2.20470274477
2.20026703301
2.19411499886
2.1865644103
2.17792906018
2.16852505115
2.15867609217
2.14871750868
2.13899882581
2.12988491249
2.12175579412
2.11500536185
2.11003932525
2.10727286666
2.1071285493
2.11003510298
2.11642775911
2.12675084099
2.14146335305
2.16104838171
2.18602725379
2.21697963497
2.25457113396
2.29959055914
2.35299981873
2.41600065349
2.49012407491
2.57735075028
2.68027392454
2.80232123559
2.94805859747
3.12360908881
3.33723373504
3.60014098264
3.92762039969
4.34063975448
4.86812006836
5.55026601501
6.44377150969
7.63111185086
9.24070063374
11.4989306836
14.8736145051
20.4577860569
30.9975924489
54.1556678981
116.52759016
352.647251746
2065.174165
2.43595120077
2.43332906378
2.42844498059
2.42162763583
2.4131853591
2.40341602037
2.39261577576
2.38108651538
2.36914190098
2.35711192492
2.34534596567
2.33421437224
2.32410868711
2.31544071646
2.30864077147
2.30415552721
2.30244606353
2.30398675827
2.30926579268
2.31878810955
2.33308175363
2.35270865145
2.37828109505
2.41048553235
2.45011579952
2.49811873453
2.55565628898
2.62418994837
2.70559568583
2.80232111608
2.91760143986
3.05575784095
3.22261217511
3.42606641214
3.67691622523
3.98999821554
4.38581521051
4.89285999149
5.55102002494
6.41689318398
7.57327674701
9.14980477929
11.3761686454
14.7273013294
20.3064409546
30.8658272932
54.0624626966
116.477152017
352.62928802
2065.17393331
2.69858159379
2.69574049813
2.69043198355
2.6829848046
2.67369774441
2.6628521109
2.65072248128
2.63758590259
2.62372964133
2.60945751739
2.59509482331
2.58099182152
2.56752583557
2.55510200805
2.54415288931
2.53513713981
2.52853776804
2.52486047399
2.52463281417
2.52840504623
2.53675365081
2.55028868756
2.56966635249
2.59560841862
2.62893072888
2.67058366072
2.72170861153
2.78371622211
2.85839448207
2.94805836868
3.05575773196
3.18556745482
3.34299450648
3.53555182549
3.7735710572
4.07135806701
4.44884258566
4.93395213111
5.56610601891
6.40168277806
7.52379143167
9.06352941183
11.2545251085
14.5797488469
20.1531442315
30.7325386539
53.9684046414
116.426330523
352.611193964
2065.17369984
3.0022491393
2.99919687024
2.99347967015
2.98542725662
2.9753299084
2.96345306733
2.95004962785
2.93537046649
2.91967351666
2.90323155165
2.88633873965
2.86931596935
2.85251491356
2.83632080384
2.82115393521
2.80747000619
2.7957595244
2.7865466652
2.78038815058
2.77787291011
2.77962348855
2.78630038271
2.79861074208
2.81732319621
2.84329104138
2.87748672414
2.92105163003
2.97536679741
3.04215257378
3.12360876192
3.2226119686
3.34299440926
3.48993942503
3.67054501066
3.89463000776
4.17589169269
4.53357449035
4.99489380676
5.59863320621
6.40080862944
7.48482266462
8.98351324494
11.1351793813
14.4318389223
19.9986119842
30.5982912516
53.8738743824
116.375325284
352.593038871
2065.17346539
3.35635275661
3.35309130272
3.34697049312
3.33832288766
3.32743239863
3.31455055781
3.29990993998
3.28373561503
3.26625514015
3.24770739434
3.22835040991
3.20846824773
3.18837688732
3.16842906062
3.14901795195
3.13057972242
3.11359489815
3.09858878983
3.08613128528
3.07683657011
3.07136357835
3.07041825315
3.07475901266
3.08520719517
3.10266475082
3.12814214133
3.16280043484
3.20801312885
3.26545556758
3.33723332224
3.42606612053
3.53555164376
3.67054492644
3.83770591748
4.04629253945
4.30931324367
4.64520873534
5.08032508249
5.65262932295
6.41762257781
7.45899741962
8.91167925134
11.019501313
14.2846290476
19.8437450011
30.4638184361
53.7793759539
116.324404741
352.574917301
2065.17323115
3.77321737813
3.7697412416
3.76320798061
3.75395590437
3.7422657693
3.72837834708
3.71250864093
3.69485790665
3.67562417945
3.65501174694
3.63323982849
3.6105505861
3.58721648748
3.5635469642
3.53989425663
3.51665832
3.49429068832
3.47329726455
3.45424013293
3.43773867536
3.42447051946
3.41517315043
3.41064738351
3.41176433287
3.41947806033
3.43484681105
3.45906676256
3.493523712
3.53987038679
3.6001404974
3.67691586209
3.77357080467
3.89462985324
4.04629246939
4.23720500909
4.47959997137
4.79098432767
5.1966628044
5.73359272377
6.45661198
7.44974719722
8.85048260097
10.9092294743
14.1394822164
19.6897160584
30.3300712202
53.6855590319
116.273914282
352.556951321
2065.17299864
4.26924230059
4.26553606935
4.25856297044
4.24867112206
4.23614245021
4.22121128838
4.20407913477
4.18492696854
4.16392599168
4.14124736363
4.11707129473
4.09159571666
4.06504463055
4.03767613655
4.00979006922
3.98173510389
3.95391516692
3.92679498872
3.9009046947
3.87684344766
3.85528234694
3.83696706269
3.82272104629
3.8134506225
3.81015385952
3.81393588284
3.82603434234
3.84786022915
3.88106144257
3.9276198573
3.98999779595
4.07135775867
4.17589148287
4.30931311861
4.47959991649
4.69810788908
4.98125980714
5.35312286073
5.84943461727
6.52423631205
7.46202012777
8.80349410093
10.8069307189
13.9983997698
19.5381733871
30.1983149742
53.5932514177
116.224282391
352.539290654
2065.17276977
4.86659647961
4.86263110436
4.85516518602
4.84456212934
4.83111062945
4.81504414518
4.79655605097
4.77581207493
4.7529610288
4.72814450565
4.70150600699
4.67319980957
4.64339976392
4.61230811692
4.58016436087
4.54725403078
4.51391730162
4.48055718908
4.447647141
4.41573784026
4.38546313968
4.35754523535
4.33279947532
4.31213961758
4.29658492217
4.28727123472
4.28546927241
4.29261480565
4.31035759039
4.34063917305
4.38581475183
4.4488422383
4.5335742416
4.6452085714
4.79098423387
4.98125976813
5.23119219735
5.56337718631
6.01209429003
6.63047261888
7.50372141976
8.77669117057
10.7170778979
13.8648104992
19.3917123683
30.0703433427
53.5035234057
116.1760279
352.522110299
2065.17254674
5.59576858574
5.59149539559
5.58344679421
5.57200887299
5.55748432999
5.5401127911
5.52008633213
5.49756198238
5.47267233079
5.44553499897
5.41626152228
5.3849660287
5.35177399401
5.31683125957
5.28031341453
5.24243556091
5.20346239666
5.16371847142
5.12359840187
5.08357679091
5.04421759648
5.00618276463
4.97024010469
4.93727067468
4.90827640106
4.88438933287
4.86688490571
4.85720300114
4.85698266199
4.86811947031
4.89285951457
4.93395176424
4.9948935375
5.0803248972
5.19666268854
5.35312279906
5.56337716324
5.84826629861
6.24032893078
6.7916690885
7.58857503189
8.78119480666
10.648433339
13.7453516333
19.2549538184
29.9489753194
53.4178418172
116.129780105
352.505606349
2065.17233196
6.49948643277
6.49482724205
6.48605059855
6.47357551829
6.45772827755
6.43876372013
6.41688126975
6.39223757858
6.3649570318
6.33514094443
6.30287605301
6.26824275399
6.23132343727
6.19221118334
6.15101902177
6.10788987774
6.06300725497
6.01660661813
5.96898734643
5.920525041
5.87168389438
5.82302879038
5.77523682358
5.72910804478
5.68557549885
5.6457150862
5.61075653817
5.5820979857
5.56132844433
5.55026542915
5.55101955583
5.5661056561
5.59863293781
5.65262913584
5.73359260383
5.84943454968
6.01209425967
6.24032892268
6.56459739561
7.0358189276
7.74171019749
8.83886798707
10.6190993916
13.6537616666
19.1369898876
29.8392391148
53.3384660853
116.086346731
352.48999368
2065.17212789
7.63891521838
7.63374594118
7.62400962918
7.6101729125
7.59259886814
7.57156966729
7.54730337909
7.51996700695
7.48968707103
7.45655863593
7.42065343434
7.38202758309
7.34072928926
7.29680687541
7.25031739663
7.20133606951
7.14996667186
7.09635299914
7.04069137653
6.98324412252
6.92435374874
6.8644575684
6.80410229293
6.74395814765
6.68483207623
6.62767978894
6.57361683321
6.52392966548
6.48008910784
6.44377097356
6.41689275591
6.40168244844
6.4008083873
6.41762241094
6.45661187521
6.52423625546
6.63047259629
6.7916690859
7.03581893191
7.41234131703
8.01036219176
8.99337206489
10.6668374931
13.6192056481
19.0569388381
29.7512573047
53.2694998334
116.046930274
352.475516657
2065.17193684
9.10392378275
9.09804863217
9.086986407
9.07127320708
9.05132806593
9.02747758054
8.99997404362
8.9690093156
8.93472585405
8.89722586525
8.85657927149
8.81283102328
8.76600818534
8.71612716179
8.66320138031
8.6072497185
8.54830591298
8.48642914037
8.42171589047
8.35431316212
8.28443289889
8.21236744488
8.1385056461
8.06334906285
7.98752761712
7.91181392109
7.83713559327
7.76458519617
7.69542824307
7.63111141221
7.57327640143
7.52379117061
7.4848224784
7.45899729752
7.44974712762
7.46202009843
7.50372141817
7.58857504578
7.74171021544
8.01036220412
8.48395849664
9.33123415417
10.8694660053
13.7038143168
19.0566680706
29.7074817862
53.2197787411
116.013794818
352.462505726
2065.17176076
11.0316617869
11.024780065
11.011829117
10.9934475078
10.9701388665
10.9422994874
10.9102386136
10.8741938393
10.8343431792
10.7908148513
10.7436955125
10.6930375079
10.6388655814
10.5811834297
10.5199804415
10.4552389341
10.3869421703
10.3150834096
10.2396761969
10.1607660306
10.0784434597
9.99285853333
9.90423636918
9.81289340501
9.71925366401
9.62386411962
9.52740803258
9.43071505651
9.33476715849
9.24070034771
9.14980456294
9.06352925796
8.98351314569
8.91167919816
8.85048258473
8.80349411205
8.77669119931
8.78119484352
8.83886802327
8.99337209308
9.33123416925
10.0208023583
11.3841565029
14.0393094161
19.230297158
29.7614469461
53.2111836676
115.992374288
352.451587318
2065.17160111
13.6461616643
13.6378572945
13.6222398591
13.600097636
13.5720604098
13.538631226
13.5002098409
13.4571105373
13.4095760157
13.3577885018
13.3018788717
13.2419343813
13.1780054683
13.1101120119
13.0382493957
12.9623946885
12.8825132366
12.7985659439
12.7105174857
12.6183456679
12.5220520803
12.4216741103
12.3172982531
12.2090744877
12.0972312542
11.9820902906
11.8640802681
11.7437478847
11.6217649754
11.4989305987
11.3761685975
11.2545250923
11.1351793916
11.0195013445
10.9092295213
10.8069307758
10.7170779589
10.6484333984
10.6190994444
10.6668375351
10.8694660335
11.3841565164
12.522833528
14.9035321702
19.7934840134
30.0480032383
53.3040012312
115.998437557
352.4444543
2065.17145876
17.3639596455
17.3538369065
17.3348177224
17.3078922915
17.2738651117
17.2333913326
17.187003915
17.1351344456
17.0781294502
17.0162634244
16.9497494252
16.8787478365
16.8033737801
16.72370356
16.6397804721
16.5516202874
16.4592166922
16.3625469602
16.2615781195
16.156273862
16.0466024209
15.9325455962
15.8141090472
15.6913338597
15.5643092479
15.4331860359
15.2981903017
15.1596362817
15.0179374304
14.8736146325
14.7273014552
14.5797489691
14.4318390392
14.284629158
14.1394823192
13.998399864
13.8648105836
13.7453517068
13.6537617282
13.6192056968
13.7038143522
14.0393094382
14.9035321801
16.8837254196
21.2483415672
30.9216829175
53.6791489283
116.085101651
352.447020193
2065.17133408
23.1265534923
23.1147650944
23.0926435076
23.0613861718
23.0219852515
22.975266128
22.9219166724
22.8625100498
22.7975228398
22.7273496491
22.6523150214
22.5726832261
22.4886663717
22.4004312066
22.3081049183
22.2117802159
22.1115199656
22.0073616397
21.8993218454
21.7874011999
21.6715898203
21.5518736979
21.4282422074
21.3006969694
21.169262217
21.0339967119
20.8950070964
20.7524623792
20.6066090598
20.4577863396
20.3064412027
20.1531444462
19.9986121681
19.843745157
19.6897161894
19.5381734964
19.3917124586
19.2549538922
19.136989947
19.0569388846
19.0566681055
19.2302971824
19.7934840283
21.2483415738
24.7863364595
33.3466061631
54.919672127
116.457374083
352.484886704
2065.17122696
33.4715179119
33.4595386927
33.4370892397
33.4054355395
33.3656464083
33.3186278042
33.2651495232
33.2058664671
33.1413358964
33.0720315821
32.9983554846
32.9206474111
32.8391930048
32.7542303587
32.6659555109
32.5745270621
32.4800701466
32.3826799888
32.2824252838
32.1793516531
32.0734854429
31.9648381462
31.8534117469
31.7392052883
31.6222229627
31.5024839836
31.3800344402
31.2549612222
31.1274079603
30.9975927747
30.8658275691
30.7325388841
30.5982914409
30.4638185898
30.3300713435
30.1983150722
30.0703434201
29.9489753802
29.8392391623
29.7512573415
29.7074818144
29.7614469671
30.0480032531
30.9216829266
33.3466061672
40.0302434216
59.0165741168
118.01459222
352.699634892
2065.17113706
56.010125213
56.0004488502
55.9823357048
55.9568419033
55.9248716173
55.8872011926
55.8444983872
55.7973380805
55.746215313
55.6915562011
55.6337270916
55.573042228
55.5097701406
55.4441389527
55.3763407687
55.306535316
55.2348530029
55.1613975614
55.0862484528
55.009463225
54.9310800259
54.851120497
54.76959329
54.6864984704
54.6018330853
54.5155981802
54.4278075306
54.338498308
54.2477438016
54.1556681608
54.0624629153
53.9684048204
53.8738745266
53.7793760683
53.6855591214
53.5932514869
53.5035234589
53.4178418579
53.3384661164
53.2694998573
53.2197787596
53.2111836818
53.304001242
53.6791489361
54.919672132
59.016574119
73.1219613742
125.14870604
354.125975483
2065.17106393
117.570397218
117.564689897
117.554014429
117.539006756
117.520215909
117.498116771
117.473120472
117.445583035
117.415812711
117.384076203
117.350603967
117.315594698
117.279219102
117.24162304
117.202930142
117.163243964
117.12264979
117.081216167
117.038996267
116.996029184
116.952341294
116.907947786
116.862854522
116.817060379
116.770560255
116.723348911
116.675425859
116.626801461
116.577504366
116.527590312
116.477152142
116.426330624
116.375325365
116.324404805
116.273914331
116.224282428
116.176027928
116.129780126
116.086346747
116.046930286
116.013794827
115.992374295
115.998437562
116.085101655
116.457374086
118.014592222
125.148706041
161.172878355
366.366373809
2065.17100725
353.025457116
353.023336801
353.019372327
353.013802458
353.006834179
352.998647151
352.989397378
352.979220307
352.968233472
352.95653877
352.944224409
352.931366571
352.918030811
352.90427323
352.890141451
352.875675425
352.860908095
352.845865967
352.830569596
352.815034057
352.799269414
352.78328126
352.767071358
352.750638461
352.733979374
352.717090324
352.699968734
352.682615468
352.665037609
352.647251796
352.62928806
352.611193996
352.593038897
352.574917322
352.556951337
352.539290667
352.52211031
352.505606359
352.489993689
352.475516665
352.462505734
352.451587325
352.444454307
352.4470202
352.48488671
352.699634897
354.125975487
366.366373812
492.511577243
2065.17096716
2065.1791025
2065.17907433
2065.17902168
2065.17894774
2065.17885529
2065.17874674
2065.1786242
2065.17848949
2065.17834422
2065.17818974
2065.17802728
2065.17785785
2065.17768235
2065.17750155
2065.1773161
2065.17712654
2065.17693332
2065.17673681
2065.1765373
2065.17633498
2065.17612999
2065.17592241
2065.17571225
2065.17549948
2065.17528405
2065.17506586
2065.17484486
2065.17462101
2065.17439434
2065.174165
2065.17393332
2065.17369984
2065.17346539
2065.17323115
2065.17299864
2065.17276977
2065.17254674
2065.17233196
2065.17212789
2065.17193684
2065.17176076
2065.17160111
2065.17145876
2065.17133408
2065.17122696
2065.17113706
2065.17106393
2065.17100725
2065.17096716
2065.1709451
)
;

boundaryField
{
    side_walls
    {
        Cmu             0.09;
        kappa           0.41;
        E               9.8;
        beta1           0.075;
        type            omegaWallFunction;
        value           nonuniform List<scalar> 
100
(
2065.17910251
2065.17907434
2065.17902169
2065.17894774
2065.17885529
2065.17874674
2065.1786242
2065.17848949
2065.17834422
2065.17818974
2065.17802727
2065.17785785
2065.17768235
2065.17750155
2065.17731609
2065.17712653
2065.17693332
2065.17673681
2065.17653729
2065.17633497
2065.17612999
2065.1759224
2065.17571225
2065.17549948
2065.17528404
2065.17506586
2065.17484486
2065.17462101
2065.17439433
2065.174165
2065.17393331
2065.17369984
2065.17346539
2065.17323115
2065.17299864
2065.17276977
2065.17254674
2065.17233196
2065.17212789
2065.17193684
2065.17176076
2065.17160111
2065.17145876
2065.17133408
2065.17122696
2065.17113706
2065.17106393
2065.17100725
2065.17096716
2065.1709451
2065.1791025
2065.17907433
2065.17902168
2065.17894774
2065.17885529
2065.17874674
2065.1786242
2065.17848949
2065.17834422
2065.17818974
2065.17802728
2065.17785785
2065.17768235
2065.17750155
2065.1773161
2065.17712654
2065.17693332
2065.17673681
2065.1765373
2065.17633498
2065.17612999
2065.17592241
2065.17571225
2065.17549948
2065.17528405
2065.17506586
2065.17484486
2065.17462101
2065.17439434
2065.174165
2065.17393332
2065.17369984
2065.17346539
2065.17323115
2065.17299864
2065.17276977
2065.17254674
2065.17233196
2065.17212789
2065.17193684
2065.17176076
2065.17160111
2065.17145876
2065.17133408
2065.17122696
2065.17113706
2065.17106393
2065.17100725
2065.17096716
2065.1709451
)
;
    }
    inlet
    {
        type            cyclic;
    }
    outlet
    {
        type            cyclic;
    }
    side_left
    {
        type            symmetryPlane;
    }
    side_bottom
    {
        type            symmetryPlane;
    }
}


// ************************************************************************* //
