/*--------------------------------*- C++ -*----------------------------------*\
| =========                 |                                                 |
| \\      /  F ield         | OpenFOAM: The Open Source CFD Toolbox           |
|  \\    /   O peration     | Version:  3.0.1                                 |
|   \\  /    A nd           | Web:      www.OpenFOAM.org                      |
|    \\/     M anipulation  |                                                 |
\*---------------------------------------------------------------------------*/
FoamFile
{
    version     2.0;
    format      ascii;
    class       volScalarField;
    location    "50000";
    object      p;
}
// * * * * * * * * * * * * * * * * * * * * * * * * * * * * * * * * * * * * * //

dimensions      [0 2 -2 0 0 0 0];

internalField   nonuniform List<scalar> 
2500
(
-4.38105385406e-15
-1.7729336749e-15
-5.99695148073e-16
-1.05377530926e-15
-2.30346867539e-15
-4.02307473741e-15
-5.804103047e-15
-7.2362444776e-15
-9.34010789607e-15
-1.14842274127e-14
-1.35263360029e-14
-1.51254433122e-14
-1.67240810146e-14
-1.78770803738e-14
-1.90715364799e-14
-1.94177825722e-14
-1.93167599141e-14
-1.8738537931e-14
-1.77586781415e-14
-1.65666239177e-14
-1.51095113372e-14
-1.33715306408e-14
-1.14321963091e-14
-9.2768106591e-15
-6.85207374948e-15
-4.00457032085e-15
-9.07289959574e-16
2.49029444544e-15
6.13297457372e-15
9.96968534176e-15
1.39041777592e-14
1.78961206742e-14
2.19115204651e-14
2.59124792464e-14
2.99037754603e-14
3.38460303848e-14
3.76973127317e-14
4.14252917115e-14
4.49946541049e-14
4.83486529164e-14
5.14484177212e-14
5.42283620055e-14
5.6614131226e-14
5.85320606863e-14
5.99295285712e-14
6.08502222066e-14
6.14515138052e-14
6.19127800254e-14
6.23642182583e-14
6.27840707761e-14
-2.6126024453e-15
-1.54692391844e-15
-9.24385086591e-16
-1.37967264619e-15
-2.33662891751e-15
-3.94349572392e-15
-5.27610242196e-15
-6.90926784334e-15
-9.0578544082e-15
-1.14643341292e-14
-1.30331230606e-14
-1.48802268031e-14
-1.6129246807e-14
-1.73785574866e-14
-1.84631822235e-14
-1.8893240887e-14
-1.88951658292e-14
-1.83730260776e-14
-1.76519657869e-14
-1.66436909282e-14
-1.5227240404e-14
-1.35516623244e-14
-1.1633965973e-14
-9.45111224926e-15
-6.88670673053e-15
-4.13530099646e-15
-1.00878210529e-15
2.30251275498e-15
5.8672204978e-15
9.47589767249e-15
1.32363492894e-14
1.71204231856e-14
2.10485080376e-14
2.49959451255e-14
2.89268885117e-14
3.27992374449e-14
3.65784630248e-14
4.02509779741e-14
4.37222070499e-14
4.70129068518e-14
5.00330545656e-14
5.27427804843e-14
5.50586720771e-14
5.69294616778e-14
5.82886917135e-14
5.91854841719e-14
5.97710213795e-14
6.0220722002e-14
6.06603399278e-14
6.1068934032e-14
-1.48224523365e-15
-1.00061397298e-15
-7.34288577951e-16
-1.11569432722e-15
-1.99248949921e-15
-3.31838837089e-15
-4.88499856046e-15
-6.36133545647e-15
-8.12943451387e-15
-9.99068415212e-15
-1.1721734899e-14
-1.34019610899e-14
-1.48101702953e-14
-1.60490340323e-14
-1.69613864867e-14
-1.75761175335e-14
-1.78920730676e-14
-1.78984566824e-14
-1.74777335416e-14
-1.65048357698e-14
-1.52720384773e-14
-1.35083318307e-14
-1.14916014193e-14
-9.24903944324e-15
-6.73835404042e-15
-3.94955770483e-15
-1.10852488664e-15
2.13161740242e-15
5.48758396455e-15
8.92723995891e-15
1.2539416157e-14
1.61694856376e-14
1.99121091281e-14
2.36752328163e-14
2.74034388275e-14
3.11225934859e-14
3.47211599232e-14
3.82068890716e-14
4.1530424603e-14
4.46603416073e-14
4.75469432119e-14
5.0119505881e-14
5.23354955333e-14
5.4098733685e-14
5.53883494336e-14
5.62346900751e-14
5.67870288801e-14
5.72121734084e-14
5.76295570908e-14
5.80186294109e-14
-5.04412814452e-16
-1.62726302074e-16
8.47392263486e-17
-3.00490175185e-16
-1.12882980841e-15
-2.32605135233e-15
-3.73149546288e-15
-5.26151011447e-15
-6.92007628883e-15
-8.64542967855e-15
-1.0376762018e-14
-1.20946883886e-14
-1.34445481283e-14
-1.46581757314e-14
-1.56322831091e-14
-1.64761683094e-14
-1.68954587473e-14
-1.69576086568e-14
-1.6549992909e-14
-1.55879349925e-14
-1.4417568969e-14
-1.28977698538e-14
-1.10794085925e-14
-8.98179611717e-15
-6.65013211322e-15
-4.10577525974e-15
-1.27193597967e-15
1.72129776695e-15
4.83601549196e-15
8.08954589748e-15
1.14100724814e-14
1.48377685403e-14
1.82758098893e-14
2.17697601246e-14
2.52557534137e-14
2.87041656079e-14
3.2068705594e-14
3.53081579838e-14
3.84006249891e-14
4.1324475842e-14
4.40032147521e-14
4.64058714041e-14
4.84587677688e-14
5.01030705332e-14
5.12964770466e-14
5.20824652041e-14
5.259493382e-14
5.29911409402e-14
5.33798433891e-14
5.37422028267e-14
1.72248761883e-16
7.26227809924e-16
1.43495874022e-15
9.39836461136e-16
9.13622768217e-17
-1.0601080646e-15
-2.41487007203e-15
-3.91356408924e-15
-5.52161284819e-15
-7.18886616647e-15
-8.83036268762e-15
-1.04367742332e-14
-1.19016031282e-14
-1.31657279242e-14
-1.39231733584e-14
-1.45144294824e-14
-1.48258073366e-14
-1.48611176428e-14
-1.4566269092e-14
-1.40124298049e-14
-1.29673549063e-14
-1.17680279009e-14
-1.01916029661e-14
-8.23297747427e-15
-6.2196008572e-15
-3.91748280252e-15
-1.38147252353e-15
1.35938752092e-15
4.1550076817e-15
7.0943330327e-15
1.01079218088e-14
1.3200592905e-14
1.63296854016e-14
1.94910507223e-14
2.26627375519e-14
2.578405243e-14
2.88307937477e-14
3.17754848794e-14
3.45957726097e-14
3.72544627038e-14
3.96956628093e-14
4.18811948055e-14
4.37481222467e-14
4.52528195036e-14
4.63403077123e-14
4.70540659474e-14
4.7521054588e-14
4.78814493319e-14
4.82348470475e-14
4.85646533898e-14
1.68945746473e-15
3.00155392987e-15
3.69890055699e-15
2.60431652987e-15
1.59864598226e-15
4.31171792161e-16
-9.05333503218e-16
-2.3827809646e-15
-3.97946226791e-15
-5.6976121286e-15
-7.25646133345e-15
-8.95264461506e-15
-1.06736709341e-14
-1.14307684721e-14
-1.20175178696e-14
-1.27257257731e-14
-1.29661839812e-14
-1.32199982894e-14
-1.29035269217e-14
-1.25039366484e-14
-1.15622881709e-14
-1.05495820247e-14
-9.07306227569e-15
-7.48686884284e-15
-5.72320633554e-15
-3.63555809259e-15
-1.50606009255e-15
8.64702540732e-16
3.32119701969e-15
5.93806117024e-15
8.55878295e-15
1.13998677145e-14
1.4216904526e-14
1.70468300191e-14
1.98429937807e-14
2.25996980215e-14
2.52876632746e-14
2.78710730549e-14
3.03595692312e-14
3.26908130049e-14
3.48441492538e-14
3.67753981573e-14
3.8425740289e-14
3.97526736447e-14
4.07023309165e-14
4.13276451817e-14
4.17339923945e-14
4.20494883959e-14
4.23602230903e-14
4.26516272747e-14
3.67477051358e-15
4.59147253055e-15
5.29658362513e-15
4.16480709628e-15
3.22533671424e-15
2.07740674309e-15
7.60152422555e-16
-6.89823305615e-16
-2.23807676541e-15
-3.83591792119e-15
-5.3964382674e-15
-6.91203651146e-15
-8.27110811503e-15
-9.30710918692e-15
-1.01366677789e-14
-1.05017665052e-14
-1.09886395942e-14
-1.11360844101e-14
-1.11130456074e-14
-1.06905652638e-14
-1.00557074808e-14
-9.1929260608e-15
-8.15535208626e-15
-6.65213323652e-15
-5.1558043777e-15
-3.44270878225e-15
-1.5767499985e-15
4.98687053433e-16
2.55546118937e-15
4.77457241378e-15
7.12910399002e-15
9.46617351297e-15
1.18639005697e-14
1.42879221126e-14
1.66840956187e-14
1.90424100703e-14
2.13272555245e-14
2.35780855442e-14
2.5712423912e-14
2.77153694606e-14
2.95628190032e-14
3.12145211721e-14
3.26293404815e-14
3.37554119357e-14
3.45728844227e-14
3.51057976919e-14
3.54552686461e-14
3.57253615007e-14
3.59918145572e-14
3.62408917784e-14
6.47083966413e-15
6.27305129838e-15
6.57232143607e-15
5.91031383735e-15
4.98303936384e-15
3.84820437726e-15
2.54267810782e-15
1.11005032562e-15
-4.22959728209e-16
-1.99857779155e-15
-3.56383488955e-15
-5.07983329887e-15
-6.34402056533e-15
-7.36222701286e-15
-8.16646016104e-15
-8.78329929377e-15
-9.19786545064e-15
-9.42741734592e-15
-9.41672977797e-15
-9.10010746564e-15
-8.7134626393e-15
-7.97431214133e-15
-7.17815480735e-15
-5.81534789354e-15
-4.62597031233e-15
-3.06314866523e-15
-1.48183544444e-15
2.17455575499e-16
2.0408870645e-15
3.7722941776e-15
5.68205380791e-15
7.60434341994e-15
9.53685912426e-15
1.14903304236e-14
1.34408037179e-14
1.53550538472e-14
1.72393803513e-14
1.90872307863e-14
2.08338441154e-14
2.25013362141e-14
2.40260848179e-14
2.53981180745e-14
2.65496471663e-14
2.74768146465e-14
2.81451489759e-14
2.8582768668e-14
2.88648833709e-14
2.90853797747e-14
2.93016297507e-14
2.95041743279e-14
8.71880646727e-15
8.54588665159e-15
8.37766696454e-15
7.77756931098e-15
6.84257281891e-15
5.71715313353e-15
4.41022216261e-15
2.99320956208e-15
1.43678637549e-15
-1.55453357194e-16
-1.76451171986e-15
-3.45164111274e-15
-4.71891058066e-15
-5.56063024772e-15
-6.34192824203e-15
-6.94979454199e-15
-7.40443129172e-15
-7.65515586573e-15
-7.70282501045e-15
-7.535491315e-15
-7.15381898532e-15
-6.53397499371e-15
-5.88365678846e-15
-4.86250945426e-15
-3.88248684075e-15
-2.7110598982e-15
-1.43089001459e-15
-5.85935861933e-17
1.27228085364e-15
2.7269082828e-15
4.16416541646e-15
5.70156469935e-15
7.20814314442e-15
8.7437165438e-15
1.02338263662e-14
1.17436700259e-14
1.32046367384e-14
1.46403790082e-14
1.59733814746e-14
1.72479804922e-14
1.84254263721e-14
1.94795661095e-14
2.03842265524e-14
2.10896933616e-14
2.16017966406e-14
2.19301722833e-14
2.21435153303e-14
2.23089198642e-14
2.24722670045e-14
2.26249047412e-14
1.0938424576e-14
1.0783226334e-14
1.04171885963e-14
9.77586284425e-15
8.76729184238e-15
7.66708702711e-15
6.32571523695e-15
4.9713430562e-15
3.31781525576e-15
1.70590041287e-15
1.45375894534e-16
-1.34020240793e-15
-2.65199744977e-15
-3.86083122301e-15
-4.82525260206e-15
-5.32933674747e-15
-5.97339278379e-15
-6.16523119537e-15
-6.3507608714e-15
-6.20541839336e-15
-5.79481985533e-15
-5.40517945774e-15
-4.74672928276e-15
-4.01641193529e-15
-3.33566627766e-15
-2.33844436489e-15
-1.4125112716e-15
-3.89821475512e-16
6.26099146723e-16
1.73215995852e-15
2.75950154431e-15
3.87536349612e-15
4.92993409182e-15
6.01878796149e-15
7.08847388367e-15
8.13776653027e-15
9.15494841703e-15
1.01566840063e-14
1.10961434409e-14
1.20060856428e-14
1.28315371174e-14
1.35743431166e-14
1.42020270486e-14
1.46987473535e-14
1.50514706016e-14
1.52774665642e-14
1.54195470541e-14
1.55279960525e-14
1.56349006403e-14
1.57347322193e-14
1.31101740119e-14
1.30595888042e-14
1.2501247872e-14
1.16703875041e-14
1.06765052267e-14
9.672912003e-15
8.19712409654e-15
6.75803166414e-15
5.13864178452e-15
3.50369317607e-15
1.96764077791e-15
5.61204616679e-16
-7.17935517497e-16
-1.91969374631e-15
-2.88921069084e-15
-3.48427121888e-15
-4.17074812478e-15
-4.52786558807e-15
-4.77635342801e-15
-4.69070194632e-15
-4.49596607031e-15
-4.16100587915e-15
-3.83182121626e-15
-3.18312462203e-15
-2.58964101722e-15
-1.98333584376e-15
-1.28889372368e-15
-6.3272087467e-16
6.50122704833e-17
7.54736996185e-16
1.44060565483e-15
2.11808618517e-15
2.77749886474e-15
3.42939877272e-15
4.08020063504e-15
4.66952037863e-15
5.31527383026e-15
5.87394948679e-15
6.4265339911e-15
6.93650451854e-15
7.40498715586e-15
7.81914323832e-15
8.17250176223e-15
8.45282402232e-15
8.64464116141e-15
8.7652137487e-15
8.83499611473e-15
8.88637769583e-15
8.93541041325e-15
8.98116457152e-15
1.51556957538e-14
1.56240416709e-14
1.46129868542e-14
1.35134556411e-14
1.25120512604e-14
1.1892808854e-14
9.98828135712e-15
8.62112776933e-15
6.94057551557e-15
5.19211203793e-15
3.64596440141e-15
2.30887009154e-15
1.11133740309e-15
-2.9222253674e-16
-1.36978692832e-15
-2.12965376316e-15
-2.72751855208e-15
-3.10163682044e-15
-3.37808147088e-15
-3.46563825305e-15
-3.33540901966e-15
-3.02051750716e-15
-2.70366713733e-15
-2.35316316927e-15
-2.02528648675e-15
-1.594060591e-15
-1.22800047124e-15
-7.71625978801e-16
-3.88399454406e-16
-8.11956355322e-17
2.67864197879e-16
5.53931515944e-16
8.20367739328e-16
1.06699514248e-15
1.26609992835e-15
1.45524732292e-15
1.62970286937e-15
1.79179713352e-15
1.94135556301e-15
2.07216698579e-15
2.19967900444e-15
2.29523883143e-15
2.38416669261e-15
2.44613266955e-15
2.4813838073e-15
2.49235361705e-15
2.4899130846e-15
2.48266249158e-15
2.47285024319e-15
2.46319250953e-15
1.69227917421e-14
1.72430904323e-14
1.62735373482e-14
1.51453939069e-14
1.40721417023e-14
1.32022607046e-14
1.13997898386e-14
9.88367035495e-15
8.23109333565e-15
6.68974702494e-15
5.1165227638e-15
3.8959295081e-15
2.32025163448e-15
9.53008531478e-16
-2.76998764334e-16
-8.63972334104e-16
-1.5319111976e-15
-1.84102517683e-15
-2.04624745233e-15
-2.13523317118e-15
-2.05073026267e-15
-1.88301159949e-15
-1.67828075266e-15
-1.45779157951e-15
-1.23156919864e-15
-1.09400245859e-15
-8.96233100581e-16
-7.25637543277e-16
-5.84999138624e-16
-6.22523382494e-16
-6.33554523901e-16
-7.81729839922e-16
-9.39478995471e-16
-1.11335917075e-15
-1.32706111126e-15
-1.54793611245e-15
-1.76753057413e-15
-2.01397772106e-15
-2.24878621865e-15
-2.46937245047e-15
-2.69090262793e-15
-2.88542515222e-15
-3.07148138532e-15
-3.22230569269e-15
-3.34103793116e-15
-3.43378563371e-15
-3.50604710102e-15
-3.57149881034e-15
-3.64098276873e-15
-3.70690088296e-15
1.82753009388e-14
1.82453892152e-14
1.75705486008e-14
1.65281196789e-14
1.54655505252e-14
1.41701834907e-14
1.26123642638e-14
1.10866419802e-14
9.42371575889e-15
8.1842734023e-15
6.27999754921e-15
4.75448861388e-15
3.33998064532e-15
2.03909493735e-15
9.51497743072e-16
1.62679829913e-16
-4.12688821467e-16
-7.78353175202e-16
-9.95939964691e-16
-1.05993721584e-15
-1.01620402603e-15
-9.11888754303e-16
-7.77253713183e-16
-6.6372282064e-16
-5.46464909632e-16
-4.92836482049e-16
-5.3215027619e-16
-6.10423864743e-16
-8.14383877501e-16
-1.08597127078e-15
-1.46385683962e-15
-1.921155888e-15
-2.45750803637e-15
-3.0261596865e-15
-3.60623849964e-15
-4.22741901322e-15
-4.85228123307e-15
-5.47553103715e-15
-6.08492285585e-15
-6.67022258393e-15
-7.21782146658e-15
-7.71676913092e-15
-8.14203880299e-15
-8.49244138622e-15
-8.75448593196e-15
-8.94150918595e-15
-9.08309213707e-15
-9.20540912361e-15
-9.33346575474e-15
-9.45607077945e-15
1.95524159962e-14
1.93181291638e-14
1.86459915607e-14
1.75344888981e-14
1.64911220613e-14
1.49589320341e-14
1.33471654926e-14
1.1813556704e-14
1.03300013673e-14
8.91885593903e-15
7.16309634178e-15
5.53521628385e-15
4.31499625182e-15
2.92341473611e-15
1.8382661766e-15
1.17578191899e-15
4.14381667549e-16
4.67520568434e-17
-1.61156854951e-16
-2.20344625427e-16
-1.54708942448e-16
-6.65462335077e-17
1.09696807401e-16
2.01807807565e-16
2.40640610541e-16
1.44480807522e-16
-3.89283323321e-17
-3.22775878949e-16
-7.60854409701e-16
-1.33460314214e-15
-2.00365221718e-15
-2.77538629399e-15
-3.617808079e-15
-4.56468422769e-15
-5.54175934898e-15
-6.542852164e-15
-7.55059008963e-15
-8.54133498062e-15
-9.50209210078e-15
-1.04144720255e-14
-1.1274813915e-14
-1.20493339292e-14
-1.27214911217e-14
-1.32607480948e-14
-1.36608595861e-14
-1.39415987794e-14
-1.41483682491e-14
-1.43262823383e-14
-1.45126148443e-14
-1.46911493211e-14
2.0307007171e-14
1.99862316082e-14
1.93443661094e-14
1.83422718137e-14
1.70839440003e-14
1.59193702461e-14
1.38972548092e-14
1.2454867735e-14
1.08696660081e-14
9.30134165839e-15
7.69760652706e-15
6.23733053306e-15
4.75030399452e-15
3.54774663411e-15
2.31316215751e-15
1.59477327428e-15
1.0040199649e-15
6.45871106643e-16
4.32224159975e-16
3.82362479943e-16
4.44629267734e-16
5.54822680324e-16
6.70322337865e-16
7.88727003668e-16
7.37524453213e-16
6.32049135072e-16
3.49506332745e-16
-4.80206222851e-17
-6.82930096923e-16
-1.44393574958e-15
-2.37636786096e-15
-3.46790410648e-15
-4.60576708105e-15
-5.85127065243e-15
-7.14046554887e-15
-8.51026009192e-15
-9.84502668939e-15
-1.11718974283e-14
-1.2479393648e-14
-1.36982019082e-14
-1.48463407235e-14
-1.58903353527e-14
-1.67853966534e-14
-1.75067768703e-14
-1.80372453764e-14
-1.84030341508e-14
-1.86707384357e-14
-1.89022833434e-14
-1.91449475024e-14
-1.93780286043e-14
2.07104045423e-14
2.02786711472e-14
1.96757548239e-14
1.85229047759e-14
1.7222823326e-14
1.60375666814e-14
1.41934086099e-14
1.28187226563e-14
1.12623749107e-14
9.72211355834e-15
8.16220014301e-15
6.55817738493e-15
5.21360764238e-15
3.86593752971e-15
2.80630785906e-15
1.90260764042e-15
1.33051127045e-15
9.73310518625e-16
7.93732221582e-16
7.8144470826e-16
9.30135900703e-16
9.79550401962e-16
1.15755906588e-15
1.22024906183e-15
1.25521767763e-15
1.07722606462e-15
6.95124779208e-16
1.47984773368e-16
-5.93489025759e-16
-1.44744820835e-15
-2.57046658238e-15
-3.81598021231e-15
-5.21428529303e-15
-6.73207588115e-15
-8.33822522057e-15
-9.97833810762e-15
-1.16430174782e-14
-1.33022710041e-14
-1.49178080133e-14
-1.64484082762e-14
-1.78781741791e-14
-1.91640970465e-14
-2.02706977773e-14
-2.11555137009e-14
-2.18039205894e-14
-2.2252109294e-14
-2.25806828692e-14
-2.28641542568e-14
-2.31622802229e-14
-2.34490136936e-14
2.03664687912e-14
2.01627642698e-14
1.96864096465e-14
1.8597356407e-14
1.71783093305e-14
1.60554640142e-14
1.42024267923e-14
1.29917102017e-14
1.13143962622e-14
9.80030466706e-15
8.26907449733e-15
6.66922482079e-15
5.25493528353e-15
4.0004269368e-15
2.90180957025e-15
1.98093249615e-15
1.45581472852e-15
1.11002476234e-15
9.46206804199e-16
9.46068698604e-16
1.06582442926e-15
1.23958573126e-15
1.39209830136e-15
1.49212037613e-15
1.51688902822e-15
1.34731338263e-15
1.01489387786e-15
4.67900505099e-16
-2.86774572756e-16
-1.2901370646e-15
-2.52756408525e-15
-3.96755485234e-15
-5.58854395731e-15
-7.3493111375e-15
-9.20762231704e-15
-1.11254193989e-14
-1.30657643384e-14
-1.50084855079e-14
-1.69038180122e-14
-1.86999674127e-14
-2.03776584382e-14
-2.18905457497e-14
-2.31812464643e-14
-2.42140598791e-14
-2.49699581593e-14
-2.54879715999e-14
-2.58715171482e-14
-2.62046210031e-14
-2.65555386225e-14
-2.68930673639e-14
1.98267304606e-14
1.96795904964e-14
1.90569746359e-14
1.82065632801e-14
1.67909803181e-14
1.55056575721e-14
1.39844710932e-14
1.27265637741e-14
1.12711101423e-14
9.85849798092e-15
8.15345771808e-15
6.62990941237e-15
5.23700298277e-15
4.0630695832e-15
2.90053548075e-15
2.02374260959e-15
1.43704327542e-15
1.07662012145e-15
9.20681779938e-16
8.7531857515e-16
1.10333109713e-15
1.27751590685e-15
1.56576989822e-15
1.67088577573e-15
1.76706378976e-15
1.67380585724e-15
1.39289721253e-15
8.42944658129e-16
3.66188262099e-17
-1.01042257822e-15
-2.37782892319e-15
-3.91593189319e-15
-5.73032937377e-15
-7.64654025348e-15
-9.74133714966e-15
-1.18839327673e-14
-1.40819226397e-14
-1.62682411517e-14
-1.84078101864e-14
-2.04369728794e-14
-2.2333882808e-14
-2.40374874738e-14
-2.54971658753e-14
-2.66565668226e-14
-2.75033297408e-14
-2.80887236781e-14
-2.85210876877e-14
-2.88989046739e-14
-2.9298869946e-14
-2.96841341744e-14
1.87690227457e-14
1.85719205655e-14
1.80920905438e-14
1.73866874635e-14
1.61711731991e-14
1.50651079184e-14
1.34475625317e-14
1.22429893788e-14
1.07865126456e-14
9.56460818601e-15
7.86136762827e-15
6.50634026654e-15
5.14000762883e-15
3.84051453856e-15
2.74438693241e-15
1.88043220497e-15
1.25852467373e-15
8.77495916414e-16
7.95003359764e-16
7.44245349515e-16
9.02094748727e-16
1.14681531472e-15
1.41064397504e-15
1.64004972116e-15
1.81421488318e-15
1.7723047224e-15
1.60394348001e-15
1.11005130822e-15
3.27429054637e-16
-7.85750744492e-16
-2.1013741774e-15
-3.73877374234e-15
-5.6239356974e-15
-7.71109329301e-15
-9.96644771086e-15
-1.23163571783e-14
-1.4715258623e-14
-1.71087117722e-14
-1.94490614693e-14
-2.16837421524e-14
-2.37665635486e-14
-2.56387705749e-14
-2.72378797262e-14
-2.85025899622e-14
-2.94279182793e-14
-3.00652634335e-14
-3.05390835617e-14
-3.09563879064e-14
-3.14000983903e-14
-3.18295456189e-14
1.71009286044e-14
1.72261415999e-14
1.6880763562e-14
1.61756705699e-14
1.5088147636e-14
1.4008078673e-14
1.27755687994e-14
1.16908761171e-14
1.01878082925e-14
8.88671430771e-15
7.46952302328e-15
6.1060796742e-15
4.76448141289e-15
3.55281622963e-15
2.48779231243e-15
1.61172011025e-15
9.34699924867e-16
6.00070927013e-16
4.32965372211e-16
4.15144807115e-16
6.02439731274e-16
9.10404523309e-16
1.19164235927e-15
1.58370180924e-15
1.75645660497e-15
1.81304230603e-15
1.72408098124e-15
1.31055628002e-15
6.12430966346e-16
-4.585913166e-16
-1.78166085651e-15
-3.43980916344e-15
-5.37811219868e-15
-7.54835958664e-15
-9.90765822835e-15
-1.24001873908e-14
-1.49525189396e-14
-1.75369475152e-14
-2.00390530917e-14
-2.24379672681e-14
-2.46739862005e-14
-2.66862585447e-14
-2.84010017486e-14
-2.9758375748e-14
-3.07432156457e-14
-3.14243265607e-14
-3.19328074392e-14
-3.23848389105e-14
-3.28677190154e-14
-3.33358019025e-14
1.52739438903e-14
1.55958688755e-14
1.51967240746e-14
1.4573629541e-14
1.37471105195e-14
1.28957626854e-14
1.16838969784e-14
1.0681411252e-14
9.41105473445e-15
8.31483809161e-15
6.92145864764e-15
5.6633286869e-15
4.38220363923e-15
3.23830856679e-15
2.18204043758e-15
1.26401354538e-15
6.87289126106e-16
2.41458963407e-16
8.02827730457e-17
8.07105405969e-17
1.88747948005e-16
5.27983005171e-16
8.60004183103e-16
1.33309037834e-15
1.52173590344e-15
1.76335849172e-15
1.72452107146e-15
1.40881134823e-15
7.95622737961e-16
-1.47341225756e-16
-1.43711085803e-15
-3.07244896663e-15
-5.00392896319e-15
-7.18116856907e-15
-9.6178427358e-15
-1.22135999395e-14
-1.48414397296e-14
-1.7548191654e-14
-2.0167267573e-14
-2.27209085639e-14
-2.50914408576e-14
-2.72081805783e-14
-2.90126785286e-14
-3.04394153535e-14
-3.14695711653e-14
-3.21822508949e-14
-3.27182472627e-14
-3.31997385438e-14
-3.37158418509e-14
-3.42174112908e-14
1.31943691644e-14
1.34291058896e-14
1.31725410936e-14
1.27578393807e-14
1.2171903664e-14
1.1374613111e-14
1.06212325966e-14
9.71391757374e-15
8.6522087161e-15
7.47466276411e-15
6.3848192325e-15
5.14361530008e-15
3.99251923374e-15
2.92912400981e-15
1.85181079083e-15
1.00205175204e-15
3.40719456816e-16
-2.71661664029e-17
-3.64223584356e-16
-3.21138702406e-16
-1.61789595503e-16
1.55369067774e-16
4.86269276981e-16
8.98618200472e-16
1.2432385051e-15
1.50734821205e-15
1.58012492788e-15
1.39504684884e-15
9.62667491495e-16
9.21123964518e-17
-1.09906778365e-15
-2.65584965601e-15
-4.53175860507e-15
-6.70837751919e-15
-9.13783240542e-15
-1.17442877377e-14
-1.44623134439e-14
-1.72315841546e-14
-1.99642248116e-14
-2.25980344264e-14
-2.50471035357e-14
-2.72511758124e-14
-2.9114332232e-14
-3.05816201912e-14
-3.16383160895e-14
-3.23745027683e-14
-3.2931084575e-14
-3.34344115135e-14
-3.39768222681e-14
-3.45052237355e-14
1.08857067556e-14
1.10335649932e-14
1.0862641421e-14
1.06122219145e-14
1.01849193545e-14
9.70260612675e-15
8.98982850798e-15
8.28545844919e-15
7.44863655284e-15
6.67624593177e-15
5.64704577037e-15
4.64671168412e-15
3.61614528037e-15
2.66806389252e-15
1.65107242591e-15
8.18510468559e-16
1.78597851876e-16
-2.48592624925e-16
-5.52181141481e-16
-6.09212123019e-16
-6.28042571668e-16
-3.31657983599e-16
3.36938403824e-17
4.70382951249e-16
8.32307797615e-16
1.14182425444e-15
1.40594711076e-15
1.28827909192e-15
9.65706609648e-16
2.80498625424e-16
-7.8437345755e-16
-2.23292328803e-15
-4.00597075645e-15
-6.1099167817e-15
-8.49259673498e-15
-1.10617237739e-14
-1.38122630662e-14
-1.66186880615e-14
-1.9397562345e-14
-2.20847512439e-14
-2.4599814718e-14
-2.6842740458e-14
-2.87355325312e-14
-3.02240861994e-14
-3.12962784248e-14
-3.20415828204e-14
-3.26111341924e-14
-3.31299161759e-14
-3.3690425108e-14
-3.4238042703e-14
8.31102557908e-15
8.30468223283e-15
8.28835311593e-15
8.18973436088e-15
8.04775719632e-15
7.7628976237e-15
7.3433963659e-15
6.99137131469e-15
6.30166316121e-15
5.87914693178e-15
4.96584211347e-15
4.17464277505e-15
3.25371708123e-15
2.45046892224e-15
1.5448632964e-15
8.16411839567e-16
1.55787290402e-16
-3.05098786253e-16
-6.67894240431e-16
-8.35465364606e-16
-8.09785757279e-16
-5.36320170393e-16
-2.85406123299e-16
1.16412706084e-16
4.71750552302e-16
8.19936961199e-16
1.04912623489e-15
1.06751912325e-15
8.58399327505e-16
2.99363774682e-16
-5.74724654002e-16
-1.84925250666e-15
-3.47050276176e-15
-5.44498342645e-15
-7.7444920695e-15
-1.02744214959e-14
-1.29795954879e-14
-1.57616071754e-14
-1.85501266309e-14
-2.1247561385e-14
-2.37677904685e-14
-2.60267523635e-14
-2.79295208793e-14
-2.94155120593e-14
-3.04826183687e-14
-3.12269397255e-14
-3.17991814633e-14
-3.23248307279e-14
-3.28957141328e-14
-3.34543778238e-14
5.35838397803e-15
5.38044692093e-15
5.34443322035e-15
5.51978718386e-15
5.63997655191e-15
5.52028197243e-15
5.36969074905e-15
5.36277947968e-15
5.00669005333e-15
4.7443041448e-15
4.18359006229e-15
3.62113750057e-15
2.99035620388e-15
2.30925463874e-15
1.57969978381e-15
9.34498890983e-16
3.19638062295e-16
-1.89719243185e-16
-6.06085364912e-16
-7.52545533889e-16
-8.38097558897e-16
-7.57627182617e-16
-5.53786082132e-16
-1.92804910074e-16
1.18680009322e-16
4.66849559711e-16
7.31015823395e-16
8.70174495702e-16
7.13767067406e-16
3.0604829814e-16
-4.35269627936e-16
-1.50206018706e-15
-2.94845630765e-15
-4.77715215355e-15
-6.91609459849e-15
-9.3384144877e-15
-1.19767731243e-14
-1.47015474245e-14
-1.74624809745e-14
-2.01277771321e-14
-2.26312534713e-14
-2.48613670699e-14
-2.67463958802e-14
-2.82041503225e-14
-2.92495458864e-14
-2.99844549799e-14
-3.05525012708e-14
-3.10764947843e-14
-3.16486089415e-14
-3.22091444486e-14
2.1311935796e-15
2.19893450893e-15
2.44331506137e-15
2.64923822705e-15
3.02232772443e-15
3.26439085658e-15
3.37649402974e-15
3.66788745339e-15
3.71468487398e-15
3.75870855383e-15
3.43110258291e-15
3.24067787724e-15
2.76031546719e-15
2.26623140943e-15
1.67802638404e-15
1.19437250747e-15
5.7216305673e-16
1.41359574849e-16
-3.08424207029e-16
-5.62775067868e-16
-7.14185841363e-16
-7.09088229046e-16
-6.22922590764e-16
-4.39657753933e-16
-1.14275891632e-16
1.98075152591e-16
4.50848465967e-16
5.9537885265e-16
5.29721669736e-16
2.916519878e-16
-2.93178962696e-16
-1.19432089352e-15
-2.47610150497e-15
-4.11722356665e-15
-6.10619112119e-15
-8.38075174856e-15
-1.08647541478e-14
-1.35023429986e-14
-1.61693093654e-14
-1.87751975393e-14
-2.12226355205e-14
-2.34077001391e-14
-2.52349839189e-14
-2.66510252931e-14
-2.76624617492e-14
-2.83710677083e-14
-2.89256106156e-14
-2.94417606246e-14
-3.00045912164e-14
-3.05569542189e-14
-1.29518696611e-15
-1.11472449653e-15
-8.36302545495e-16
-4.03451695476e-16
2.22294004214e-16
7.85858937353e-16
1.22670465734e-15
1.9006899231e-15
2.26064562491e-15
2.62810376215e-15
2.71010374034e-15
2.7258484047e-15
2.55673170599e-15
2.26029532746e-15
1.89387121848e-15
1.4928644524e-15
1.1079253709e-15
6.53802397329e-16
2.49880723963e-16
-5.4060256441e-17
-2.88020533217e-16
-3.69439931809e-16
-3.86229153451e-16
-3.04708489121e-16
-1.25548535756e-16
6.16384548302e-17
2.80694344619e-16
4.40117297396e-16
4.43239491442e-16
2.87906466298e-16
-1.57793626628e-16
-9.13961233926e-16
-2.00387462034e-15
-3.46421130817e-15
-5.26914223585e-15
-7.36384628541e-15
-9.70273379504e-15
-1.21990215075e-14
-1.47478647974e-14
-1.72536413973e-14
-1.96110198265e-14
-2.17130703584e-14
-2.34629477773e-14
-2.48153578726e-14
-2.57775210277e-14
-2.64545896331e-14
-2.69868534443e-14
-2.74851573852e-14
-2.80286845123e-14
-2.85622509914e-14
-4.92264503927e-15
-4.72767308767e-15
-4.22141877796e-15
-3.59851069291e-15
-2.67017870816e-15
-1.79304866699e-15
-8.84758084058e-16
-7.60363731246e-17
8.07315368297e-16
1.47033866987e-15
1.93867714204e-15
2.28976588514e-15
2.40092191972e-15
2.42588975085e-15
2.28679399281e-15
2.06247433032e-15
1.7757835494e-15
1.43047567754e-15
1.06789481728e-15
7.4156391453e-16
3.95618705339e-16
3.15573277528e-16
1.13299468614e-16
7.10891662652e-17
1.13567808334e-16
2.06196142821e-16
3.38591050344e-16
4.40878610197e-16
4.6177652752e-16
3.09812944954e-16
-1.27000004561e-17
-6.33808002941e-16
-1.56207727809e-15
-2.83341380426e-15
-4.43857622698e-15
-6.34540641784e-15
-8.50194872143e-15
-1.0834897514e-14
-1.32374862412e-14
-1.56124580194e-14
-1.78517850914e-14
-1.98396024311e-14
-2.14978490465e-14
-2.27637004335e-14
-2.36635749407e-14
-2.42972809661e-14
-2.48001900121e-14
-2.5271877696e-14
-2.57852260903e-14
-2.62888052921e-14
-8.69439610857e-15
-8.41706370234e-15
-7.73708899983e-15
-6.92114278622e-15
-5.67944468562e-15
-4.53488620065e-15
-3.19306740044e-15
-1.92264211139e-15
-7.82914750654e-16
2.54285148609e-16
1.16825281843e-15
1.93130895031e-15
2.35426164099e-15
2.68753958457e-15
2.84653131348e-15
2.78906247664e-15
2.65830796325e-15
2.45498487039e-15
2.12504748255e-15
1.85778479625e-15
1.47777161917e-15
1.21831579482e-15
9.94063878299e-16
7.78138647216e-16
6.94192271545e-16
6.32884967588e-16
6.36194437731e-16
6.46636605739e-16
6.50499041909e-16
4.94163837715e-16
1.91254867212e-16
-3.32711391312e-16
-1.12278372978e-15
-2.21948737351e-15
-3.61988972532e-15
-5.34565946091e-15
-7.30452083974e-15
-9.44931242225e-15
-1.16802472133e-14
-1.38995771263e-14
-1.59908290655e-14
-1.78531611883e-14
-1.93902031242e-14
-2.05585136609e-14
-2.13858677647e-14
-2.19695314532e-14
-2.24355050973e-14
-2.28718929117e-14
-2.33445266174e-14
-2.38070900115e-14
-1.25418732586e-14
-1.21536742197e-14
-1.13709395612e-14
-1.02534376548e-14
-8.76552798304e-15
-7.18256827922e-15
-5.62029396765e-15
-3.95027438579e-15
-2.34209013299e-15
-8.92767353565e-16
3.8903128725e-16
1.49328010902e-15
2.31317730869e-15
3.025342766e-15
3.48573747718e-15
3.70942998084e-15
3.7654138414e-15
3.71392096707e-15
3.50908461358e-15
3.18957225745e-15
2.84360129063e-15
2.52292113885e-15
2.1685162714e-15
1.84037858414e-15
1.59973983443e-15
1.4224822618e-15
1.26289560818e-15
1.12827522971e-15
1.02023135227e-15
8.2313345963e-16
5.08065204292e-16
4.79648466231e-17
-6.57120793234e-16
-1.61447250232e-15
-2.86047212107e-15
-4.3631021312e-15
-6.11762793478e-15
-8.07278288542e-15
-1.01187494202e-14
-1.21558821024e-14
-1.40865252723e-14
-1.57916047447e-14
-1.72003586041e-14
-1.82614724723e-14
-1.90103523335e-14
-1.95381073608e-14
-1.99603597672e-14
-2.03535126813e-14
-2.07751869057e-14
-2.1185581376e-14
-1.65223118152e-14
-1.6044882899e-14
-1.50144246817e-14
-1.36722644307e-14
-1.19129769482e-14
-1.0053030249e-14
-8.03526807886e-15
-5.96944709641e-15
-3.94088744471e-15
-2.07363127287e-15
-3.80126915693e-16
1.12795941979e-15
2.36944307652e-15
3.43684002728e-15
4.22573819331e-15
4.7556190777e-15
5.03617161561e-15
5.1660550527e-15
5.05926943364e-15
4.83668740123e-15
4.52227277081e-15
4.15708925825e-15
3.72013160448e-15
3.28668181495e-15
2.86605771681e-15
2.51885218564e-15
2.19513569852e-15
1.92902266525e-15
1.66613573823e-15
1.36934377161e-15
9.70241594887e-16
5.19936222317e-16
-1.20722724496e-16
-9.70530799711e-16
-2.06905546333e-15
-3.40992293508e-15
-4.9817830844e-15
-6.73104693799e-15
-8.57601919131e-15
-1.04299996507e-14
-1.21786763692e-14
-1.37245772178e-14
-1.49883328605e-14
-1.59349749378e-14
-1.66004813137e-14
-1.70691119712e-14
-1.74429786175e-14
-1.77866082471e-14
-1.81478661679e-14
-1.84953700724e-14
-2.05450231969e-14
-1.99372435505e-14
-1.87503223656e-14
-1.71085917142e-14
-1.50895463977e-14
-1.28566303951e-14
-1.04591412029e-14
-7.98420314329e-15
-5.55681201131e-15
-3.26804696446e-15
-1.14073715716e-15
8.1463958628e-16
2.43986950951e-15
3.87409185944e-15
5.02366928056e-15
5.90588574295e-15
6.44913583421e-15
6.79469095256e-15
6.87376730981e-15
6.72595363424e-15
6.47347649401e-15
6.09594663351e-15
5.60031576812e-15
5.06028329207e-15
4.53203314678e-15
4.00108825614e-15
3.50652451709e-15
3.04224103159e-15
2.60316557523e-15
2.16778842373e-15
1.70779117132e-15
1.18064341061e-15
5.3417659588e-16
-2.73627806189e-16
-1.26304746117e-15
-2.47059112845e-15
-3.86766250977e-15
-5.42868162175e-15
-7.08223091373e-15
-8.7445471744e-15
-1.03122553936e-14
-1.16900225365e-14
-1.28075714616e-14
-1.36379800351e-14
-1.42182622409e-14
-1.46264433636e-14
-1.49484337175e-14
-1.52360052545e-14
-1.55289714693e-14
-1.58050631723e-14
-2.45815510278e-14
-2.38448811025e-14
-2.25123264276e-14
-2.0580004451e-14
-1.82731498144e-14
-1.57030318015e-14
-1.28775157477e-14
-9.98974547643e-15
-7.13495915555e-15
-4.41908851134e-15
-1.8461600651e-15
5.17097036487e-16
2.58073593351e-15
4.41159424719e-15
5.91808721185e-15
7.11165796863e-15
7.97483458518e-15
8.55458758772e-15
8.80999278365e-15
8.83613687055e-15
8.65454337824e-15
8.30188845981e-15
7.76140500089e-15
7.16064046012e-15
6.50867357982e-15
5.83293621317e-15
5.15953703337e-15
4.50509286724e-15
3.8785072021e-15
3.27251462288e-15
2.67474675464e-15
2.03732896007e-15
1.34975653831e-15
5.39168979861e-16
-4.03217242373e-16
-1.50332533193e-15
-2.77474290287e-15
-4.17217610787e-15
-5.64760544926e-15
-7.1239798161e-15
-8.51341444624e-15
-9.72695387297e-15
-1.07001600546e-14
-1.14189646672e-14
-1.19184002268e-14
-1.22668096907e-14
-1.25343095101e-14
-1.27632154986e-14
-1.29818409312e-14
-1.31792605641e-14
-2.86139297556e-14
-2.7746638907e-14
-2.62145344409e-14
-2.4043364942e-14
-2.14373965324e-14
-1.8510671644e-14
-1.52747202224e-14
-1.19643551014e-14
-8.71066580346e-15
-5.5487071123e-15
-2.53550089575e-15
2.68889004243e-16
2.77619574881e-15
4.98271373294e-15
6.85768643062e-15
8.3735908205e-15
9.57555367945e-15
1.04142484158e-14
1.08920362426e-14
1.10898303883e-14
1.10143295684e-14
1.07135608399e-14
1.0181110207e-14
9.54214048785e-15
8.80414570154e-15
7.97750261332e-15
7.15358365216e-15
6.31062531288e-15
5.48751020713e-15
4.67488289034e-15
3.92969169338e-15
3.13945488949e-15
2.34263228694e-15
1.4835825946e-15
5.37411608838e-16
-5.18954160328e-16
-1.68791059546e-15
-2.95443270752e-15
-4.27435765451e-15
-5.58683270265e-15
-6.81156679788e-15
-7.87012908763e-15
-8.71111604371e-15
-9.32751858406e-15
-9.75081985648e-15
-1.00420444465e-14
-1.02554043826e-14
-1.04230791637e-14
-1.05644182852e-14
-1.06787079203e-14
-3.25893677633e-14
-3.16087022642e-14
-2.99119873937e-14
-2.74697414346e-14
-2.45573911998e-14
-2.12795457471e-14
-1.76407956659e-14
-1.39166747234e-14
-1.02389541678e-14
-6.64093513041e-15
-3.15960276567e-15
4.97151905401e-17
2.98315054778e-15
5.597690499e-15
7.84453650617e-15
9.74106326262e-15
1.12249535397e-14
1.23385528919e-14
1.30538532577e-14
1.34450954607e-14
1.35060094165e-14
1.33119138583e-14
1.28053601164e-14
1.21308137618e-14
1.13412513994e-14
1.0403243645e-14
9.43213684421e-15
8.41080664603e-15
7.39825670635e-15
6.40470553466e-15
5.42780257033e-15
4.47756900507e-15
3.54336213586e-15
2.57944623504e-15
1.58870574604e-15
5.33349465823e-16
-5.86457199438e-16
-1.76112923615e-15
-2.96781914256e-15
-4.1420750164e-15
-5.22321422911e-15
-6.14824464454e-15
-6.87226536546e-15
-7.39720831638e-15
-7.754408308e-15
-7.99406798076e-15
-8.15561117653e-15
-8.26271523188e-15
-8.32588864663e-15
-8.35589364261e-15
-3.64763233538e-14
-3.53812171128e-14
-3.34885853101e-14
-3.08214882666e-14
-2.76082748703e-14
-2.39637186479e-14
-1.99340471258e-14
-1.58068688278e-14
-1.17238719773e-14
-7.69844108741e-15
-3.83383327704e-15
-1.50392532865e-16
3.19000035111e-15
6.21818975436e-15
8.8401697334e-15
1.10705874933e-14
1.28937103995e-14
1.42923081005e-14
1.52267795601e-14
1.58446180171e-14
1.60670423785e-14
1.5945795008e-14
1.55324321206e-14
1.48972186365e-14
1.40528283397e-14
1.3040282946e-14
1.19162670966e-14
1.07534464002e-14
9.5579872896e-15
8.36178196933e-15
7.18288919412e-15
6.04533568242e-15
4.93538174287e-15
3.84310572099e-15
2.7536007614e-15
1.65037622995e-15
5.31283856606e-16
-6.03338822102e-16
-1.72420512486e-15
-2.79843181126e-15
-3.76954823506e-15
-4.57968385944e-15
-5.20988756452e-15
-5.65666094131e-15
-5.96126967214e-15
-6.1553768585e-15
-6.26853215163e-15
-6.3178596946e-15
-6.30597837435e-15
-6.25382148487e-15
-4.02257946432e-14
-3.90497460803e-14
-3.69621824047e-14
-3.40476652089e-14
-3.05378761093e-14
-2.6545449469e-14
-2.21722897774e-14
-1.7663204034e-14
-1.31763825661e-14
-8.72266929564e-15
-4.40336979277e-15
-3.24917748779e-16
3.43112954053e-15
6.8458362244e-15
9.83090615006e-15
1.23875402534e-14
1.45492342227e-14
1.62195112449e-14
1.74162411211e-14
1.82399770893e-14
1.86496548259e-14
1.86637253107e-14
1.83225524687e-14
1.77182184902e-14
1.68444913038e-14
1.57659939232e-14
1.4563422594e-14
1.32505480585e-14
1.18955176255e-14
1.05117459282e-14
9.13630474245e-15
7.79269719761e-15
6.49404264574e-15
5.23736986452e-15
4.01854763948e-15
2.82229744464e-15
1.66461910941e-15
5.31779824836e-16
-5.54338438669e-16
-1.56228666732e-15
-2.45242035916e-15
-3.18119771674e-15
-3.73848952598e-15
-4.13196687295e-15
-4.39259264131e-15
-4.54798605655e-15
-4.6180909024e-15
-4.61417851811e-15
-4.53281665025e-15
-4.40477392326e-15
-4.38107014117e-14
-4.25287053379e-14
-4.02859791401e-14
-3.71266680031e-14
-3.33299110533e-14
-2.90065896312e-14
-2.43054029344e-14
-1.94034344956e-14
-1.45340997175e-14
-9.67989638386e-15
-4.96191536995e-15
-4.85913627151e-16
3.66116403304e-15
7.46037639482e-15
1.0816225721e-14
1.37063162538e-14
1.61577747717e-14
1.81000301364e-14
1.95520512125e-14
2.05825070023e-14
2.11554363727e-14
2.12897425385e-14
2.10660081768e-14
2.04956085891e-14
1.96362127831e-14
1.85339674184e-14
1.72406893254e-14
1.58116992045e-14
1.43032112216e-14
1.2747544831e-14
1.11860132915e-14
9.64335555642e-15
8.14769950859e-15
6.71260167412e-15
5.33989571212e-15
4.03262456889e-15
2.78900641085e-15
1.61994623424e-15
5.33632984603e-16
-4.44638482101e-16
-1.28737293276e-15
-1.96580236431e-15
-2.47448679406e-15
-2.82916363187e-15
-3.05901381695e-15
-3.18207880104e-15
-3.21512891439e-15
-3.1646963953e-15
-3.02306346184e-15
-2.82857780962e-15
-4.71688147149e-14
-4.58028569657e-14
-4.34155025212e-14
-4.00371746947e-14
-3.59658609521e-14
-3.13268273026e-14
-2.63059160313e-14
-2.10712023716e-14
-1.5824829932e-14
-1.05991014068e-14
-5.48938142662e-15
-6.28755541625e-16
3.87718469583e-15
8.04442179542e-15
1.17295979736e-14
1.49434423493e-14
1.76889953613e-14
1.98996273942e-14
2.15902462587e-14
2.28294899905e-14
2.35654008018e-14
2.38486529269e-14
2.37061914496e-14
2.31834094969e-14
2.2339684445e-14
2.12090735342e-14
1.98555384192e-14
1.83252261053e-14
1.66827491459e-14
1.49717750491e-14
1.32268001683e-14
1.15003713718e-14
9.81153898277e-15
8.19144880088e-15
6.65444830285e-15
5.20959866381e-15
3.86569093648e-15
2.62887534899e-15
1.51338705227e-15
5.34517159358e-16
-2.88304674909e-16
-9.3979287553e-16
-1.4217123447e-15
-1.7532702608e-15
-1.96023095055e-15
-2.05925806538e-15
-2.06085639509e-15
-1.97203094767e-15
-1.78169629839e-15
-1.53286905289e-15
-5.0269899036e-14
-4.88203034316e-14
-4.62919335877e-14
-4.27046577912e-14
-3.83895441424e-14
-3.34693709727e-14
-2.8157541126e-14
-2.25956398954e-14
-1.70087071586e-14
-1.14278321602e-14
-5.97151155539e-15
-7.48414762781e-16
4.10349267462e-15
8.58844958268e-15
1.25880400453e-14
1.61003518643e-14
1.91161193335e-14
2.1581227848e-14
2.35028943262e-14
2.49198794552e-14
2.58128240152e-14
2.62274490357e-14
2.61590975694e-14
2.57015162587e-14
2.48648077436e-14
2.3716223917e-14
2.23030355623e-14
2.0688227341e-14
1.89252855719e-14
1.70648929102e-14
1.51603819394e-14
1.32529928821e-14
1.13815141629e-14
9.5832007274e-15
7.88113208475e-15
6.2932348385e-15
4.83927931654e-15
3.52132294621e-15
2.35612997843e-15
1.35759278911e-15
5.34835510862e-16
-1.07506688832e-16
-5.77604256582e-16
-8.9613457085e-16
-1.08819959481e-15
-1.16806769593e-15
-1.14629695062e-15
-1.02893936494e-15
-8.02205213658e-16
-5.13307372014e-16
-5.30520267227e-14
-5.15345679834e-14
-4.88590667409e-14
-4.50964359815e-14
-4.05657441087e-14
-3.53915586562e-14
-2.9803448389e-14
-2.39675277669e-14
-1.80600197234e-14
-1.21651806034e-14
-6.39701948165e-15
-8.65387920288e-16
4.29580799165e-15
9.0868607064e-15
1.33613018533e-14
1.71506586465e-14
2.04001889081e-14
2.30946013867e-14
2.52172933153e-14
2.68004714817e-14
2.7833619748e-14
2.8351409437e-14
2.83697675263e-14
2.79518816223e-14
2.71250447581e-14
2.5949730208e-14
2.44899095286e-14
2.27917474862e-14
2.09149143746e-14
1.89301644022e-14
1.68695557334e-14
1.47995820527e-14
1.27605666642e-14
1.0797887329e-14
8.94039429274e-15
7.21675820344e-15
5.64879552627e-15
4.25054684225e-15
3.03480981858e-15
2.0093906534e-15
1.17752039105e-15
5.34583182678e-16
6.8558147951e-17
-2.44195253443e-16
-4.26498005066e-16
-4.92525802523e-16
-4.5399481029e-16
-3.17604256688e-16
-6.88706965876e-17
2.44391119353e-16
-5.54363720129e-14
-5.38548799888e-14
-5.10700124603e-14
-4.71468452739e-14
-4.24202476788e-14
-3.70399180851e-14
-3.12199785259e-14
-2.51293475395e-14
-1.89588562555e-14
-1.27903153732e-14
-6.75966520797e-15
-9.57932090305e-16
4.47399944758e-15
9.50700927742e-15
1.40321176621e-14
1.8051200089e-14
2.15065713777e-14
2.43878841402e-14
2.66857581592e-14
2.84054026725e-14
2.95544681287e-14
3.0158644406e-14
3.02410666776e-14
2.98514193976e-14
2.90286606614e-14
2.78370223587e-14
2.63196293542e-14
2.45449224463e-14
2.25751142479e-14
2.04693330549e-14
1.82767461818e-14
1.60645733825e-14
1.38803223321e-14
1.17725458819e-14
9.78256839609e-15
7.9426511575e-15
6.28012497802e-15
4.80860113307e-15
3.54452730234e-15
2.49181027738e-15
1.64794259151e-15
1.00174497842e-15
5.35395430165e-16
2.25284136026e-16
4.87000676666e-17
-9.27033518107e-18
3.8462561766e-17
1.83514980559e-16
4.40068407636e-16
7.6154271461e-16
-5.73507124823e-14
-5.5722254126e-14
-5.28365822589e-14
-4.87942149414e-14
-4.3920739551e-14
-3.83664946722e-14
-3.23518465674e-14
-2.60604336432e-14
-1.96693148554e-14
-1.32854525085e-14
-7.0457591728e-15
-1.0213214188e-15
4.61895805769e-15
9.85484125233e-15
1.45716946039e-14
1.87762232266e-14
2.23912673188e-14
2.54196853114e-14
2.78484222511e-14
2.96744461497e-14
3.09156235337e-14
3.15858032378e-14
3.17124733651e-14
3.13434688578e-14
3.05212705548e-14
2.92995076521e-14
2.77386828542e-14
2.58991392955e-14
2.38434751149e-14
2.16373174344e-14
1.93394613112e-14
1.70119772959e-14
1.47115837279e-14
1.2492013314e-14
1.03993934565e-14
8.46824434355e-15
6.72772472316e-15
5.20271799822e-15
3.90003318292e-15
2.82394980545e-15
1.96653911511e-15
1.31505998742e-15
8.45955165657e-16
5.35775440863e-16
3.61628195884e-16
3.07142207957e-16
3.56948954818e-16
5.01002604392e-16
7.51681553973e-16
1.06511852434e-15
-5.87454269761e-14
-5.70756551092e-14
-5.41289294832e-14
-4.99897358084e-14
-4.50058041701e-14
-3.93199588107e-14
-3.31744515092e-14
-2.67317764001e-14
-2.0185400897e-14
-1.36371588483e-14
-7.24161250965e-15
-1.06076643553e-15
4.73418357848e-15
1.01140056622e-14
1.49716325414e-14
1.9307145176e-14
2.30394310354e-14
2.61792645561e-14
2.86951917307e-14
3.06020646552e-14
3.19013589981e-14
3.2616878729e-14
3.27716859006e-14
3.24174317483e-14
3.15888484789e-14
3.03487845966e-14
2.87520412797e-14
2.68627249465e-14
2.47448536344e-14
2.2465950604e-14
2.00892823127e-14
1.76776067289e-14
1.52924870145e-14
1.2991572004e-14
1.08226735762e-14
8.82593685549e-15
7.03247229841e-15
5.46368119091e-15
4.12992567359e-15
3.03124571451e-15
2.15927199084e-15
1.49779152261e-15
1.0228232681e-15
7.10214635349e-16
5.35917556299e-16
4.81063666542e-16
5.28641917188e-16
6.64387791167e-16
8.96663106696e-16
1.18634688084e-15
-5.96642401986e-14
-5.79682566743e-14
-5.49766037622e-14
-5.07770436004e-14
-4.57179989441e-14
-3.99506125133e-14
-3.370861881e-14
-2.71687018327e-14
-2.05167762243e-14
-1.38638554717e-14
-7.36271706345e-15
-1.07530044837e-15
4.82298513539e-15
1.02967904659e-14
1.52519809756e-14
1.96739144999e-14
2.34887513029e-14
2.66987731122e-14
2.92804878236e-14
3.12408161421e-14
3.25838456326e-14
3.33307371018e-14
3.35088763942e-14
3.31637084532e-14
3.23345339005e-14
3.10845128931e-14
2.9462665622e-14
2.75409799624e-14
2.53800754921e-14
2.30503229837e-14
2.06171215344e-14
1.81466842161e-14
1.57013070772e-14
1.334020103e-14
1.11144982287e-14
9.06549276045e-15
7.22680309715e-15
5.61930174649e-15
4.25334818558e-15
3.13059803448e-15
2.23963970033e-15
1.56420981529e-15
1.08095848326e-15
7.64706029931e-16
5.90762951388e-16
5.35895199281e-16
5.79684502384e-16
7.03475954265e-16
9.0868619384e-16
1.16085155313e-15
-6.02643880538e-14
-5.85504722154e-14
-5.55302156389e-14
-5.1290950029e-14
-4.61844804833e-14
-4.03613499113e-14
-3.40590451468e-14
-2.74518843486e-14
-2.07304963203e-14
-1.40064789266e-14
-7.43293676732e-15
-1.07590008571e-15
4.89260840896e-15
1.04364268129e-14
1.54583566711e-14
1.9943053712e-14
2.38178227619e-14
2.70831287012e-14
2.97128158773e-14
3.17151791141e-14
3.30929197827e-14
3.38680341941e-14
3.40661883059e-14
3.37337947886e-14
3.29085258429e-14
3.16535985041e-14
3.0018504157e-14
2.80747650332e-14
2.58840294076e-14
2.35168803078e-14
2.10393895995e-14
1.85203978814e-14
1.60235037079e-14
1.36077469239e-14
1.13280114508e-14
9.22739672191e-15
7.34018057396e-15
5.68958466327e-15
4.28661701402e-15
3.1324262635e-15
2.21793726205e-15
1.52571097683e-15
1.03333672117e-15
7.14850288808e-16
5.43188520001e-16
4.92069919402e-16
5.35901261651e-16
6.49906654861e-16
8.24876992013e-16
1.02961899688e-15
-6.07243208009e-14
-5.89973974165e-14
-5.59565886835e-14
-5.16881928768e-14
-4.65445491411e-14
-4.06787495303e-14
-3.43297779837e-14
-2.76726697344e-14
-2.08962412707e-14
-1.41157308242e-14
-7.48403320176e-15
-1.07039306559e-15
4.95614658377e-15
1.05575880157e-14
1.56363144217e-14
2.0175622628e-14
2.41020453753e-14
2.74179485447e-14
3.00905528805e-14
3.21330167991e-14
3.35450473337e-14
3.43491545218e-14
3.4569910719e-14
3.42530620752e-14
3.34351546123e-14
3.2178706132e-14
3.05356721953e-14
2.85737210048e-14
2.63563826265e-14
2.39537262447e-14
2.14331485246e-14
1.88642537633e-14
1.63114711563e-14
1.38371801438e-14
1.14961522116e-14
9.33492511081e-15
7.38978450043e-15
5.68576428219e-15
4.23634456894e-15
3.04381697207e-15
2.10063708458e-15
1.38934234931e-15
8.8825766437e-16
5.70726808424e-16
4.07466190428e-16
3.68344655273e-16
4.21941451127e-16
5.3592588452e-16
6.86562310812e-16
8.41436023142e-16
-6.1174973335e-14
-5.94357138549e-14
-5.63743133459e-14
-5.20771883956e-14
-4.68979347047e-14
-4.09909780361e-14
-3.45966299605e-14
-2.78892558021e-14
-2.10598796737e-14
-1.42229828839e-14
-7.5335366635e-15
-1.06202252231e-15
5.0246172403e-15
1.06848425567e-14
1.58229225412e-14
2.04187911208e-14
2.44008710489e-14
2.77687936978e-14
3.0490781241e-14
3.25772635647e-14
3.40284910918e-14
3.4865205637e-14
3.5112542099e-14
3.4813870299e-14
3.40066446849e-14
3.27511130426e-14
3.10990579881e-14
2.9117623722e-14
2.68701239853e-14
2.44267011695e-14
2.18546735722e-14
1.92255687566e-14
1.66046543752e-14
1.4056137847e-14
1.16376378624e-14
9.39831371588e-15
7.37791783933e-15
5.60452631131e-15
4.094755081e-15
2.85344093106e-15
1.87389111063e-15
1.14063253001e-15
6.31729043114e-16
3.20154030846e-16
1.75171373878e-16
1.63146065021e-16
2.46969400903e-16
3.85291869001e-16
5.35928275859e-16
6.55237293388e-16
-6.15945761197e-14
-5.98436739446e-14
-5.6763381974e-14
-5.24395468307e-14
-4.7227289981e-14
-4.12828727608e-14
-3.48458980594e-14
-2.8092086565e-14
-2.12127050357e-14
-1.43231026087e-14
-7.57952704884e-15
-1.05289078815e-15
5.08989839548e-15
1.08070647119e-14
1.60014481027e-14
2.06520059803e-14
2.46878042253e-14
2.81067566312e-14
3.08765010691e-14
3.30067001104e-14
3.44966928149e-14
3.5366866893e-14
3.56410280104e-14
3.53618755464e-14
3.45656300947e-14
3.33119324048e-14
3.16516812576e-14
2.96513724507e-14
2.73739096781e-14
2.48893512915e-14
2.22652550539e-14
1.95731880639e-14
1.68808344513e-14
1.42536100049e-14
1.17520069125e-14
9.42834985408e-15
7.32583202143e-15
5.47655347335e-15
3.90028334688e-15
2.60459270821e-15
1.58500018934e-15
8.27416398631e-16
3.10277422729e-16
6.70539882976e-18
-1.14506279438e-16
-8.90224611522e-17
4.22387408058e-17
2.30422953165e-16
4.16620737556e-16
5.359288878e-16
)
;

boundaryField
{
    side_walls
    {
        type            zeroGradient;
    }
    inlet
    {
        type            cyclic;
    }
    outlet
    {
        type            cyclic;
    }
    side_left
    {
        type            symmetryPlane;
    }
    side_bottom
    {
        type            symmetryPlane;
    }
}


// ************************************************************************* //
