/*--------------------------------*- C++ -*----------------------------------*\
| =========                 |                                                 |
| \\      /  F ield         | OpenFOAM: The Open Source CFD Toolbox           |
|  \\    /   O peration     | Version:  3.0.1                                 |
|   \\  /    A nd           | Web:      www.OpenFOAM.org                      |
|    \\/     M anipulation  |                                                 |
\*---------------------------------------------------------------------------*/
FoamFile
{
    version     2.0;
    format      ascii;
    class       volScalarField;
    location    "50000";
    object      k;
}
// * * * * * * * * * * * * * * * * * * * * * * * * * * * * * * * * * * * * * //

dimensions      [0 2 -2 0 0 0 0];

internalField   nonuniform List<scalar> 
2500
(
0.000933780570971
0.000952653047482
0.000986936814696
0.00103308226676
0.00108786222783
0.00114858525171
0.00121314777488
0.00127999002585
0.00134800941075
0.00141646416374
0.00148488341032
0.0015529898524
0.0016206363068
0.00168775520395
0.0017543194385
0.00182031285321
0.00188570874093
0.00195045489734
0.00201446389068
0.00207760732241
0.00213971294128
0.00220056355047
0.00225989671794
0.0023174043605
0.00237273131461
0.00242547201667
0.00247516437163
0.00252127976587
0.0025632079411
0.00260023504256
0.00263151251428
0.00265601353301
0.00267247219858
0.00267929852214
0.00267445911809
0.00265530920737
0.00261835633209
0.00255893209256
0.00247075316306
0.00234539290288
0.00217183932522
0.00193680533007
0.00162779079765
0.0012435226496
0.000816390828486
0.000429006687549
0.000168064821834
4.46020756195e-05
7.61986347227e-06
1.23231184347e-05
0.000952651975188
0.0009715168913
0.00100578663957
0.0010519083259
0.00110664418503
0.00116728521214
0.00123170586768
0.0012983232196
0.00136601328149
0.0014340169603
0.00150185169284
0.0015692350206
0.00163602140209
0.00170215144658
0.00176761204864
0.00183240580771
0.00189652823334
0.00195995139084
0.00202261277178
0.00208440826762
0.00214518818997
0.00220475533077
0.00226286409588
0.00231921977972
0.00237347706903
0.00242523685853
0.00247404040978
0.00251935975983
0.002560583051
0.00259699305636
0.00262773654447
0.00265178115547
0.0026678549977
0.00267436200913
0.00266926300605
0.00264990806572
0.00261280071893
0.00255327041678
0.00246503484009
0.00233967401695
0.0021661933227
0.00193134356691
0.00162269955735
0.0012391117789
0.000813079649558
0.000427065218633
0.00016725796154
4.43845202388e-05
7.58509014526e-06
1.22810005598e-05
0.000986933994799
0.00100578488655
0.0010400299703
0.00108611253825
0.00114077800946
0.0012012876317
0.00126547739113
0.00133172277219
0.00139886037516
0.00146609808549
0.00153292971342
0.00159906040059
0.00166434419378
0.00172873308608
0.00179223613924
0.00185488723072
0.00191672011138
0.00197774963113
0.00203795812187
0.00209728600562
0.00215562572982
0.00221281813755
0.00226865037182
0.00232285439835
0.00237510520923
0.00242501773273
0.00247214140279
0.00251595120841
0.00255583381021
0.00259106692401
0.00262078955473
0.00264395971083
0.00265929478587
0.00266518765107
0.00265958840919
0.00263983752453
0.00260243094748
0.00254269398312
0.00245434605953
0.00232897957963
0.00215563239274
0.00192112638477
0.00161317684529
0.00123086539132
0.000806894254275
0.000423441944716
0.000165753116138
4.39788493084e-05
7.52022435098e-06
1.22022708897e-05
0.00103307746456
0.00105190457391
0.00108611052216
0.00113213902874
0.00118671887171
0.00124707653552
0.00131099991786
0.00137681016543
0.0014432902484
0.00150960091349
0.00157519964708
0.0016397689601
0.00170315549458
0.00176531937163
0.00182629253087
0.00188614477026
0.00194495637174
0.00200279640061
0.00205970591622
0.00211568540862
0.0021706857877
0.00222460221584
0.00227727001165
0.00232846177675
0.00237788481657
0.00242517783759
0.00246990579409
0.00251155160123
0.00254950318998
0.0025830339967
0.00261127437842
0.0026331705128
0.00264742592518
0.002652418674
0.0026460841733
0.00262574945631
0.00258789969321
0.00252785411438
0.00243933432423
0.00231394991395
0.00214078438629
0.00190675991893
0.00159979002211
0.0012192812384
0.000798216526695
0.000418366348719
0.00016364719371
4.34113255642e-05
7.42942441647e-06
1.20917052545e-05
0.00108785555722
0.00110663853343
0.00114077405252
0.00118671690253
0.0012411871588
0.00130137973313
0.0013650324957
0.00143040583523
0.00149621930705
0.00156157461188
0.00162588008901
0.00168878299007
0.00175011111055
0.00180982330049
0.00186796771665
0.00192464665938
0.00197998704919
0.00203411583976
0.00208713984824
0.00213912958154
0.00219010664916
0.0022400342961
0.0022888104832
0.00233626280854
0.00238214441582
0.00242612988198
0.00246780990885
0.00250668344407
0.00254214558838
0.00257346925422
0.00259977794458
0.00262000610786
0.00263284213677
0.00263664700756
0.00262933855571
0.00260822728999
0.00256978479275
0.0025093223582
0.0024205638988
0.00229514020522
0.00212219195145
0.00188876750056
0.00158302973678
0.00120479195219
0.000787381175755
0.000412041330035
0.000161026331219
4.27053300725e-05
7.31637947483e-06
1.19534554212e-05
0.00114857703816
0.00116727797153
0.00120128201892
0.00124707285037
0.00130137798285
0.00136137236554
0.00142474975184
0.0014897100041
0.00155490449248
0.00161936707108
0.00168244517639
0.00174373718973
0.00180303768727
0.00186029017996
0.0019155462878
0.00196893028202
0.00202060816559
0.00207076074222
0.00211956035202
0.00216715108911
0.0022136323561
0.00225904556076
0.00230336363893
0.00234648291509
0.00238821660768
0.00242828906334
0.00246632956599
0.00250186430279
0.00253430475023
0.00256293031932
0.0025868624904
0.00260502676164
0.0026160973714
0.00261841772415
0.00260988651152
0.0025877955227
0.002548600453
0.00248760294378
0.0023985291194
0.00227303428996
0.00210032639432
0.00186760306159
0.00156332209856
0.00118777487544
0.000774682145511
0.000404646263288
0.000157966961486
4.18816313805e-05
7.18435660745e-06
1.17911342425e-05
0.00121313843403
0.00123169744066
0.00126547050203
0.00131099486661
0.00136502931187
0.00142474828378
0.0014878147774
0.00155237493756
0.00161701254417
0.00168068872326
0.00174268057562
0.00180252464573
0.00185996686942
0.00191491866863
0.00196741819832
0.00201759573095
0.0020656424084
0.00211178189735
0.00215624475268
0.00219924547948
0.00224096237074
0.00228152018509
0.00232097562629
0.00235930540781
0.00239639645061
0.00243203748504
0.00246591102002
0.00249758430243
0.00252649749914
0.00255194685111
0.00257305990143
0.0025887589775
0.00259770775193
0.00259823371119
0.0025882164872
0.00256492812068
0.00252480683566
0.00246314320292
0.00237366535915
0.00224805589804
0.00207559891051
0.00184366197884
0.00154103856548
0.00116856015558
0.000760378046805
0.000396339715369
0.000154536806067
4.09586408688e-05
7.03624430751e-06
1.16078863972e-05
0.00127997997998
0.00129831401821
0.00133171500037
0.00137680411731
0.00143040155896
0.00148970737907
0.00155237374986
0.00161650605103
0.00168062648802
0.00174362305377
0.00180469643939
0.00186331049142
0.00191914783428
0.00197207038539
0.00202208382013
0.00206930500079
0.00211393161531
0.00215621358606
0.00219642610496
0.00223484438175
0.00227172033233
0.00230726147744
0.00234161226639
0.00237483789347
0.00240691044472
0.0024376969143
0.00246694827179
0.00249428835225
0.00251920086847
0.00254101228228
0.00255886755678
0.00257169484337
0.00257815378535
0.00257656013968
0.0025647766029
0.00254005595672
0.0024988183779
0.00243634247939
0.00234635829003
0.00222057806276
0.002048369932
0.00181729008186
0.00151650418778
0.00114743757488
0.000744696861974
0.000387261899527
0.000150795807894
3.99526563903e-05
6.87459304623e-06
1.14064486588e-05
0.00134799904121
0.0013660036801
0.00139885208193
0.00144328354671
0.00149621426014
0.00155490100865
0.0016170104422
0.00168062554865
0.00174421817373
0.00180660751295
0.00186691585498
0.00192452673075
0.00197904702711
0.00203027284781
0.00207815823399
0.0021227857793
0.00216433837666
0.00220307163524
0.00223928681252
0.00227330436599
0.00230543841771
0.0023359725273
0.0023651371777
0.00239308928922
0.00241989389163
0.00244550780333
0.00246976479797
0.00249236128493
0.00251284098906
0.00253057646574
0.00254474448448
0.00255429126995
0.00255788216619
0.00255382829631
0.00253998001112
0.00251357326014
0.00247101097923
0.00240755977637
0.00231695177927
0.00219093109486
0.00201895701368
0.00178879124294
0.00149000457566
0.00112466238406
0.000727840052857
0.000377536893787
0.000146797000881
3.88780921799e-05
6.70165294789e-06
1.11892018941e-05
0.00141645378958
0.00143400727414
0.00146608957836
0.00150959385423
0.0015615690756
0.00161936299271
0.00168068595299
0.00174362140198
0.0018066067813
0.00186840156005
0.00192805212463
0.00198485810901
0.00203834161541
0.0020882191573
0.00213437550012
0.00217683846093
0.00221575388618
0.00225136029845
0.0022839629992
0.00231390768623
0.00234155386605
0.00236724849397
0.00239130034879
0.0024139556318
0.00243537516348
0.00245561332785
0.00247459857767
0.00249211486002
0.00250778274434
0.00252103831783
0.00253110701977
0.00253696844614
0.00253730664942
0.00253043841461
0.00251420921737
0.00248584299916
0.00244172808655
0.00237712026336
0.00228575460751
0.00215940935188
0.00198764151386
0.00175843380325
0.00146179181586
0.00110046029885
0.000709986143394
0.000367274630379
0.000142587308863
3.77476920151e-05
6.51940832387e-06
1.09582160643e-05
0.00148487328295
0.00150184217248
0.00153292124023
0.00157519247256
0.00162587429723
0.00168244072649
0.00174267734755
0.00180469427229
0.00186691457494
0.00192805156226
0.00198708284621
0.00204322509753
0.00209591075921
0.00214476658745
0.00218959326686
0.00223034519863
0.00226710966711
0.00230008481737
0.00232955614579
0.00235587147105
0.00237941458843
0.00240057799808
0.0024197352248
0.00243721329926
0.00245326593337
0.00246804778
0.00248158990146
0.0024937761652
0.00250431972118
0.00251273797138
0.00251832348314
0.00252010706454
0.0025168076123
0.00250676121316
0.00248781916888
0.00245720109675
0.00241128566322
0.00234532069688
0.00225304611474
0.00212627694452
0.00195467422949
0.00172645599802
0.00143208948165
0.00107503176223
0.000691293820906
0.000356572657351
0.000138208266795
3.65727230085e-05
6.32960881152e-06
1.07152890317e-05
0.00155298015901
0.00156922585495
0.00159905215193
0.0016397618607
0.00168877713023
0.00174373255023
0.00180252113429
0.00186330797472
0.00192452505868
0.00198485713097
0.00204322467212
0.00209876703937
0.00215082680591
0.00219893517534
0.0022427977924
0.00228228009991
0.00231739144497
0.00234826731107
0.00237514928131
0.00239836258096
0.00241829127991
0.00243535143977
0.00244996265309
0.00246251852938
0.00247335671865
0.00248272900718
0.00249077184728
0.00249747736358
0.00250266437963
0.00250594829471
0.00250670766697
0.00250404406511
0.00249673005011
0.00248313791681
0.00246113894179
0.00242795937573
0.00237997600184
0.00231243377044
0.00221908083322
0.00209177246882
0.00192028009242
0.00169307049145
0.00140109683663
0.00104855554494
0.000671904588981
0.000345517674739
0.00013369665982
3.53631483461e-05
6.13379696398e-06
1.04619797738e-05
0.00162062717768
0.00163601272537
0.00166433630923
0.00170314861423
0.00175010532835
0.00180303300283
0.00185996321591
0.00191914510433
0.00197904509349
0.00203834034588
0.00209591002612
0.00215082649173
0.00220234712045
0.00224990662004
0.00229310920948
0.00233171988348
0.00236565397681
0.00239496436013
0.00241982577634
0.00244051603389
0.00245739398709
0.00247087443724
0.00248140026835
0.0024894122746
0.00249531722845
0.00249945475886
0.00250206353064
0.00250324700271
0.00250293864955
0.00250086590315
0.00249651114917
0.00248906681878
0.00247737986588
0.00245987860113
0.0024344718826
0.00239840712712
0.00234807032261
0.00227871138201
0.00218409213378
0.00205611281902
0.0018846619985
0.00165846809974
0.00136899230618
0.00102119174067
0.000651945000842
0.000334186851075
0.000129085078986
3.41277782787e-05
5.93333226216e-06
1.01996365245e-05
0.00168774672132
0.00170214334663
0.00172872566182
0.00176531281445
0.00180981770572
0.00186028556301
0.00191491498545
0.0019720675526
0.00203027075987
0.00208821769971
0.00214476564604
0.00219893464221
0.00224990639695
0.00229702325101
0.00233978665117
0.00237785441066
0.00241103600194
0.00243928518603
0.00246268940193
0.00248145550072
0.00249589159026
0.00250638494516
0.00251337611688
0.00251732953957
0.00251870105406
0.00251790284932
0.00251526632143
0.00251100324107
0.00250516534839
0.00249760199539
0.00248791464629
0.00247540583192
0.00245901842654
0.00243725876574
0.00240809408672
0.00236881119637
0.00231582008373
0.002244386784
0.00214829488627
0.0020194961091
0.00184800381586
0.00162282075783
0.00133593627202
0.000993084201789
0.000631528500465
0.000322648929384
0.000124402394984
3.28743995083e-05
5.72941163088e-06
9.92942034271e-06
0.0017543116453
0.00176760457521
0.00179222923551
0.00182628636787
0.00186796238895
0.00191554182356
0.00196741457333
0.0020220809727
0.00207815607878
0.00213437393953
0.00218959219983
0.00224279712053
0.00229310884103
0.00233978650334
0.00238223268978
0.00241999651492
0.0024527746613
0.00248040965601
0.00250288474601
0.00252031483553
0.0025329330875
0.0025410729502
0.00254514553667
0.00254561244533
0.00254295425293
0.00253763502074
0.00253006321155
0.00252054938891
0.00250926091291
0.00249617348937
0.00248101877788
0.00246322619922
0.00244185547153
0.00241551411467
0.00238225113107
0.0023394144871
0.00228345691735
0.00220967555892
0.00211188711006
0.00198210370749
0.00181047259736
0.00158628376697
0.00130207323188
0.000964362453855
0.000610756897844
0.000310965134449
0.000119674153358
3.16098837448e-05
5.52308662761e-06
9.65232460686e-06
0.00182030576132
0.0018323989802
0.00185488087877
0.00188613904533
0.00192464165348
0.00196892603305
0.00201759223139
0.00206930220811
0.00212278362658
0.00217683686643
0.00223034407388
0.00228227935584
0.0023317194348
0.00237785417879
0.00241999642958
0.00245759051564
0.0024902187895
0.00251760550135
0.00253961732658
0.00255625991169
0.00256766988853
0.00257410192459
0.00257591051528
0.00257352637078
0.00256742739112
0.00255810434527
0.00254602145697
0.00253157212819
0.00251502996153
0.0024964950145
0.00247583473558
0.00245261816555
0.0024260405766
0.00239483360499
0.00235715302288
0.00231043279491
0.00225119109579
0.00217477534388
0.00207505056709
0.00194410136581
0.00177222000089
0.00154899734282
0.00126753335294
0.000935143119599
0.000589721502847
0.000299189894317
0.000114922895743
3.03402765824e-05
5.31527752463e-06
9.36919094146e-06
0.00188570233853
0.00189652204773
0.00191671431964
0.00194495110697
0.00197998239944
0.00202060417561
0.00206563908423
0.00211392893085
0.00216433628141
0.00221575231305
0.00226710853956
0.00231739068298
0.00236565350154
0.00241103573904
0.00245277454305
0.00249021875608
0.00252284046774
0.00255024417248
0.00257217283987
0.00258851019402
0.0025992785257
0.00260463142536
0.00260484092225
0.00260027863218
0.00259139064077
0.00257866596653
0.00256259854193
0.0025436427043
0.00252216217159
0.00249837234314
0.00247227543135
0.0024435872702
0.00241165349149
0.0023753509196
0.00233296738753
0.00228204991005
0.00221920843244
0.0021398642112
0.00203795022722
0.00190563940027
0.00173338290174
0.00151108746791
0.00123243343655
0.000905530877262
0.000568503940788
0.000287371389899
0.000110168412567
2.90708681116e-05
5.10678454373e-06
9.08072209747e-06
0.00195044915541
0.00195994582571
0.00197774439058
0.00200279160094
0.00203411156395
0.00207075703934
0.00211177878396
0.00215621104973
0.00220306963979
0.00225135879001
0.00230008373053
0.00234826657455
0.00239496390142
0.00243928493508
0.00248040954776
0.00251760547739
0.00255024418197
0.00257781471919
0.00259993497615
0.00261635951555
0.00262698327271
0.00263184034202
0.00263109713399
0.0026250392574
0.00261405157343
0.00259859096481
0.00257915144613
0.00255622129508
0.00253023188599
0.00250149782275
0.00247014773687
0.00243604463398
0.00239869378037
0.00235713462434
0.00230981099499
0.00225441096979
0.00218766553313
0.00210509760287
0.00200073251695
0.00186685186275
0.00169408316182
0.0014726660372
0.00119687730184
0.000875618972631
0.000547176671177
0.000275551946692
0.000105427932973
2.78062468159e-05
4.8982965245e-06
8.78749232942e-06
0.00201445876854
0.00202260779361
0.00203795341074
0.0020597015734
0.002087135951
0.00211955695154
0.00215624187324
0.00219642374513
0.00223928494826
0.00228396158834
0.00232955513319
0.00237514860395
0.00241982536795
0.00246268919678
0.00250288468178
0.00253961734639
0.00257217289351
0.00259993502069
0.0026224011686
0.00263919547797
0.00265007814628
0.00265495031797
0.00265385362006
0.00264696347055
0.00263457533061
0.00261708312983
0.00259494914964
0.00256866468297
0.00253870078005
0.00250544831489
0.00246914642388
0.00242979800388
0.00238707028848
0.00234017737633
0.00228773981682
0.00222761410227
0.00215668334077
0.00207060371786
0.00196352224816
0.0018278546197
0.00165442650291
0.00143383027157
0.00116095558649
0.000845489300142
0.000525803230177
0.000263768282877
0.000100716258037
2.65503383939e-05
4.69039732437e-06
8.48995584779e-06
0.00207760277237
0.00208440383512
0.00209728179338
0.0021156815047
0.00213912605721
0.0021671479959
0.00219924284692
0.0022348422169
0.00227330265484
0.00231390639677
0.00235587055739
0.00239836198786
0.00244051570112
0.00248145536689
0.00252031484118
0.00255626000158
0.00258851031866
0.00261635963209
0.00263919555061
0.00265651679419
0.00266794767611
0.00267324880943
0.00267232303393
0.00266521550509
0.00265210686625
0.00263329842717
0.00260918828189
0.00258023729411
0.00254692383694
0.00250968607361
0.00246885037962
0.0024245441897
0.00237659103033
0.00232438465224
0.00226673790775
0.00220170048229
0.00212633896085
0.00203647726498
0.00192641811763
0.00178874224211
0.00161450041528
0.00139466136253
0.00112474495682
0.000815212066312
0.000504438217384
0.000252051628487
9.60458436063e-05
2.53064312296e-05
4.48357026705e-06
8.18845397649e-06
0.00213970891234
0.00214518425776
0.00215562198054
0.00217068229804
0.00219010348439
0.00221362956673
0.00224095998953
0.00227171837259
0.00230543687344
0.00234155271386
0.00237941379068
0.00241829078854
0.0024573937477
0.00249589154579
0.00253293318145
0.00256767006744
0.00259927874093
0.00262698348157
0.00265007831267
0.00266794777066
0.00268008569263
0.00268611111774
0.00268578024933
0.0026789932971
0.00266579492057
0.00264636692395
0.00262101179545
0.00259012562144
0.00255415881167
0.00251356292026
0.00246872161553
0.0024198635159
0.00236695413781
0.00230956355241
0.00224670551037
0.00217664301294
0.00209665581917
0.00200277152399
0.0018894866721
0.0017495836002
0.00157437102066
0.00135522230175
0.00108830671532
0.000784845048965
0.00048312704897
0.000240427731287
9.14268394597e-05
2.40771903415e-05
4.27820098112e-06
7.88322172011e-06
0.00220055999135
0.00220475185225
0.00221281481264
0.00222459911162
0.00224003147206
0.0022590430655
0.0022815180529
0.00230725972596
0.00233597115676
0.0023672474881
0.00240057732644
0.00243535106092
0.0024708743023
0.0025063850014
0.00254107314417
0.00257410220476
0.00260463174408
0.0026318406569
0.00265495059266
0.00267324901401
0.00268611122868
0.00269302055882
0.00269358561795
0.00268755347233
0.00267481728408
0.00265541687424
0.00262953050118
0.00259745600612
0.00255957930786
0.00251632800362
0.00246810752347
0.00241521687685
0.00235774052096
0.00229541230204
0.00222744688079
0.00215233395018
0.00206759228406
0.00196948870514
0.00185275465043
0.0017104160548
0.0015340788007
0.00131555484355
0.00105168479274
0.000754432468794
0.000461905502396
0.000228916766606
8.68670921226e-05
2.28646618052e-05
4.07457900566e-06
7.57439454603e-06
0.00225989357924
0.00226286102544
0.00226864743228
0.00227726726202
0.0022888079776
0.00230336142345
0.00232097373551
0.0023416107207
0.00236513598196
0.00239129949252
0.00241973468374
0.00244996239176
0.00248140024313
0.0025133762793
0.00254514583643
0.00257591090294
0.00260484135135
0.00263109756256
0.00265385401161
0.00267232335803
0.0026857804817
0.00269358574036
0.00269520651076
0.00269023583438
0.00267840673599
0.00265960053326
0.00263384721123
0.00260131568931
0.00256229153784
0.00251713937662
0.00246624677352
0.00240994593804
0.002348408885
0.00228151111183
0.0022086584176
0.00212857189214
0.00203902898101
0.00193656866279
0.00181619964693
0.00167123814578
0.00149363309987
0.00127567554661
0.00101490311597
0.000724003496561
0.00044079908329
0.000217533171005
8.23721195912e-05
2.16702698893e-05
3.8728985918e-06
7.26201632023e-06
0.00231740159619
0.00231921707434
0.00232285180637
0.00232845935052
0.00233626059728
0.00234648096206
0.00235930374699
0.00237483654674
0.00239308826473
0.00241395492365
0.00243721288843
0.00246251838572
0.00248941235942
0.00251732980856
0.00254561285145
0.00257352686688
0.00260027917316
0.00262503980189
0.00264696398209
0.00266521595279
0.00267899365597
0.00268755372328
0.00269023596394
0.00268648629984
0.00267587678998
0.00265812105635
0.00263308307569
0.00260077693612
0.00256135476287
0.00251507956338
0.00246227919412
0.00240327697907
0.00233829372366
0.00226731507894
0.0021899177436
0.00210504865591
0.00201075513336
0.00190387610333
0.0017797390904
0.0016320006999
0.0014530053196
0.00123557084785
0.000977962352925
0.000693570431453
0.000419822253755
0.000206285423776
7.79450677342e-05
2.04948095425e-05
3.67325920549e-06
6.94604950775e-06
0.00237272888299
0.00237347468927
0.0023751029294
0.00237788268351
0.00238214247436
0.00238821489815
0.00239639500575
0.00240690928698
0.00241989303136
0.00243537459829
0.00245326564862
0.00247335668889
0.00249531741957
0.00251870142583
0.00254295476164
0.00256742799207
0.00259139129046
0.00261405223131
0.00263457596039
0.00265210743676
0.00266579540616
0.0026748176648
0.00267840699741
0.00267587692289
0.00266664605912
0.00265025953534
0.00262640544442
0.00259492384465
0.00255580528386
0.00250917521054
0.00245525992057
0.00239432883223
0.00232660688292
0.00225214981434
0.00217067443948
0.00208133665566
0.00198245437429
0.00187118652952
0.00174321760659
0.00159259632254
0.00141212074331
0.00119519113926
0.000940836057101
0.000663126606886
0.000398977575257
0.000195175806827
7.3586660548e-05
1.93384375053e-05
3.47566635159e-06
6.62638896497e-06
0.00242546988079
0.00242523476913
0.00242501573281
0.00242517596938
0.00242612818642
0.00242828757786
0.00243203624078
0.00243769593356
0.00244550709782
0.00245561289779
0.00246804761433
0.00248272908457
0.00249945504942
0.00251790331676
0.00253763562473
0.00255810504373
0.00257866671782
0.00259859172944
0.00261708387192
0.0026332991154
0.00264636753215
0.00265541738164
0.00265960092449
0.00265812132119
0.00265025966832
0.00263540082812
0.0026130562185
0.00258288115136
0.00254468363509
0.00249842077808
0.00244417801851
0.00238212532615
0.00231244326618
0.00223521048398
0.00215024316697
0.00205687747917
0.0019536905907
0.00183817128435
0.00170639293132
0.00155284730683
0.00137084897903
0.00115444385877
0.000903466274381
0.000632644115195
0.000378254841705
0.000184200184222
6.92951604041e-05
1.82006663634e-05
3.28003351497e-06
6.30288090878e-06
0.0024751624994
0.00247403857982
0.00247213965402
0.00246990416488
0.00246780843669
0.00246632828551
0.00246590996055
0.00246694745502
0.00246976423627
0.00247459827318
0.00248158984598
0.00249077202303
0.00250206391157
0.00251526687501
0.00253006390084
0.00254602224272
0.00256259938456
0.00257915230751
0.00259494999455
0.00260918907907
0.00262101251836
0.00262953112838
0.00263384772642
0.00263308346764
0.00262640570661
0.00261305634875
0.00259237916321
0.00256384390003
0.0025270642787
0.00248180597878
0.00242797964346
0.00236561257314
0.00229479122718
0.00221556495679
0.00212779995767
0.00203097243944
0.00192389447969
0.00180438219808
0.00166892067603
0.00151249210383
0.00132899309358
0.00111318568259
0.000865758746888
0.000602071501791
0.000357630314934
0.000173347859949
6.50663608939e-05
1.70803675674e-05
3.08618628156e-06
5.97534893338e-06
0.00252127812982
0.00251935816268
0.00251594968566
0.00251155018798
0.00250668217471
0.00250186320934
0.0024975834123
0.00249428768621
0.00249236085552
0.00249211467066
0.00249377620997
0.00249747762771
0.00250324746358
0.00251100386975
0.0025205501518
0.00253157298896
0.0025436436257
0.00255622224061
0.00256866561836
0.00258023818846
0.00259012644803
0.00259745674295
0.00260131631928
0.00260077744702
0.00259492422892
0.00258288140578
0.00256384402521
0.00253710622403
0.00250208655685
0.00245834625848
0.00240559552355
0.00234368129358
0.00227254814572
0.00219216176063
0.00210238249161
0.00200277596652
0.00189235163076
0.00176923651008
0.00163033842568
0.00147117066415
0.00128627766104
0.00107121404368
0.000827577973863
0.000571331677157
0.000337066233605
0.000162601600228
6.08936451901e-05
1.59757921552e-05
2.89387010105e-06
5.64362920939e-06
0.00256320651798
0.00256058166396
0.00255583249183
0.00254950197249
0.00254214450341
0.00253430382734
0.00252649676383
0.00251920034036
0.00251284068051
0.00250778265956
0.002504319856
0.00250266472178
0.00250293917949
0.00250516604046
0.00250926173681
0.00251503088393
0.00252216315773
0.0025302329013
0.00253870179153
0.00254692481434
0.00255415972837
0.0025595801415
0.00256229227065
0.00256135538175
0.00255580578025
0.00254468400468
0.00252706452108
0.00250208667504
0.00246898487985
0.00242711494882
0.00237597206511
0.00231519407315
0.00224454154904
0.00216384353251
0.00207289524919
0.00197129281597
0.00185819310778
0.00173200294506
0.00159004989025
0.00142840921185
0.00124233619283
0.00102825843427
0.000788742598937
0.000540320452357
0.000316510858355
0.000151937949316
5.67681586545e-05
1.48846220538e-05
2.70276372524e-06
5.30761714329e-06
0.00260023381286
0.00259699186028
0.00259106579155
0.00258303295753
0.00257346833748
0.00256292955226
0.00255194625734
0.00254101188019
0.00253057626723
0.00252103832753
0.00251273818641
0.00250594870485
0.00250086649149
0.0024976027393
0.00249617436166
0.00249649598482
0.00249837337941
0.00250149889256
0.00250544938681
0.00250968711837
0.00251356391164
0.00251632891918
0.0025171401981
0.00251508027692
0.00250917580665
0.00249842125144
0.00248180632793
0.0024583464854
0.00242711505851
0.00238727473496
0.00233810457249
0.00227901688442
0.00220955583197
0.00212936655408
0.00203812047352
0.00193538021708
0.00182038971768
0.00169179009835
0.00154731016185
0.00138360538133
0.00119669880304
0.000983972330404
0.000749021929228
0.000508906347003
0.000295899453122
0.000141328030088
5.26791672732e-05
1.38040707849e-05
2.51250112444e-06
4.96732761106e-06
0.00263151146167
0.00262773552324
0.00262078859254
0.00261127350263
0.00259977718205
0.00258686186624
0.00257305943743
0.00255886727
0.00254474438619
0.00253110711473
0.00251832376935
0.00250670813585
0.00249651178607
0.00248791543124
0.0024810196866
0.00247583574065
0.00247227650339
0.00247014884582
0.00246914754017
0.00246885147527
0.00246872266507
0.00246810850466
0.00246624766789
0.00246227998725
0.00245526060216
0.00244417858228
0.00242798008694
0.00240559584771
0.00237597227392
0.00233810467254
0.00229106981349
0.00223405321956
0.00216636399173
0.0020874266715
0.00199673586831
0.00189375626241
0.00177775145298
0.00164753867631
0.00150121360593
0.00133601519859
0.00114878156094
0.000937927173579
0.000708134909321
0.000476932676887
0.00027515679497
0.000130739105294
4.86147039604e-05
1.27310602433e-05
2.32270561891e-06
4.62297011618e-06
0.00265601264376
0.00265178029551
0.00264395890567
0.00263316978767
0.0026200054875
0.00260502626916
0.00258875863294
0.00257169466249
0.00255429126324
0.00253696861824
0.00252010741405
0.00250404458471
0.00248906749566
0.00247540664843
0.00246322713373
0.00245261919338
0.00244358836466
0.00243604576746
0.00242979914887
0.00242454531982
0.00241986460674
0.00241521790674
0.00240994688857
0.00240327783551
0.00239432958367
0.00238212596549
0.00236561309696
0.00234368170185
0.00231519436887
0.00227901707319
0.00223405330917
0.0021792775844
0.00211376261649
0.00203669122297
0.00194733975732
0.00184501601456
0.00172893401947
0.00159801972632
0.00145068663332
0.00128474422332
0.00109787989824
0.000889610753547
0.000665753634278
0.000444223423091
0.000254202051881
0.000120137277897
4.45626404321e-05
1.16625092151e-05
2.1330409008e-06
4.27503844774e-06
0.00267247146107
0.00266785428753
0.00265929412646
0.00264742533982
0.00263284164826
0.00261609700094
0.00259770751793
0.00257815370225
0.00255788224364
0.00253730689178
0.00251680801849
0.00249673061374
0.00247738057562
0.00245901926672
0.00244185642283
0.00242604161687
0.00241165459662
0.00239869492519
0.00238707144769
0.00237659217935
0.00236695525359
0.00235774158271
0.00234840987473
0.0023382946266
0.0023266076878
0.00231244396527
0.00229479181625
0.00227254862381
0.0022445419182
0.00220955609684
0.00216636415918
0.00211376269519
0.00205060638771
0.00197583526233
0.00188848382885
0.0017876568736
0.00167245493687
0.00154184190501
0.00139448873973
0.00122874647558
0.00104316984402
0.000838433686619
0.00062151454782
0.000410595008207
0.000232957141764
0.000109491809366
4.05123544046e-05
1.05957769648e-05
1.94328415855e-06
3.9244111658e-06
0.00267929792642
0.00267436143884
0.00266518712774
0.00265241821905
0.00263664664198
0.0026184174674
0.0025982335801
0.00257656014741
0.00255382845165
0.00253043872152
0.00250676167067
0.00248313851917
0.00245987933818
0.00243725962344
0.00241551507569
0.00239483464941
0.00237535202569
0.0023571357693
0.00234017853707
0.00232438580613
0.00230956467799
0.00229541337969
0.00228151212428
0.00226731601173
0.00225215065611
0.00223521122661
0.00221556559542
0.00219216229352
0.00216384396082
0.00212936688155
0.0020874269041
0.00203669136848
0.00197583532995
0.0019035780542
0.00181871227551
0.00172011452197
0.00160672243037
0.00147747226291
0.0013312270695
0.00116683688822
0.000983723040528
0.00078374964357
0.000575041855002
0.000375876779718
0.000211359902112
9.87815834185e-05
3.64571697735e-05
9.52930586816e-06
1.75342582979e-06
3.57245417203e-06
0.00267445865546
0.00266926256704
0.00265958801347
0.00264608384061
0.00262933830531
0.00260988636124
0.0025882164524
0.00256477669553
0.00253998023907
0.00251420958413
0.00248781967343
0.00246113957883
0.00243447264286
0.00240809495744
0.00238225209657
0.00235715406522
0.00233296848708
0.00230981213114
0.00228774096863
0.00226673905456
0.00224670663246
0.00222744795992
0.0022086594375
0.00218991869042
0.00217067530208
0.00215024393712
0.00212780063012
0.00210238306402
0.00207289572197
0.0020381208496
0.00199673615279
0.00194733995712
0.00188848395236
0.00181871233217
0.00173660382859
0.00164081001138
0.00153008119692
0.00140327723591
0.00125939286005
0.00109772652629
0.000918544906811
0.000724897746875
0.000525989292022
0.000339943500191
0.000189383373964
8.8004141329e-05
3.23976923486e-05
8.46349022032e-06
1.56379720418e-06
3.22110985958e-06
0.00265530887006
0.00264990775027
0.00263983724889
0.00262574923859
0.00260822714787
0.0025877954725
0.00256492817635
0.00254005612905
0.00251357355616
0.00248584342184
0.00245720164495
0.00242796004439
0.00239840790761
0.00236881207698
0.00233941545351
0.00231043383081
0.00228205099766
0.00225441209047
0.00222761523706
0.00220170161246
0.00217664412052
0.00215233501843
0.00212857290602
0.00210504960243
0.00208133752418
0.00205687826164
0.00203097313049
0.00200277656344
0.00197129331861
0.00193538062767
0.0018937565853
0.00184501625588
0.00178765704093
0.00172011462397
0.00164081005747
0.0015482073163
0.00144088026739
0.00131759397199
0.00117743322151
0.00102009557534
0.000846650600469
0.00066127924469
0.000474107867742
0.000302762972819
0.000167061900968
7.71873017626e-05
2.83459850479e-05
7.40174812215e-06
1.3752192105e-06
2.87295000038e-06
0.00261835611302
0.00261280052002
0.00260243078504
0.00258789958383
0.00256978475262
0.00254860049701
0.00252480697646
0.00249881862521
0.00247101133924
0.00244172856168
0.00241128625214
0.00237997669963
0.00234807112113
0.00231582097206
0.00228345788228
0.00225119212236
0.00221920950445
0.00218766663365
0.00215668445263
0.00212634006711
0.00209665690355
0.00206759333137
0.00203902997753
0.00201075606714
0.00198245523545
0.00195369137164
0.00192389517515
0.00189235223793
0.00185819362618
0.00182039014903
0.001777751801
0.00172893428961
0.00167245513596
0.00160672256634
0.00153008127843
0.00144088030353
0.00133757060605
0.00121884777702
0.00108387995179
0.000932728235001
0.000767201147057
0.000592484813819
0.000419347500957
0.000264460154905
0.000144523052911
6.64024403522e-05
2.43301519088e-05
6.35167191615e-06
1.18915130803e-06
2.53116425955e-06
0.00255893198502
0.00255327032772
0.00254269392732
0.00252785410699
0.00250932241401
0.00248760307633
0.00246314342367
0.00243634279702
0.00240756019628
0.00237712078747
0.00234532132361
0.00231243449492
0.00227871219646
0.00224438767814
0.00220967652043
0.00217477635894
0.00213986526493
0.00210509867982
0.00207060480244
0.00203647834184
0.00200277257845
0.0019694897235
0.00193656963268
0.00190387701393
0.00187118737188
0.00183817205149
0.00180438288514
0.00176923711438
0.00173200346601
0.00169179053738
0.0016475390367
0.00159802001295
0.00154184212409
0.00147747242168
0.00140327734235
0.00131759403448
0.00121884780407
0.00110574209734
0.000977570271099
0.000834746951348
0.000679731664984
0.000518491627355
0.00036199723896
0.000225394220833
0.00012202101136
5.5776869601e-05
2.03982898586e-05
5.32597323982e-06
1.00779834963e-06
2.19945722967e-06
0.00247075316021
0.00246503485408
0.00245434610365
0.00243933441227
0.00242056404421
0.00239852933446
0.00237366565419
0.00234635867276
0.00231695225437
0.00228575517637
0.00225304677554
0.00221908158112
0.00218409296128
0.00214829578358
0.00211188806564
0.00207505156806
0.00203795125984
0.00200073356704
0.00196352330151
0.00192641916033
0.0018894876909
0.00185275563304
0.00181620058227
0.00177973996886
0.00174321842017
0.00170639367386
0.00166892134322
0.00163033901517
0.00159005040157
0.00154731059636
0.00150121396664
0.00145068692472
0.00139448896753
0.00133122724037
0.00125939298133
0.00117743330093
0.00108387999717
0.000977570290135
0.000858015103463
0.000725999273436
0.000584509997389
0.000439944210961
0.000302857145303
0.000186235138721
9.99617376964e-05
4.55005417905e-05
1.66200132801e-05
4.34275286389e-06
8.34110841007e-07
1.88183879346e-06
0.00234539299682
0.0023396741261
0.00232897971583
0.00231395008966
0.00229514043259
0.00227303458007
0.00224805626013
0.00222057850366
0.00219093161852
0.00215940995923
0.00212627763351
0.00209177323461
0.00205611365433
0.00201949700462
0.00198210465233
0.00194410234793
0.00190564040694
0.00186685288092
0.00182785563638
0.0017887432447
0.00174958457676
0.00171041699436
0.0016712390385
0.00163200153732
0.00159259709771
0.00155284801443
0.00151249274026
0.00147117122754
0.00142840970203
0.00138360579975
0.00133601554819
0.00128474450836
0.00122874670139
0.00116683706102
0.00109772665287
0.00102009566281
0.000932728290541
0.000834746981964
0.000725999285736
0.00060765791138
0.000483049768359
0.000358504390541
0.000243407317358
0.000148010469117
7.89040116375e-05
3.58203237473e-05
1.30832280571e-05
3.42451763433e-06
6.71604852719e-07
1.58231772283e-06
0.00217183950485
0.00216619351588
0.00215563260989
0.00214078463851
0.00212219224964
0.00210032674836
0.00207559932859
0.00204837042006
0.00201895757501
0.00198764214894
0.00195467493604
0.00192028086564
0.00188466283133
0.00184800469943
0.00181047352143
0.00177222095423
0.00173338387255
0.00169408413813
0.0016544274729
0.00161450136756
0.00157437194457
0.0015340796865
0.00149363393896
0.00145300610467
0.00141212146845
0.00137084963985
0.00132899368724
0.00128627818626
0.00124233664987
0.00119669919358
0.00114878188798
0.00109788016593
0.00104317005745
0.000983723205516
0.00091854502966
0.00084665068772
0.000767201205253
0.000679731700441
0.000584510015996
0.000483049775399
0.000378721394112
0.000277174938759
0.00018588950005
0.000112075041848
5.95171015286e-05
2.7015293332e-05
9.88424132611e-06
2.59551968045e-06
5.23955441038e-07
1.30454277882e-06
0.00193680557687
0.00193134382553
0.00192112666419
0.0019067602289
0.00188876785065
0.00186760346046
0.00184366243361
0.00181729059759
0.00178879182225
0.00175843444619
0.00172645670212
0.00169307125195
0.00165846890989
0.00162282160925
0.0015862846501
0.00154899824729
0.00151108838293
0.00147266695192
0.00143383117537
0.00139466224529
0.00135522315411
0.00131555565707
0.00127567631395
0.00123557156289
0.0011951917972
0.00115444445621
0.00111318621753
0.00107121451552
0.00102825884374
0.000983972679506
0.000937927465433
0.000889610992242
0.000838433877026
0.000783749791132
0.000724897857392
0.000661279324093
0.000592484867959
0.000518491661798
0.00043994423081
0.000358504400288
0.000277174942162
0.000200345968868
0.000133157201221
7.99508243517e-05
4.24827154512e-05
1.93515063712e-05
7.11139989487e-06
1.87757049927e-06
3.9439985831e-07
1.05146681278e-06
0.00162779107904
0.00162269984876
0.00161317715423
0.00159979035689
0.00158303010551
0.00156332250861
0.00154103902282
0.00151650469648
0.00149000513766
0.0014617924308
0.00143209014691
0.0014010975476
0.00136899305651
0.001335937054
0.00130207403682
0.00126753417151
0.00123243425919
0.00119687811902
0.00116095638899
0.00112474573602
0.00108830746332
0.00105168550258
0.00101490378173
0.000977962969818
0.000940836621554
0.000903466784057
0.000865759200684
0.000827578371883
0.000788742942419
0.000749022220452
0.000708135151476
0.000665753831313
0.00062151470427
0.000575041975799
0.000525989382306
0.000474107932664
0.000419347545501
0.000361997267772
0.00030285716255
0.000243407326619
0.000185889504236
0.000133157202548
8.81486356785e-05
5.30197522942e-05
2.83529490978e-05
1.30254373188e-05
4.82615355714e-06
1.28539506817e-06
2.85106241793e-07
8.25119725713e-07
0.00124352291494
0.00123911205233
0.00123086567886
0.00121928154673
0.00120479228784
0.00118777524423
0.00116856056214
0.00114743802224
0.00112466287338
0.00110046082939
0.00107503233137
0.00104855614842
0.00102119237284
0.000993084855948
0.000964363122568
0.000935143795035
0.00090553155149
0.000875619637884
0.000845489949048
0.000815212692077
0.000784845645531
0.000754433030953
0.000724004020043
0.000693570912981
0.000663127044205
0.000632644507074
0.000602071847995
0.000571331978398
0.000540320710212
0.000508906563821
0.000476932855662
0.000444223567332
0.000410595121787
0.000375876866721
0.000339943564758
0.000302763018999
0.000264460186521
0.00022539424136
0.000186235151197
0.000148010476078
0.0001120750453
7.99508257785e-05
5.30197527036e-05
3.21465946779e-05
1.7411757038e-05
8.11707292176e-06
3.04873671575e-06
8.23292605065e-07
1.96744539374e-07
6.26552619716e-07
0.000816391023176
0.000813079850198
0.000806894465264
0.000798216752869
0.000787381421761
0.000774682415411
0.000760378343704
0.000744697187743
0.00072784040797
0.000709986526894
0.000691294230492
0.000671905021177
0.000651945451225
0.000631528963922
0.000610757368831
0.000589721975639
0.000568504409698
0.000547177130749
0.000525803675347
0.000504438643601
0.000483127452294
0.000461905879568
0.000440799431769
0.000419822571738
0.000398977861676
0.000378255096211
0.000357630537851
0.000337066425876
0.000316511021472
0.000295899589043
0.000275156906025
0.00025420214067
0.000232957211055
0.000211359954734
0.000189383412711
0.000167061928503
0.000144523071686
0.000122021023552
9.99617451624e-05
7.89040158902e-05
5.95171037368e-05
4.24827164625e-05
2.83529494805e-05
1.74117571374e-05
9.60556910762e-06
4.57518447004e-06
1.75520159779e-06
4.84604481359e-07
1.28445783841e-07
4.55962629936e-07
0.000429006791556
0.000427065326217
0.000423442058531
0.000418366471601
0.000412041464648
0.000404646411894
0.000396339879616
0.000387262080306
0.000377537091154
0.000367274843554
0.000356572884788
0.000345517914239
0.000334187099938
0.000322649184564
0.00031096539271
0.000299190152383
0.000287371644577
0.000275552194978
0.000263768522042
0.000252051856141
0.00024042794542
0.000228916965616
0.000217533353712
0.000206285589419
0.000195175955051
0.000184200315058
0.000173347973778
0.000162601697747
0.000151938031491
0.000141328098103
0.000130739160497
0.000120137321747
0.000109491843376
9.87816091014e-05
8.80041601479e-05
7.71873150875e-05
6.64024494231e-05
5.57768755003e-05
4.55005454267e-05
3.58203258491e-05
2.70152944551e-05
1.93515069143e-05
1.30254375484e-05
8.11707300101e-06
4.57518448843e-06
2.24048382893e-06
8.86973817042e-07
2.54126663271e-07
7.81488985107e-08
3.12952219032e-07
0.000168064861457
0.000167258002699
0.000165753159979
0.000163647241429
0.000161026383918
0.00015796702008
0.000154536871203
0.00015079587989
0.000146797079703
0.000142587394132
0.000138208357815
0.000133696755639
0.000129085178453
0.000124402496822
0.000119674256225
0.000114922998299
0.00011016851352
0.000105428031121
0.000100716352303
9.60459330608e-05
9.14269233351e-05
8.68671698219e-05
8.23721906901e-05
7.79451319777e-05
7.35867178428e-05
6.92952108074e-05
6.5066404599e-05
6.08936825092e-05
5.67681899997e-05
5.26791931354e-05
4.86147248883e-05
4.45626570098e-05
4.05123672303e-05
3.64571794392e-05
3.23976994214e-05
2.83459900539e-05
2.43301553201e-05
2.03982920843e-05
1.66200146607e-05
1.30832288643e-05
9.88424176588e-06
7.11140011467e-06
4.8261536556e-06
3.04873675379e-06
1.75520160953e-06
8.86973819387e-07
3.66895070702e-07
1.12184745386e-07
4.31561468648e-08
1.96854195917e-07
4.46020856746e-05
4.43845307182e-05
4.39788605299e-05
4.34113378556e-05
4.2705343733e-05
4.18816466563e-05
4.09586579311e-05
3.99526753205e-05
3.88781129633e-05
3.77477145434e-05
3.65727470893e-05
3.53631737176e-05
3.41278046275e-05
3.2874426488e-05
3.16099109936e-05
3.03403037394e-05
2.90708948306e-05
2.78062727764e-05
2.65503633098e-05
2.53064548549e-05
2.40772124745e-05
2.28646822901e-05
2.16702886168e-05
2.04948264484e-05
1.93384525684e-05
1.82006796022e-05
1.70803790363e-05
1.59758019397e-05
1.48846302652e-05
1.3804077555e-05
1.27310657183e-05
1.16625135501e-05
1.05957803179e-05
9.52930839539e-06
8.46349207065e-06
7.40174943339e-06
6.35167281166e-06
5.32597382618e-06
4.34275322968e-06
3.42451785006e-06
2.59551979956e-06
1.87757056006e-06
1.28539509634e-06
8.23292616603e-07
4.8460448535e-07
2.5412666434e-07
1.12184745564e-07
3.90020454884e-08
2.08406811365e-08
1.07100413748e-07
7.61986413739e-06
7.58509089411e-06
7.52022524837e-06
7.42942552498e-06
7.31638084949e-06
7.18435829217e-06
7.03624633206e-06
6.87459542433e-06
6.70165567659e-06
6.51941138427e-06
6.32961217059e-06
6.13380057715e-06
5.93333607631e-06
5.72941558742e-06
5.5230906655e-06
5.31528158297e-06
5.10678856408e-06
4.89830045269e-06
4.69040111189e-06
4.48357387206e-06
4.27820436905e-06
4.07458214953e-06
3.87290147226e-06
3.67326181061e-06
3.47566867649e-06
3.2800355613e-06
3.08618805677e-06
2.89387161765e-06
2.70276499992e-06
2.51250217718e-06
2.32270647204e-06
2.13304157804e-06
1.94328468413e-06
1.75342622763e-06
1.56379749712e-06
1.37521941965e-06
1.18915145229e-06
1.00779844536e-06
8.34110901801e-07
6.71604889459e-07
5.23955462018e-07
3.94399869534e-07
2.85106247357e-07
1.96744541892e-07
1.2844578486e-07
7.81488988684e-08
4.31561469685e-08
2.08406811588e-08
1.12965382035e-08
4.38288298803e-08
1.23231136719e-05
1.22809959923e-05
1.22022666789e-05
1.20917015366e-05
1.19534523058e-05
1.17911318104e-05
1.16078846998e-05
1.14064477176e-05
1.1189201703e-05
1.09582165919e-05
1.07152902254e-05
1.04619815638e-05
1.01996388288e-05
9.92942307157e-06
9.65232766688e-06
9.36919423941e-06
9.08072554346e-06
8.78749583946e-06
8.48995934572e-06
8.18845739543e-06
7.88322500328e-06
7.57439764725e-06
7.2620192039e-06
6.94605214859e-06
6.62639134738e-06
6.30288302609e-06
5.9753507868e-06
5.6436308069e-06
5.30761849844e-06
4.96732874171e-06
4.62297104326e-06
4.27503919408e-06
3.92441175506e-06
3.57245462769e-06
3.22111020415e-06
2.87295025474e-06
2.53116444246e-06
2.19945735747e-06
1.88183887998e-06
1.58231777936e-06
1.3045428143e-06
1.05146683402e-06
8.25119737728e-07
6.2655262605e-07
4.5596263298e-07
3.1295222032e-07
1.96854196369e-07
1.07100413865e-07
4.38288298969e-08
9.16264312976e-09
)
;

boundaryField
{
    side_walls
    {
        type            fixedValue;
        value           uniform 1e-15;
    }
    inlet
    {
        type            cyclic;
    }
    outlet
    {
        type            cyclic;
    }
    side_left
    {
        type            symmetryPlane;
    }
    side_bottom
    {
        type            symmetryPlane;
    }
}


// ************************************************************************* //
