/*--------------------------------*- C++ -*----------------------------------*\
| =========                 |                                                 |
| \\      /  F ield         | OpenFOAM: The Open Source CFD Toolbox           |
|  \\    /   O peration     | Version:  3.0.1                                 |
|   \\  /    A nd           | Web:      www.OpenFOAM.org                      |
|    \\/     M anipulation  |                                                 |
\*---------------------------------------------------------------------------*/
FoamFile
{
    version     2.0;
    format      ascii;
    class       volScalarField;
    location    "50000";
    object      nut;
}
// * * * * * * * * * * * * * * * * * * * * * * * * * * * * * * * * * * * * * //

dimensions      [0 2 -1 0 0 0 0];

internalField   nonuniform List<scalar> 
2500
(
0.00306078145419
0.00307316026486
0.00309306388972
0.00311466599015
0.00313269910288
0.00314317466057
0.00314349810452
0.00313227842018
0.00310904561728
0.00307398229704
0.00302770551109
0.00297110191387
0.00290520764656
0.00283112259637
0.00274995025378
0.00266275657256
0.00257054307043
0.00247423071068
0.00237465196223
0.00227254899031
0.0021685763083
0.00206330650827
0.00195723793421
0.00185080338934
0.00174437918238
0.00163829401478
0.00153283738561
0.00142826734036
0.0013248175132
0.00122270351183
0.00112212877639
0.00102329011756
0.000926383214999
0.000831608454948
0.000739177629711
0.000649322258201
0.000562304698047
0.000478433964136
0.00039808956237
0.0003217593198
0.000250102294278
0.000184056722667
0.000125021978913
7.5111444128e-05
3.71996924146e-05
1.36719425274e-05
3.25476096305e-06
4.16524680549e-07
2.3802285045e-08
6.58437026074e-09
0.00307315256117
0.00308537010078
0.00310502989478
0.00312638792134
0.00314422775506
0.00315457332848
0.00315481344909
0.0031435250078
0.00312020188076
0.00308499400693
0.00303849334902
0.00298157073101
0.00291525584123
0.0028406506428
0.00275886781463
0.00267098790426
0.00257803063372
0.00248093705438
0.00238056006489
0.00227766132392
0.00217291293055
0.00206690249814
0.00196014046558
0.00185306869666
0.00174606962026
0.00163947535814
0.00153357646416
0.00142863005604
0.00132486725285
0.00122249994093
0.00112172698212
0.00102274005915
0.000925729435318
0.000830890007145
0.000738428175953
0.000648570302602
0.000561573922431
0.000477743643045
0.000397455043098
0.000321192564309
0.000249612490142
0.000183650958968
0.000124705845609
7.48887477893e-05
3.70686176065e-05
1.36155757324e-05
3.23982025168e-06
4.14519087211e-07
2.36938530285e-08
6.56186636393e-09
0.00309304366563
0.00310501732386
0.00312432141198
0.0031453513846
0.00316297684357
0.00317324071026
0.00317349923976
0.00316226869113
0.00313897424653
0.00310370255368
0.00305699530523
0.00299968948254
0.002932797988
0.00285742192053
0.00277468679269
0.00268569683587
0.00259150318287
0.00249308290173
0.00239132661888
0.00228703293215
0.00218090809601
0.0020735696536
0.00196555285185
0.00185731883887
0.00174926381427
0.0016417284823
0.001535007334
0.00142935744963
0.00132500666019
0.00122216103298
0.00112101175481
0.00102174158231
0.000924531123808
0.000829565328052
0.000737040709297
0.000647174081337
0.000560213989177
0.000476456775565
0.000396270618235
0.000320133551353
0.00024869658408
0.00018289184258
0.000124114308403
7.44721323286e-05
3.68235716006e-05
1.35103051541e-05
3.21194293285e-06
4.10778780904e-07
2.34915812903e-08
6.51980050786e-09
0.00311463165857
0.00312636109195
0.00314533697313
0.00316612705356
0.00318370714671
0.00319414098487
0.00319473817004
0.00318392996672
0.00316104388903
0.00312607408576
0.00307948551143
0.00302205941819
0.00295477563663
0.00287872414009
0.00279503900674
0.00270484947925
0.00260924432671
0.00250924683092
0.00240579844017
0.00229974955131
0.0021918561036
0.00208278078831
0.00197309776401
0.00186329985908
0.00175380735812
0.00164497761086
0.00153711486054
0.00143047985418
0.00132529895687
0.00122177263906
0.00112008333769
0.0010204028106
0.00092289921891
0.000827744299222
0.000735121153985
0.000645233440708
0.000558317163244
0.000474657022278
0.000394610686073
0.000318647025579
0.000247409454802
0.000181824271213
0.000123282193481
7.38862802113e-05
3.64793555666e-05
1.33626709673e-05
3.17290430824e-06
4.05545043447e-07
2.32084304637e-08
6.46072445071e-09
0.00313265166887
0.00314418754605
0.00316294868762
0.00318369315134
0.00320151572613
0.00321250294827
0.00321390845807
0.00320406026089
0.00318216424615
0.00314809548286
0.00310221546707
0.00304522475612
0.00297804831019
0.00290174737194
0.00281745186281
0.00272630855682
0.00262944164543
0.00252792336569
0.00242275306825
0.00231484350629
0.00220501331757
0.00209398473528
0.00198238557192
0.00187075452484
0.00175954888478
0.00164915380181
0.00153989237658
0.00143203598708
0.00132581442005
0.00122142553757
0.00111904436504
0.00101883163395
0.000920941955703
0.000825531954241
0.00073276887222
0.000642840432979
0.000555967174952
0.000472419238336
0.0003925409963
0.000316789613814
0.0002457987107
0.000180486981759
0.000122239485929
7.31524939671e-05
3.60488390926e-05
1.31784179132e-05
3.12427673171e-06
3.99032445302e-07
2.28558970409e-08
6.38685650857e-09
0.00314311673875
0.00315452223043
0.00317320108181
0.00319411498842
0.00321249064343
0.00322444431395
0.00322717201568
0.00321888830241
0.00319866029825
0.00316622199977
0.00312180665668
0.00306600837583
0.00299967211156
0.00292380724235
0.00283951958787
0.00274795766262
0.00265027013529
0.00254757245884
0.00244092134332
0.00233129617126
0.0022195866594
0.00210658611792
0.0019929896156
0.00187939628489
0.00176631493872
0.00165417215038
0.00154332198122
0.00143405662766
0.00132661738825
0.00122120550828
0.00111799262981
0.00101713074893
0.000918761756694
0.000823026824654
0.000730076111479
0.000640079559145
0.000553240000713
0.000469810580436
0.00039011991278
0.000314611109105
0.000243905890756
0.000178913588076
0.000121012144328
7.2289248907e-05
3.55432528892e-05
1.29625996916e-05
3.06745190296e-06
3.91431439125e-07
2.24441611922e-08
6.30012705119e-09
0.00314343302097
0.00315475468546
0.00317345117417
0.00319470295642
0.00321388634121
0.00322716189487
0.00323167552781
0.0032255273767
0.00320763679155
0.0031775810417
0.00313544451977
0.00308169098698
0.00301705978186
0.002942482572
0.00285901639519
0.00276778930503
0.0026699558898
0.0025666608386
0.00245900943354
0.0023480443183
0.00223472815128
0.00211993183443
0.00200442796599
0.00188888904948
0.00177388985164
0.0016599131819
0.0015473582957
0.00143655111876
0.00132775555095
0.00122118522678
0.00111701527003
0.00101539376679
0.000916452884485
0.000820319784615
0.000727127729689
0.000637028110872
0.000550204605668
0.000466891477947
0.00038739947921
0.000312155528928
0.000241767439046
0.000177133415412
0.000119622753928
7.13126390053e-05
3.49724295912e-05
1.2719668213e-05
3.00366094066e-06
3.82910788417e-07
2.19822228391e-08
6.20221629969e-09
0.00313220956476
0.00314346189609
0.00316221536682
0.00318388851775
0.00320403107323
0.00321887053344
0.00322551944729
0.00322197191998
0.00320699916182
0.00318001345278
0.00314093554121
0.00309007900931
0.00302805414053
0.00295568924181
0.00287396609389
0.00278396638183
0.00268682664959
0.00258370009304
0.00247572417586
0.00236399355869
0.00224953816138
0.00213330633757
0.00201615315487
0.00189883367501
0.00178200095918
0.00166620833101
0.0015519152568
0.00143949608402
0.00132925083673
0.00122141730348
0.00111618376528
0.00101370188079
0.000914099460125
0.000817493108141
0.000724001010823
0.000633756506628
0.000546923607718
0.000463716474555
0.000384426324908
0.00030946200188
0.000239415512722
0.000175172187633
0.00011809106377
7.02367458321e-05
3.43450067393e-05
1.2453551558e-05
2.93399273255e-06
3.73619860879e-07
2.14780284918e-08
6.09458652829e-09
0.00310897605009
0.00312013744037
0.00313891859742
0.00316099900642
0.00318213061461
0.00319863730036
0.00320762312343
0.00320699318513
0.0031953786211
0.00317202617975
0.00313668488227
0.0030895037895
0.00303094480624
0.00296170980952
0.00288267974104
0.00279486310352
0.00269935170185
0.00259728205801
0.00248980151553
0.00237803855319
0.00226307721266
0.00214593579411
0.00202755008358
0.00190876135347
0.00179030924388
0.00167282942469
0.00155685569877
0.00144282598473
0.00133109145241
0.00122192800398
0.00111554931015
0.00101212071944
0.000911773548297
0.00081461951701
0.000720765419899
0.000630328531186
0.000543453819688
0.000460334932082
0.000381242425727
0.000306565511255
0.000236878657179
0.000173052599878
0.000116434434345
6.90739479572e-05
3.36685998594e-05
1.21677225269e-05
2.85941068655e-06
3.63690775618e-07
2.09385889273e-08
5.9785098482e-09
0.00307391455143
0.00308493075935
0.00310364706588
0.00312602818576
0.00314805971568
0.00316619593902
0.00317756363303
0.00318000331365
0.00317202182623
0.00315270735011
0.00312163604794
0.00307878431001
0.00302445161789
0.00295919455232
0.00288377057245
0.00279908965771
0.00270617200892
0.00260611037761
0.00250003604658
0.00238908793531
0.00227438470295
0.0021570000394
0.00203794154755
0.00191813370931
0.00179840539099
0.00167948219022
0.00156198368811
0.00144642538942
0.00133322486403
0.00122271139098
0.00111513829068
0.00101069712878
0.000909533090458
0.00081176104828
0.00071748217514
0.0006268014001
0.000539846627114
0.0004567915809
0.000377885722983
0.000303497509516
0.000234182367494
0.00017079479602
0.000114668211966
6.78351814773e-05
3.29499503589e-05
1.18652587481e-05
2.78076787026e-06
3.5324038219e-07
2.03700869727e-08
5.85509225167e-09
0.00302764152871
0.00303843324814
0.00305694193988
0.00307944053992
0.00310217946237
0.00312177935001
0.00313542507816
0.00314092281759
0.0031366776112
0.00312163298298
0.00309519788836
0.00305717426977
0.00300769095185
0.00294714546911
0.00287615341472
0.0027955041026
0.00270612117025
0.00260902689409
0.00250530927628
0.00239609130976
0.00228250218845
0.00216565056957
0.00204660028252
0.00192634908161
0.00180581113034
0.00168580386752
0.00156703974262
0.00145012304402
0.00133555172473
0.00122372381253
0.00111494773383
0.0010094557306
0.000907419536358
0.000808967613203
0.000714203538829
0.00062322558153
0.000536148161249
0.000453126898042
0.000374390596746
0.000300286409563
0.000231349546838
0.00016841676281
0.00011280604011
6.65301585223e-05
3.21950512759e-05
1.1548894926e-05
2.69882050044e-06
3.42372051568e-07
1.97779746317e-08
5.72529434692e-09
0.00297104306009
0.00298151517316
0.00299963967709
0.00302201684176
0.00304518998313
0.00306598126369
0.00308167089506
0.00309006500306
0.00308949480611
0.00307877927934
0.00305717219403
0.00302430550386
0.0029801350706
0.0029248911396
0.0028590340243
0.00278321450473
0.00269823806159
0.00260503199945
0.00250461462041
0.00239806581995
0.00228649875012
0.00217103250238
0.00205276607415
0.00193275416503
0.00181198556077
0.00169136496937
0.00157169914627
0.00145368798048
0.00133792092832
0.00122487882425
0.00111494073255
0.00100839519979
0.00090545508811
0.000806275157565
0.000710971748772
0.000619644316562
0.000532399228702
0.000449377291888
0.000370788185561
0.000296957953528
0.00022840086742
0.000165934647946
0.000110860114438
6.51675484082e-05
3.1409253023e-05
1.12210676687e-05
2.61423976712e-06
3.31177266518e-07
1.91670590972e-08
5.58994910451e-09
0.00290515477007
0.00291520571953
0.00293275270166
0.0029547364775
0.00297801583337
0.00299964627197
0.00301704010243
0.00302803987495
0.00303093507616
0.00302444551735
0.00300768761944
0.00298013373422
0.00294157026692
0.00289205750555
0.00283189232349
0.00276157392824
0.00268177230237
0.00259329874218
0.00249707783814
0.00239412030337
0.00228549620985
0.00217230841918
0.00205566627371
0.00193665991956
0.00181633592626
0.00169567510415
0.00157557355376
0.00145682797358
0.00134012608999
0.00122604276852
0.00111504196975
0.00100748429688
0.000903639533702
0.000803703370813
0.000707817531336
0.000616092786717
0.000528634960143
0.000445575070153
0.000367106541102
0.000293535455986
0.000225355035816
0.00016336300621
0.000108841385885
6.37551247427e-05
3.05973507745e-05
1.08839533061e-05
2.52762201323e-06
3.19737007085e-07
1.85415775747e-08
5.44977689361e-09
0.00283107610943
0.00284060642255
0.00285738170146
0.00287868903327
0.00290171789773
0.00292378342766
0.00294246407571
0.00295567548112
0.00296170007107
0.00295918808036
0.00294714152963
0.00292488906251
0.00289205670881
0.00284853760412
0.00279446230838
0.00273017045555
0.00265618388623
0.00257318106026
0.00248197234929
0.00238347573212
0.00227869243985
0.00216868221359
0.00205453803734
0.00193736047831
0.00181823208092
0.00169819257989
0.00157821597036
0.0014591906438
0.00134190381821
0.0012270313349
0.00111513357146
0.0010066577825
0.000901946711912
0.000801252931396
0.000704758157694
0.000612596885245
0.000524884141309
0.000441748165351
0.000363370602692
0.000290039914827
0.000222228961439
0.000160714975371
0.000106759714509
6.22998808358e-05
2.97636548248e-05
1.05394991089e-05
2.43949732417e-06
3.08122933874e-07
1.79052611843e-08
5.30539807468e-09
0.0027499102185
0.00275882961539
0.00277465185277
0.00279500826587
0.00281742579601
0.00283949827194
0.00285899959912
0.00287395337416
0.00288267052917
0.00288376424789
0.00287614936047
0.00285903166578
0.00283189115271
0.00279446189631
0.00274671046691
0.00268881397398
0.00262113832689
0.00254421689768
0.00245872948613
0.00236548130122
0.00226538157772
0.00215942144343
0.00204865074396
0.00193415371861
0.00181702369312
0.00169833729069
0.00157912901922
0.00146036741448
0.00134293413804
0.00122760748436
0.0011150516065
0.00100581242726
0.000900320719735
0.000798902321568
0.000701795029807
0.000609171558933
0.000521168191108
0.000437919589543
0.000359601972986
0.000286489979609
0.000219037824069
0.000158002381448
0.000104623975426
6.08081150464e-05
2.89120450196e-05
1.0189448328e-05
2.35033660804e-06
2.96398377145e-07
1.72613884715e-08
5.15734341551e-09
0.00266272278445
0.00267095557992
0.00268566712468
0.00270482316289
0.00272628605861
0.00274793909075
0.00276777451512
0.00278395504641
0.00279485477906
0.00279908384329
0.00279550028704
0.00278321220151
0.00276157269885
0.00273016992313
0.00268881382895
0.00263752102256
0.00257649854893
0.00250612714327
0.00242694415246
0.00233962607962
0.00224497051818
0.00214387713166
0.00203732731189
0.00192636222497
0.00181205913649
0.00169550619303
0.00157777620461
0.00145990038083
0.00134284335706
0.00122748112823
0.00111458360896
0.00100480340845
0.00089867204551
0.000796604297971
0.000698910814589
0.000605818701949
0.000517499755429
0.000434106588448
0.000355818472507
0.000282901763472
0.000215795033314
0.000155235770749
0.000102442116766
5.92854869872e-05
2.80460101234e-05
9.83535944796e-06
2.2605572596e-06
2.8461914279e-07
1.66128292194e-08
5.00606260085e-09
0.0025705151342
0.00257800384557
0.00259147845592
0.00260922230036
0.00262942268853
0.00265025437245
0.00266994324252
0.00268681688489
0.00269934448191
0.00270616693687
0.00270611782913
0.00269823604485
0.00268177123584
0.00265618344211
0.00262113823113
0.00257649858324
0.00252231453686
0.00245881134199
0.00238637659173
0.0023055465339
0.00221699152703
0.00212150041583
0.00201996347692
0.00191335354781
0.00180270501824
0.00168909054834
0.00157359568529
0.0014572919627
0.00134120954039
0.00122631090634
0.00111346752139
0.00100344144652
0.000896873882243
0.000794282164815
0.000696066185386
0.00060252460487
0.000513880893246
0.000430319465328
0.000352033447856
0.00027928848135
0.000212512070136
0.000152424364209
0.000100221168456
5.77370449671e-05
2.71686728199e-05
9.47862004338e-06
2.17052751114e-06
2.72834148476e-07
1.59620793733e-08
4.85193111448e-09
0.00247420810587
0.00248091533479
0.00249306278052
0.00250922882217
0.00252790778401
0.00254755943369
0.0025666503396
0.00258369196222
0.0025972760451
0.00260610617467
0.00260902416672
0.00260503041276
0.00259329798073
0.0025731808419
0.00254421698189
0.00250612733488
0.00245881149124
0.00240234101669
0.00233695103127
0.00226303046638
0.00218111117565
0.00209185584578
0.00199604445828
0.00189455891618
0.00178836539851
0.00167849406452
0.00156601592362
0.00145201702581
0.00133757059809
0.00122370831215
0.00111139243446
0.00100149106946
0.000894758939286
0.000791826061402
0.000693196279967
0.000599256992492
0.000510300845573
0.000426560048525
0.000348254806969
0.000275659894248
0.000209198197789
0.00014957592756
9.7967199505e-05
5.61672245316e-05
2.62828008789e-05
9.12045560129e-06
2.08056957642e-06
2.61085904306e-07
1.53112879543e-08
4.69525578368e-09
0.00237463409762
0.00238054287043
0.00239131064152
0.00240578408593
0.00242274059994
0.00244091088687
0.00245900099189
0.00247571764894
0.00248979672405
0.00250003275719
0.00250530722576
0.00250461353713
0.00249707745961
0.00248197243529
0.00245872982751
0.00242694457604
0.00238637696186
0.00233695124893
0.00227875190992
0.00221201799673
0.00213713601579
0.00205463144204
0.00196515877707
0.00186948985375
0.00176849993847
0.00166315111605
0.00155447249745
0.00144353699771
0.00133143481315
0.00121924427519
0.00110800143017
0.000998670393587
0.00089211711757
0.000789089540138
0.000690207042346
0.000595961724433
0.000506733399644
0.000422819784868
0.000344483755584
0.000272021537316
0.000205860027196
0.000146696549175
9.56852204735e-05
5.45798175566e-05
2.53908049201e-05
8.7619336641e-06
1.99096169648e-06
2.49410853074e-07
1.46622768911e-08
4.53627929538e-09
0.00227253524725
0.00227764807801
0.00228702059457
0.00229973843676
0.00231483382983
0.00233128804962
0.00234803777595
0.00236398853884
0.00237803493275
0.00238908554224
0.00239608994118
0.00239806525924
0.00239412033517
0.00238347615433
0.00236548193375
0.00233962677
0.00230554716003
0.00226303093692
0.00221201824967
0.00215260018496
0.00208501550995
0.00200964583384
0.00192700926797
0.00183775243304
0.00174264044606
0.0016425443498
0.001538425366
0.00143131540323
0.00132229347899
0.00121245815363
0.00110289672715
0.000994652769732
0.000888694434788
0.000785886767092
0.000686971678359
0.000592559282729
0.000503133892016
0.000419077455968
0.000340713213588
0.000268373709122
0.000202500920083
0.000143790315971
9.33790270567e-05
5.29779110787e-05
2.44947231577e-05
8.40396365258e-06
1.90193920047e-06
2.37839585908e-07
1.40165547583e-08
4.37518402034e-09
0.00216856607365
0.00217290305618
0.00218089888416
0.00219184779319
0.00220500608102
0.00221958060086
0.00223472330765
0.00224953450704
0.00226307466786
0.00227438314503
0.00228250146475
0.00228649869113
0.00228549664161
0.00227869319451
0.00226538250186
0.00224497147877
0.00221699241489
0.00218111190694
0.0021371365317
0.00208501577512
0.00202484272016
0.00195685289564
0.00188142151889
0.00179905914954
0.00171040553162
0.00161622116595
0.0015173759617
0.0014148342137
0.00130963519805
0.00120286893559
0.00109564719031
0.000989070564318
0.000884193574523
0.000781990715803
0.000683327516063
0.000588941228923
0.000499435935833
0.000415296537444
0.000336925899279
0.000264710201603
0.000199120212621
0.000140858876814
9.10509801733e-05
5.13637949456e-05
2.35961935509e-05
8.04729275659e-06
1.81369470164e-06
2.26396950124e-07
1.3375325487e-08
4.2120955221e-09
0.00206329919819
0.00206689544188
0.00207356306741
0.00208277484948
0.00209397957915
0.00210658183449
0.00211992846633
0.00213330388061
0.00214593420103
0.00215699922642
0.00216565042501
0.00217103289644
0.00217230921374
0.00216868327122
0.00215942263499
0.00214387834221
0.00212150154854
0.00209185682415
0.00205463221053
0.00200964635722
0.00195685315739
0.00189634430088
0.00182835007495
0.00175323857996
0.00167151330742
0.00158380877139
0.00149088362239
0.0013936104482
0.00129296133717
0.00118998832249
0.00108579812417
0.000981521234395
0.000878276384278
0.000777132737526
0.000679073613844
0.000584966875314
0.000495548008966
0.000411422253806
0.000333092085652
0.000261016755901
0.000195712243379
0.000137900882734
8.87017178804e-05
4.97388375014e-05
2.26964139271e-05
7.69249833911e-06
1.72637756191e-06
2.15102067615e-07
1.27394932229e-08
4.04708618058e-09
0.00195723301007
0.0019601357139
0.0019655484222
0.00197309378445
0.00198238214633
0.00199298681963
0.00200442584328
0.00201615171514
0.00202754930312
0.00203794137241
0.00204660063383
0.00205276685496
0.00205566737646
0.00205453935131
0.0020486521619
0.00203732873558
0.00201996482128
0.00199604565405
0.00196515977214
0.00192701002749
0.00188142202446
0.00182835032305
0.00176788275142
0.0017002430913
0.00162579223791
0.00154502770394
0.0014585810561
0.00136721257343
0.00127180214886
0.00117333529332
0.00107288314279
0.00097157572909
0.000870568564938
0.000771003871712
0.000673969492929
0.000580460475213
0.000491350099141
0.000407378424818
0.000329167057229
0.000257269240134
0.000192265173145
0.000134911294302
8.63297949569e-05
4.81033289838e-05
2.17960909299e-05
7.33997739749e-06
1.64009277792e-06
2.0396828454e-07
1.21096646709e-08
3.88017943225e-09
0.00185080036726
0.00185306578598
0.00185731613845
0.00186329745837
0.00187075250168
0.00187939470126
0.001888887947
0.00189883307158
0.0019087612418
0.00191813405773
0.0019263498369
0.00193275525691
0.00193666126616
0.001937361992
0.00193415531167
0.00192636381454
0.00191335505994
0.00189456028877
0.00186949103832
0.00183775339547
0.00179905986991
0.00175323905164
0.00170024331951
0.00164015488164
0.00157319035099
0.001499703891
0.00142018871457
0.00133527640137
0.00124573314771
0.00115245173827
0.00105643782333
0.000958789129551
0.000860666689882
0.000763258208645
0.000667735379541
0.00057520928754
0.000486690665554
0.000403064252627
0.000325088330399
0.00025343156286
0.000188759591716
0.000131880549627
8.39312475625e-05
4.64562932879e-05
2.08953791359e-05
6.98993378621e-06
1.55489947434e-06
1.93003076816e-07
1.14861505048e-08
3.71135522023e-09
0.00174437763767
0.00174606814209
0.00174926246369
0.00175380619493
0.00175954796569
0.00176631431332
0.00177388955772
0.0017820010187
0.00179030966041
0.00179840614895
0.0018058121961
0.00181198688527
0.0018163374488
0.00181823373359
0.00181702540536
0.00181206083943
0.00180270664845
0.00178836690094
0.00176850126851
0.00174264157074
0.00171040642998
0.0016715139701
0.00162579266629
0.00157319055587
0.00151378303779
0.00144777940984
0.00137552811109
0.00129752035445
0.00121439146376
0.00112691880784
0.00103601482233
0.000942713349144
0.000848147584311
0.00075351853866
0.000660054321351
0.000568962904131
0.000481384238065
0.000398351260869
0.000320772745853
0.000249453362728
0.000185166920024
0.000128793592609
8.14990835908e-05
4.47952705517e-05
1.99938125139e-05
6.64236416189e-06
1.47080924179e-06
1.82207942088e-07
1.08689677801e-08
3.54055736363e-09
0.00163829358261
0.00163947496036
0.00164172815241
0.00164497738637
0.0016491537227
0.00165417225539
0.00165991350409
0.00166620889356
0.00167283023782
0.00167948324953
0.00168580515388
0.00169136645022
0.00169567673593
0.00169819431121
0.00169833906592
0.00169550795587
0.00168909224519
0.00167849564726
0.00166315254421
0.00164254559202
0.00161622220073
0.00158380958719
0.00154502829874
0.00149970427144
0.00144777958998
0.00138932213544
0.00132453422232
0.00125376012367
0.0011774920545
0.00109637373995
0.00101120017514
0.000922911678068
0.000832580008932
0.000741384434917
0.00065057649646
0.000561434238261
0.000475210027893
0.000393080663889
0.000316113598856
0.000245267552733
0.000181447637167
0.000125628772132
7.90227052841e-05
4.31160761993e-05
1.90902317795e-05
6.29704403074e-06
1.38778464122e-06
1.71578318836e-07
1.025784584e-08
3.36770369288e-09
0.00153283775892
0.00153357684952
0.00153500774542
0.00153711531918
0.00153989290944
0.00154332261786
0.00154735906417
0.00155191617963
0.00155685678975
0.0015619849502
0.00156704116708
0.00157170071302
0.0015755752328
0.00157821772391
0.0015791308044
0.0015777779763
0.00157359739896
0.00156601753788
0.00155447397618
0.00153842667992
0.00151737708938
0.0014908845507
0.00145858178017
0.00142018923729
0.0013755284423
0.00132453437773
0.00126726713244
0.00120392285068
0.00113484381316
0.00106052708338
0.000981630605957
0.000898974988391
0.000813538553192
0.000726442842974
0.000638925972715
0.000552302559878
0.000467911961673
0.000387061511029
0.000310978040452
0.000240787848455
0.000177549393931
0.000122356641226
7.6487280936e-05
4.14125474649e-05
1.81827134622e-05
5.95351595795e-06
1.30573833448e-06
1.61103589627e-07
9.65223903865e-09
3.19269995074e-09
0.00142826826601
0.00142863097884
0.00142935837034
0.0014304807823
0.00143203693978
0.00143405762694
0.00143655218781
0.0014394972436
0.00144282725002
0.00144642676782
0.00145012453391
0.00145368957095
0.00145682964509
0.00145919236953
0.00146036916225
0.00145990211525
0.00145729364753
0.00145201862613
0.00144353848187
0.00143131674444
0.00141483539119
0.00139361144793
0.0013672133883
0.00133527703109
0.00129752080505
0.00125376040671
0.00120392298234
0.00114806098193
0.0010863657203
0.00101918039606
0.000947011833822
0.000870539522069
0.000790619675568
0.000708281220535
0.000624710123898
0.000541218935923
0.000459200571598
0.000380070011945
0.000305205057608
0.000235906474683
0.000173405120249
0.000118938713941
7.3873099391e-05
3.9676297286e-05
1.72685101659e-05
5.61108308437e-06
1.22453352052e-06
1.5076725152e-07
9.05135086112e-09
3.0154585996e-09
0.00132481878697
0.00132486851444
0.00132500790179
0.00132530018002
0.00132581563469
0.00132661861028
0.0013277567991
0.00132925212935
0.00133109280464
0.00133322628561
0.0013355532186
0.00133792249003
0.00134012770783
0.00134190547398
0.00134293580832
0.00134284501482
0.00134121115679
0.00133757214428
0.001331436262
0.00132229480655
0.00130963638479
0.00129296236878
0.00127180301668
0.00124573384892
0.00121439200108
0.00117749243578
0.00113484405065
0.00108636582981
0.00103210320008
0.000972244614544
0.000907138033589
0.000837306355296
0.000763459946455
0.00068650331629
0.000607531900776
0.000527814414924
0.00044875718474
0.000371850501499
0.00029860441882
0.000230492323609
0.000168931296521
0.000115326280572
7.11549675442e-05
3.78965094737e-05
1.63440172107e-05
5.26881277041e-06
1.1439866932e-06
1.40547376311e-07
8.45417580963e-09
2.83592375203e-09
0.00122270497283
0.00122250138451
0.00122216244626
0.00122177401842
0.00122142688779
0.00122120684046
0.00122118655573
0.00122141864493
0.00122192937207
0.00122271279629
0.00122372526065
0.00122488031504
0.00122604429593
0.00122703288729
0.00122760904534
0.00122748267774
0.00122631242201
0.00122370977072
0.00121924565396
0.00121245943175
0.00120287009522
0.00118998934966
0.00117333617853
0.00115245247681
0.00112691939978
0.0010963741899
0.00106052740005
0.00101918059162
0.000972244703909
0.000919759303132
0.000861912744888
0.000799062833321
0.000731756749935
0.000660747823972
0.000587005230622
0.000511711321868
0.000436240876271
0.000362118552074
0.000290957051665
0.000224389928856
0.000164026639894
0.000111459442945
6.83017507473e-05
3.60598302875e-05
1.540478938e-05
4.92555764617e-06
1.06387422561e-06
1.30417540385e-07
7.85956783721e-09
2.65410335441e-09
0.00112213030146
0.00112172848743
0.00112101322497
0.00112008476603
0.00111904575278
0.00111799398442
0.00111701660297
0.00111618508963
0.00111555063856
0.00111513963354
0.00111494909801
0.00111494212056
0.0011150433794
0.00111513499596
0.00111505303491
0.00111458502688
0.00111346891197
0.00111139377944
0.00110800271105
0.00110289792629
0.00109564829191
0.00108579911516
0.00107288401348
0.0010564385678
0.00103601543865
0.00101120066527
0.000981630975534
0.000947012091748
0.000907138191451
0.000861912816325
0.000811371533931
0.000755706434322
0.000695291951122
0.000630710404659
0.00056277402055
0.000492538156426
0.000421298728201
0.000350566809938
0.000282017405765
0.000217419722478
0.0001585715574
0.000107266614002
6.52762125084e-05
3.41504419655e-05
1.44456434836e-05
4.58000471392e-06
9.83944941013e-07
1.20348479376e-07
7.26634704208e-09
2.47010934472e-09
0.00102329161568
0.00102274153719
0.00102174302418
0.00102040420808
0.00101883298602
0.00101713206032
0.00101539504617
0.00101370313881
0.00101212196697
0.00101069837542
0.00100945698349
0.00100839646287
0.00100748557044
0.00100665906316
0.00100581370814
0.00100480467962
0.00100344269568
0.00100149228269
0.000998671556254
0.000994653867327
0.000989071583337
0.000981522163099
0.000971576558137
0.000958789852475
0.000942713962636
0.000922912182082
0.000898975386057
0.000870539819447
0.000837306560993
0.000799062957998
0.000755706490137
0.00070727153945
0.000653959255751
0.000596169907578
0.000534535593549
0.00046994887938
0.000403580139258
0.000336874272678
0.000271518473047
0.000209380163133
0.000152428839494
0.000102664832225
6.20353855172e-05
3.2150444414e-05
1.34608979255e-05
4.2307672958e-06
9.03941605554e-07
1.10310809657e-07
6.67345928277e-09
2.28420555807e-09
0.00092638462208
0.000925730823338
0.000924532477191
0.000922900529007
0.000920943220165
0.000918762978296
0.000916454069632
0.000914100617289
0.000911774686547
0.000909534218212
0.000907420660405
0.000905456212922
0.000903640661016
0.000901947840579
0.000900321845784
0.000898673162407
0.000896874981316
0.000894760010262
0.000892118149205
0.000888695415539
0.000884194493233
0.000878277230815
0.000870569330775
0.00086066736856
0.000848148171783
0.000832580503749
0.000813538956549
0.000790619991198
0.000763460180395
0.000731756910182
0.000695292047205
0.000653959298243
0.000607796029511
0.000557019939411
0.000502069871194
0.000443647883819
0.000382756361249
0.000320720033299
0.000259180350332
0.00020005248973
0.000145446216312
9.75613715363e-05
5.85317998212e-05
3.00407202772e-05
1.24448178183e-05
3.87653883179e-06
8.23634993409e-07
1.00279233328e-07
6.08020506452e-09
2.09686141741e-09
0.000831609729101
0.000830891264079
0.000829566553487
0.000827745484815
0.000825533097013
0.00082302792603
0.000820320849227
0.000817494142568
0.000814620528601
0.000811762044135
0.000808968599372
0.000806276138461
0.000803704348833
0.000801253906745
0.000798903292239
0.000796605259887
0.000794283112083
0.000791826986678
0.000789090435061
0.000785887622776
0.000781991523352
0.000777133488547
0.000771004558798
0.000763258825796
0.000753519081623
0.000741384901421
0.000726443232855
0.000708281535733
0.000686503560741
0.000660748003387
0.000630710526221
0.000596169979571
0.000557019970803
0.00051330702761
0.000465276114417
0.000413422680224
0.000358547197945
0.000301803143896
0.000244723666343
0.000189209139946
0.000137461600316
9.18572818502e-05
5.47159982083e-05
2.78025078297e-05
1.13923484694e-05
3.51632995693e-06
7.42874401806e-07
9.02386515633e-08
5.48655191218e-09
1.90880673851e-09
0.000739178746944
0.000738429278252
0.000737041784127
0.000735122193781
0.00073276987386
0.000730077075515
0.000727128659391
0.000724001911187
0.000720766296716
0.000717483034185
0.000714204385223
0.000710972586498
0.000707818362924
0.000704758984044
0.00070179585014
0.00069891162651
0.000696066985039
0.000693197062263
0.00069020780126
0.000686972407273
0.000683328208137
0.000679074262402
0.000673970091842
0.000667735923572
0.000660054806466
0.000650576920066
0.000638926333817
0.000624710423171
0.00060753214054
0.000587005414727
0.000562774154181
0.000534535682961
0.000502069923392
0.000465276136802
0.000424219246865
0.000379187134257
0.000330757940495
0.000279871386966
0.000227890081446
0.000176627441993
0.000128312166648
8.54536828409e-05
5.05408649307e-05
2.54199357474e-05
1.0300220371e-05
3.14980718435e-06
6.61657413817e-07
8.01924529335e-08
4.89353410594e-09
1.72107936426e-09
0.000649323208648
0.000648571240569
0.000647174996236
0.000645234326015
0.000642841285757
0.000640080379427
0.000637028900915
0.000633757270144
0.000630329272611
0.000626802123973
0.000623226291989
0.000619645016964
0.000616093479389
0.000612597571328
0.000609172238328
0.000605819373337
0.000602525265805
0.000599257639545
0.000595962353383
0.000592559888799
0.000588941807036
0.000584967420368
0.000580460982366
0.000575209752482
0.000568963323335
0.000561434609194
0.000552302881168
0.000541219207455
0.000527814637876
0.000511711498669
0.000492538290647
0.000469948975558
0.000443647947232
0.000413422716619
0.000379187149559
0.000341038542165
0.000299330959544
0.00025476351943
0.000208473722492
0.000162111353801
0.000117849054695
7.82618924238e-05
4.59683495474e-05
2.28837455743e-05
9.16847538276e-06
2.77773662701e-06
5.80218030635e-07
7.0172766018e-08
4.30371895942e-09
1.5350534234e-09
0.000562305482674
0.000561574696998
0.000560214745076
0.000558317895102
0.00055596788021
0.000553240679146
0.000550205258807
0.000546924238257
0.000543454430933
0.000539847222506
0.000536148743986
0.000532399801448
0.000528635524836
0.000524884699043
0.000521168742082
0.000517500298949
0.000513881427786
0.000510301368859
0.000506733908784
0.000503134383651
0.000499436406311
0.000495548454535
0.000491350516145
0.000486691050633
0.000481384588347
0.000475210341164
0.00046791223652
0.000459200807515
0.000448757382185
0.00043624103667
0.0004212988539
0.000403580233422
0.000382756427708
0.000358547241002
0.00033075796471
0.000299330969484
0.000264417235166
0.000226471768667
0.000186370108702
0.000145526259735
0.000105960765937
7.02189134764e-05
4.09791407515e-05
2.01962801017e-05
8.00236679977e-06
2.40250107618e-06
4.9912446075e-07
6.02514978881e-08
3.72167366201e-09
1.35243319416e-09
0.00047843459187
0.000477744262979
0.000476457380966
0.000474657608924
0.000472419804148
0.000469811125109
0.000466892002506
0.000463716980917
0.000460335422637
0.000456792058163
0.000453127364367
0.000449377749264
0.000445575520061
0.000441748608677
0.00043792002654
0.00043410701874
0.00043031988794
0.000426560461946
0.000422820187133
0.000419077844757
0.000415296910199
0.000411422607855
0.000407378757514
0.000403064561483
0.000398351543693
0.000393080918914
0.000387061737022
0.000380070208297
0.000371850668288
0.000362118690087
0.000350566920661
0.000336874358242
0.000320720096388
0.000301803187621
0.000279871414705
0.000254763534651
0.000226471774737
0.00019523279806
0.000161652522396
0.000126855519342
9.26108039573e-05
6.13106588925e-05
3.55857033465e-05
1.73774719005e-05
6.81439225379e-06
2.02859620726e-06
4.19364941495e-07
5.05494545302e-08
3.15430073052e-09
1.17519808884e-09
0.000398090047618
0.000397455522557
0.000396271086865
0.000394611140724
0.000392541435399
0.000390120336052
0.000387399887347
0.000384426719247
0.000381242807943
0.000377886094836
0.000374390959883
0.000370788541368
0.000367106890608
0.000363370946509
0.000359602311291
0.00035581880504
0.000352033773951
0.000348255125588
0.000344484065378
0.000340713512962
0.000336926186467
0.000333092358803
0.000329167314493
0.000325088570019
0.000320772966257
0.000316113798743
0.000310978218871
0.000305205214028
0.000298604553175
0.000290957164387
0.000282017497786
0.000271518545774
0.000259180405597
0.000244723706322
0.000227890108554
0.000208473739258
0.000186370117632
0.000161652525835
0.000134687364926
0.000106291666569
7.78988887911e-05
5.16068133539e-05
2.98488464863e-05
1.44709777683e-05
5.62591720414e-06
1.66292507283e-06
3.42383809441e-07
4.12390536886e-08
2.61083974656e-09
1.00549064223e-09
0.000321759680276
0.000321192920712
0.000320133900102
0.000318647364468
0.00031678994175
0.000314611425902
0.000312155835069
0.000309462298281
0.00030656579905
0.000303497789881
0.000300286683576
0.000296958222076
0.000293535719698
0.000290040174048
0.000286490234383
0.000282902013552
0.000279288726221
0.000275660133153
0.000272021769299
0.000268373933074
0.00026471041631
0.000261016960098
0.000257269432565
0.000253431742334
0.000249453528178
0.000245267703274
0.000240787983431
0.000235906593717
0.000230492426633
0.000224390016136
0.000217419794619
0.00020938022107
0.000200052534697
0.000189209173428
0.000176627465662
0.000162111369431
0.000145526269112
0.000126855524162
0.000106291668349
8.43738813923e-05
6.21574163445e-05
4.1312768494e-05
2.38976558163e-05
1.15488693117e-05
4.46751018774e-06
1.31463013111e-06
2.70018288045e-07
3.2535091102e-08
2.10230423154e-09
8.45452797757e-10
0.000250102549156
0.000249612742351
0.000248696831244
0.0002474096955
0.000245798944257
0.000243906117098
0.000241767658528
0.000239415725965
0.000236878864922
0.000234182570475
0.000231349745706
0.000228401062674
0.000225355227769
0.000222229150206
0.000219038009563
0.00021579521526
0.000212512248088
0.000209198371157
0.000205860195272
0.000202501082075
0.000199120367685
0.000195712390657
0.000192265311798
0.000188759720965
0.000185167039183
0.000181447745675
0.000177549491387
0.000173405206435
0.000168931371424
0.000164026703718
0.00015857161057
0.000152428882647
0.000145446250284
0.000137461626108
0.000128312185385
0.000117849067577
0.000105960774178
9.26108087241e-05
7.78988911393e-05
6.21574171689e-05
4.60827203714e-05
3.08405808906e-05
1.79516604464e-05
8.71283580638e-06
3.37698744146e-06
9.94203796564e-07
2.04294123512e-07
2.46694532871e-08
1.64020883563e-09
6.97034142344e-10
0.00018405689118
0.000183651125908
0.00018289200652
0.00018182443135
0.000180487137754
0.000178913739959
0.000177133563459
0.000175172332263
0.000173052741548
0.000170794935158
0.000168416899756
0.000165934782921
0.000163363139299
0.000160715106522
0.000158002510475
0.00015523589735
0.00015242448798
0.000149576048015
0.000146696665771
0.000143790428127
0.000140858983938
0.000137900984243
0.000134911389645
0.000131880638308
0.000128793674207
0.000125628846321
0.000122356707792
0.000118938772792
0.000115326331752
0.000111459486635
0.000107266650523
0.000102664862027
9.75613951884e-05
9.18573000198e-05
8.54536962683e-05
7.82619018905e-05
7.02189197697e-05
6.13106627677e-05
5.16068154983e-05
4.13127694962e-05
3.08405812203e-05
2.08752406995e-05
1.23392310118e-05
6.09041373785e-06
2.39472944828e-06
7.11810775311e-07
1.47081592266e-07
1.78511552616e-08
1.23470008458e-09
5.61812430758e-10
0.000125022079713
0.000124705945639
0.000124114406938
0.000123282290166
0.000122239580672
0.000121012237231
0.000119622845214
0.000118091153713
0.000116434523212
0.00011466829997
0.000112806127387
0.000110860201029
0.000108841471732
0.000106759799461
0.000104624059248
0.000102442199154
0.000100221249052
9.79672779112e-05
9.56852962717e-05
9.33790998224e-05
9.10510494919e-05
8.87017833611e-05
8.63298562466e-05
8.39313043582e-05
8.14991356509e-05
7.90227524374e-05
7.64873230898e-05
7.38731365356e-05
7.11549997559e-05
6.83017781875e-05
6.52762354205e-05
6.20354042192e-05
5.85318146957e-05
5.4716009689e-05
5.05408734861e-05
4.59683556622e-05
4.09791449058e-05
3.55857059957e-05
2.9848848042e-05
2.38976566306e-05
1.79516608022e-05
1.23392311192e-05
7.48779913298e-06
3.8259534583e-06
1.55752478246e-06
4.75202863261e-07
9.96915247189e-08
1.22217701759e-08
8.92577831255e-10
4.40872274111e-10
7.51114955475e-05
7.48887989614e-05
7.44721829938e-05
7.38863302979e-05
7.31525435253e-05
7.22892980678e-05
7.13126879374e-05
7.02367947028e-05
6.90739969013e-05
6.78352305752e-05
6.65302077885e-05
6.51675977875e-05
6.37551741136e-05
6.2299930018e-05
6.08081638115e-05
5.92855350705e-05
5.773709208e-05
5.61672703737e-05
5.45798618267e-05
5.29779534855e-05
5.13638352171e-05
4.9738875393e-05
4.81033642858e-05
4.64563258311e-05
4.47953002128e-05
4.31161029041e-05
4.14125711906e-05
3.96763180614e-05
3.78965273788e-05
3.605984545e-05
3.4150454557e-05
3.21504546436e-05
3.00407283842e-05
2.7802514075e-05
2.54199404035e-05
2.28837489152e-05
2.01962823922e-05
1.73774733866e-05
1.44709786683e-05
1.15488698101e-05
8.71283605001e-06
6.09041383588e-06
3.82595348498e-06
2.06230149677e-06
8.94242166157e-07
2.88185424688e-07
6.25650937953e-08
7.82298444307e-09
6.15948021423e-10
3.34775298436e-10
3.71997127553e-05
3.70686379553e-05
3.68235919366e-05
3.64793759411e-05
3.60488595957e-05
3.55432736292e-05
3.49724506737e-05
3.43450282493e-05
3.36686218477e-05
3.29499728347e-05
3.21950742039e-05
3.14092763253e-05
3.05973743357e-05
2.97636784989e-05
2.89120686381e-05
2.80460335037e-05
2.71686957729e-05
2.62828232167e-05
2.53908264624e-05
2.44947437373e-05
2.35962130181e-05
2.26964321541e-05
2.17961078131e-05
2.08953945981e-05
1.99938265059e-05
1.90902442801e-05
1.81827244785e-05
1.72685197313e-05
1.63440253837e-05
1.54047962414e-05
1.44456491331e-05
1.34609024778e-05
1.24448213987e-05
1.13923512094e-05
1.03002224034e-05
9.16847683693e-06
8.0023677974e-06
6.81439290495e-06
5.62591760434e-06
4.46751041599e-06
3.37698755963e-06
2.3947295018e-06
1.55752480215e-06
8.94242170948e-07
4.2458977978e-07
1.50855989723e-07
3.5221681518e-08
4.59044984287e-09
4.02086071605e-10
2.43626843393e-10
1.3671948083e-05
1.36155813439e-05
1.3510310858e-05
1.33626768172e-05
1.31784239678e-05
1.29626060071e-05
1.27196748355e-05
1.24535585179e-05
1.21677298348e-05
1.18652663931e-05
1.15489028765e-05
1.12210758748e-05
1.08839617024e-05
1.05395076191e-05
1.01894568683e-05
9.83536793145e-06
9.47862838347e-06
9.12046371487e-06
8.76194147411e-06
8.40397109007e-06
8.04729976235e-06
7.69250486472e-06
7.33998340608e-06
6.98993925273e-06
6.64236907313e-06
6.29704838499e-06
5.95351976432e-06
5.61108636192e-06
5.26881554697e-06
4.92555995701e-06
4.58000660018e-06
4.23076880284e-06
3.87654000749e-06
3.51633084994e-06
3.14980784245e-06
2.77773709558e-06
2.40250139684e-06
2.0285964168e-06
1.66292520251e-06
1.31463020629e-06
9.94203836771e-07
7.11810794701e-07
4.7520287137e-07
2.88185427405e-07
1.50855990308e-07
6.16345546565e-08
1.65705479064e-08
2.37566336942e-09
2.4449009875e-10
1.67214506286e-10
3.25476193483e-06
3.23982124724e-06
3.21194396948e-06
3.17290540537e-06
3.1242779081e-06
3.06745317485e-06
3.00366232008e-06
2.93399422609e-06
2.85941229471e-06
2.78076958737e-06
2.69882231514e-06
2.61424166319e-06
2.52762397071e-06
2.43949932054e-06
2.35033861938e-06
2.26055926169e-06
2.17052948044e-06
2.08057149082e-06
1.99096353599e-06
1.90194094761e-06
1.81369634184e-06
1.72637908366e-06
1.64009417287e-06
1.55490073728e-06
1.47081037055e-06
1.38778563648e-06
1.30573919956e-06
1.22453426106e-06
1.14398731681e-06
1.06387474151e-06
9.83945359616e-07
9.03941938056e-07
8.23635251369e-07
7.42874596747e-07
6.61657556851e-07
5.8021813214e-07
4.99124530096e-07
4.19364986844e-07
3.4238383763e-07
2.70018304555e-07
2.04294132515e-07
1.47081596765e-07
9.96915267293e-08
6.25650945655e-08
3.52216817499e-08
1.65705479495e-08
5.53441587861e-09
9.89031619512e-10
1.34471850472e-10
1.05181803672e-10
4.16524780553e-07
4.14519190981e-07
4.10778891249e-07
4.05545163304e-07
3.99032577384e-07
3.91431585685e-07
3.82910951043e-07
3.73620040351e-07
3.63690971842e-07
3.53240594218e-07
3.42372277678e-07
3.31177504346e-07
3.19737253782e-07
3.08123186281e-07
2.96398631952e-07
2.84619396684e-07
2.7283439827e-07
2.61086147043e-07
2.49411086104e-07
2.37839806949e-07
2.26397157293e-07
2.15102259457e-07
2.03968460022e-07
1.93003235325e-07
1.82208083409e-07
1.71578443126e-07
1.61103697376e-07
1.50767343509e-07
1.40547453567e-07
1.30417604129e-07
1.20348530964e-07
1.10310850534e-07
1.0027926497e-07
9.02386754304e-08
8.01924704211e-08
7.01727784197e-08
6.02515063638e-08
5.05494600835e-08
4.12390571549e-08
3.25350931473e-08
2.46694544168e-08
1.78511558383e-08
1.2221770443e-08
7.82298455237e-09
4.59044988054e-09
2.37566337937e-09
9.89031621072e-10
2.67009887359e-10
6.27690163342e-11
5.72251715748e-11
2.38022871595e-08
2.36938554033e-08
2.34915841267e-08
2.32084339565e-08
2.28559013613e-08
2.24441664772e-08
2.19822291817e-08
2.14780359349e-08
2.09385974619e-08
2.03700965403e-08
1.97779851296e-08
1.91670703868e-08
1.85415894905e-08
1.79052735439e-08
1.72614010846e-08
1.66128418962e-08
1.59620919316e-08
1.53113002251e-08
1.46622887229e-08
1.40165660206e-08
1.33753360718e-08
1.2739503046e-08
1.21096736717e-08
1.14861586458e-08
1.08689750461e-08
1.0257852236e-08
9.65224458771e-09
9.05135560225e-09
8.45417979488e-09
7.8595711289e-09
7.26634970987e-09
6.67346140073e-09
6.08020670837e-09
5.48655315661e-09
4.89353502231e-09
4.30371961373e-09
3.72167411336e-09
3.15430103002e-09
2.61083993678e-09
2.10230434649e-09
1.64020890127e-09
1.23470011969e-09
8.92577848655e-10
6.15948029296e-10
4.02086074789e-10
2.44490099865e-10
1.34471850794e-10
6.27690164009e-11
2.53092946003e-11
2.34183257731e-11
6.58436771593e-09
6.56186392349e-09
6.51979825795e-09
6.46072246419e-09
6.38685484397e-09
6.30012575174e-09
6.20221539274e-09
6.09458602544e-09
5.97850974611e-09
5.85509253359e-09
5.7252949847e-09
5.58995006093e-09
5.44977812483e-09
5.30539953274e-09
5.1573450505e-09
5.00606436298e-09
4.8519329557e-09
4.69525765913e-09
4.53628116435e-09
4.37518584711e-09
4.21209727632e-09
4.04708783759e-09
3.88018097302e-09
3.71135663126e-09
3.54055863658e-09
3.36770482418e-09
3.19270094105e-09
3.01545945317e-09
2.8359244761e-09
2.65410395853e-09
2.47010984007e-09
2.28420595686e-09
2.09686173226e-09
1.90880698198e-09
1.72107954836e-09
1.5350535593e-09
1.35243329189e-09
1.17519815713e-09
1.00549068846e-09
8.45452827963e-10
6.97034161299e-10
5.61812442105e-10
4.40872280531e-10
3.3477530182e-10
2.4362684502e-10
1.67214506974e-10
1.05181803913e-10
5.72251716368e-11
2.3418325782e-11
4.89572196228e-12
)
;

boundaryField
{
    side_walls
    {
        type            calculated;
        value           nonuniform List<scalar> 
100
(
5.34310393562e-19
5.34310403456e-19
5.34310421951e-19
5.34310447925e-19
5.34310480402e-19
5.34310518534e-19
5.34310561582e-19
5.34310608903e-19
5.34310659939e-19
5.34310714201e-19
5.34310771269e-19
5.34310830776e-19
5.34310892405e-19
5.34310955884e-19
5.34311020978e-19
5.34311087492e-19
5.34311155258e-19
5.34311224143e-19
5.3431129404e-19
5.34311364869e-19
5.34311436573e-19
5.34311509122e-19
5.34311582506e-19
5.34311656732e-19
5.34311731827e-19
5.34311807825e-19
5.34311884769e-19
5.34311962696e-19
5.34312041632e-19
5.34312121572e-19
5.34312202469e-19
5.34312284205e-19
5.34312366574e-19
5.34312449256e-19
5.34312531793e-19
5.34312613583e-19
5.34312693876e-19
5.343127718e-19
5.34312846415e-19
5.34312916779e-19
5.34312982034e-19
5.34313041487e-19
5.34313094661e-19
5.34313141308e-19
5.34313181383e-19
5.34313214979e-19
5.34313242253e-19
5.34313263338e-19
5.34313278202e-19
5.34313286346e-19
5.34310393563e-19
5.34310403457e-19
5.34310421952e-19
5.34310447926e-19
5.34310480403e-19
5.34310518535e-19
5.34310561583e-19
5.34310608904e-19
5.34310659939e-19
5.34310714201e-19
5.34310771269e-19
5.34310830776e-19
5.34310892404e-19
5.34310955883e-19
5.34311020978e-19
5.34311087491e-19
5.34311155258e-19
5.34311224143e-19
5.34311294039e-19
5.34311364868e-19
5.34311436572e-19
5.34311509122e-19
5.34311582505e-19
5.34311656732e-19
5.34311731826e-19
5.34311807825e-19
5.34311884768e-19
5.34311962696e-19
5.34312041631e-19
5.34312121572e-19
5.34312202468e-19
5.34312284205e-19
5.34312366574e-19
5.34312449256e-19
5.34312531793e-19
5.34312613583e-19
5.34312693876e-19
5.343127718e-19
5.34312846415e-19
5.34312916779e-19
5.34312982034e-19
5.34313041487e-19
5.34313094661e-19
5.34313141308e-19
5.34313181383e-19
5.34313214979e-19
5.34313242253e-19
5.34313263338e-19
5.34313278202e-19
5.34313286346e-19
)
;
    }
    inlet
    {
        type            cyclic;
    }
    outlet
    {
        type            cyclic;
    }
    side_left
    {
        type            symmetryPlane;
    }
    side_bottom
    {
        type            symmetryPlane;
    }
}


// ************************************************************************* //
