/*--------------------------------*- C++ -*----------------------------------*\
| =========                 |                                                 |
| \\      /  F ield         | OpenFOAM: The Open Source CFD Toolbox           |
|  \\    /   O peration     | Version:  3.0.1                                 |
|   \\  /    A nd           | Web:      www.OpenFOAM.org                      |
|    \\/     M anipulation  |                                                 |
\*---------------------------------------------------------------------------*/
FoamFile
{
    version     2.0;
    format      ascii;
    class       volScalarField;
    location    "50000";
    object      omega;
}
// * * * * * * * * * * * * * * * * * * * * * * * * * * * * * * * * * * * * * //

dimensions      [0 0 -1 0 0 0 0];

internalField   nonuniform List<scalar> 
2500
(
0.305079139085
0.309991333148
0.319080642975
0.331683162826
0.34726036306
0.365422025737
0.38592285872
0.408645035386
0.433576594457
0.460791256056
0.490431914491
0.522698277415
0.557838373005
0.596143454229
0.637945881417
0.683619701468
0.733583795045
0.788307609681
0.848319637032
0.914218937093
0.98669017691
1.06652285622
1.15463566204
1.25210725993
1.36021533539
1.48048640523
1.61475991835
1.76527159491
1.93476302627
2.12662760629
2.34510741515
2.59556257548
2.8848452296
3.22182693814
3.61815483937
4.08935497564
4.65647244489
5.34855859823
6.20652585903
7.28927729068
8.68380408698
10.5228719821
13.0200370511
16.5557015185
21.9461714733
31.3786198771
51.6366097976
107.081471284
320.131594839
1871.57130396
0.309991761303
0.314878558995
0.32392172496
0.336461230138
0.351960567502
0.370029506557
0.390421141395
0.413015075872
0.437796441927
0.464836222397
0.49427512926
0.526311519052
0.561193079162
0.599211821733
0.640701971752
0.686040473933
0.735649999086
0.790004481323
0.849637361232
0.91515285689
0.987240749415
1.06669537279
1.15443976369
1.25155628818
1.35932556268
1.47927618825
1.61324881256
1.76347946004
1.9327091416
2.1243298011
2.34258120412
2.59282026917
2.88189496404
3.21867152827
3.6147902978
4.08576842801
4.65263897515
5.34443619282
6.20204695574
7.28433431197
8.67822488157
10.5163816066
13.0122172656
16.546034157
21.9344475748
31.3659317114
51.6256917195
107.074732161
320.129028239
1871.57126931
0.319081817618
0.323922471808
0.332881875186
0.345307218637
0.360665937779
0.378568076419
0.398764044206
0.421128911632
0.445642514177
0.472370679899
0.501449809489
0.533075309928
0.56749363597
0.6049974887
0.645923764787
0.690653988174
0.73961711645
0.793294771611
0.852229095674
0.917033583618
0.988407413299
1.06715399394
1.15420471634
1.2506492422
1.35777416183
1.47711254259
1.61050787709
1.76019735935
1.92892148169
2.12006998595
2.33787874524
2.58769903917
2.87637129501
3.21275198101
3.60846880727
4.07902232282
4.64542299507
5.33667294396
6.19361099862
7.2750249694
8.66772014871
10.5041666029
12.9975090386
16.527865563
21.9124386691
31.3421451171
51.6052494091
107.062125292
320.124229104
1871.57120452
0.331685277043
0.336462917421
0.345308159806
0.357578520883
0.372747497499
0.390426265287
0.410362241938
0.432424764307
0.456586589453
0.482906313822
0.511513901017
0.542599841098
0.576407722289
0.613229780182
0.653405024568
0.697319678868
0.745409830666
0.798166356509
0.856142344195
0.919963396627
0.990341375116
1.06809234478
1.15415974473
1.24964415438
1.35584150994
1.47429230743
1.60684530317
1.7557406306
1.92371930633
2.11416912944
2.33132151024
2.58052063896
2.86859699405
3.20439376809
3.59952119315
4.06945655734
4.63517846768
5.32564356101
6.18162257211
7.26179668473
8.65279941705
10.4868283327
12.9766511849
16.5021332095
21.8813220326
31.3085871637
51.5764667989
107.044399298
320.117486104
1871.57111354
0.347263491831
0.351963271027
0.360667897328
0.372748517561
0.38768735342
0.405098377833
0.424726626009
0.446435372235
0.470189214419
0.496037880803
0.524102889135
0.55456760184
0.587670490288
0.623701193974
0.662998981918
0.705953350206
0.753006651673
0.804658822875
0.861474442274
0.924092525359
0.993239646996
1.0697471946
1.15457382036
1.24883450903
1.35383815501
1.47113621502
1.60258596404
1.7504332759
1.91742188796
2.10693912568
2.32321257834
2.5715790721
2.85885784709
3.19387637754
3.58822359327
4.05734791432
4.62218797894
5.31164303774
6.16639770524
7.24499827373
8.63386120049
10.4648406337
12.9502322817
16.4695950453
21.8420674722
31.2663730008
51.5403547915
107.022199762
320.109049396
1871.57099978
0.365426146601
0.370033205115
0.378571035351
0.390428289178
0.405099384652
0.422203714188
0.44148553127
0.462802639961
0.486111167645
0.511450893588
0.538933176015
0.568732037222
0.60107825796
0.636256095483
0.674602244684
0.71650677476
0.762415928355
0.812836838078
0.868344388819
0.929590635384
0.99731738192
1.07237275587
1.15573288536
1.24853014447
1.35208991065
1.46797844637
1.59806546917
1.74460635273
1.91035092158
2.09868879721
2.31384574588
2.56115230454
2.84741648456
3.18144882489
3.57481428372
4.04292792314
4.60668145781
5.29490617574
6.14818429111
7.22490155044
8.61121634993
10.4385758604
12.9187207387
16.4308648021
21.7954768497
31.2164436853
51.4977794218
106.996084612
320.099136071
1871.57086621
0.385927877558
0.390425742558
0.398767913094
0.410365184024
0.424728558184
0.44148646092
0.460384950343
0.481277867542
0.504113354862
0.528920805232
0.555800163147
0.584914144004
0.616483266457
0.650783351055
0.688145126285
0.728955678556
0.773661623511
0.822774036051
0.876875347961
0.936628607195
1.00278969925
1.07622337098
1.15792418868
1.24904393323
1.35092742562
1.46515945024
1.59362639337
1.73859758265
1.90283331697
2.08972954728
2.30351363178
2.54951237851
2.83452406109
3.16734249243
3.55950733485
4.02639707246
4.58885078323
5.275622536
6.12717746548
7.20171738029
8.58510525114
10.408324
12.8824869424
16.386438251
21.7422139581
31.1595954182
51.4494841861
106.966536613
320.087934646
1871.57071543
0.408650811357
0.413020440881
0.421133555401
0.432428494161
0.446438104459
0.462804379236
0.481278682465
0.501713264788
0.524049556366
0.54830681683
0.574572898969
0.602997685757
0.633789141547
0.667211680273
0.703586526101
0.743293817874
0.786776331713
0.834544842051
0.88718530375
0.945368219611
1.00986076668
1.08154250367
1.16142578788
1.25068241875
1.3506785349
1.46302048125
1.58961532273
1.73275105082
1.89520352281
2.08038012482
2.29251458082
2.53693407509
2.82043026806
3.15178209335
3.54250417412
4.00793669202
4.56886179832
5.2539485075
6.10353177709
7.17560814985
8.55571098429
10.3743071683
12.8418200274
16.3367132302
21.682827656
31.0965026902
51.3961081844
106.933973735
320.075608841
1871.57054967
0.433582960914
0.437802406529
0.445647772795
0.456590952347
0.470192597774
0.486113573575
0.504114847656
0.524050240094
0.545856494819
0.569543695599
0.595187570651
0.622924217569
0.652947233824
0.685507013982
0.720911936349
0.759531218767
0.801799326546
0.848221943567
0.899383665147
0.955957742125
1.01871840908
1.08855657924
1.16650000257
1.253739387
1.351662513
1.46189908382
1.58638003504
1.72741641147
1.88780491717
2.07097018604
2.28115822522
2.52370218384
2.80539194296
3.13499522535
3.52400370633
3.98771931743
4.54686468235
5.23001755586
6.07737130739
7.14669789792
8.52316978544
10.3366909495
12.7969409053
16.2820052613
21.6177701448
31.0277369452
51.3382011094
106.898757918
320.062300815
1871.57037091
0.460798036472
0.464842612688
0.472376384054
0.482911146195
0.496041757983
0.51145381521
0.528922831164
0.548308045622
0.569544246625
0.592633997567
0.61764154918
0.644688912617
0.673954115632
0.705671465791
0.740133601648
0.77769515347
0.818777919093
0.863877569344
0.91357202722
0.968531820043
1.02953289433
1.09747262435
1.17339005708
1.25849184553
1.35418586693
1.46212525631
1.58426659414
1.72294739725
1.88099008052
2.06184250545
2.26976962492
2.5101173971
2.78968041519
3.11722078803
3.50421139993
3.96591807032
4.52300331967
5.20394937812
6.04879853481
7.11508096169
8.48757972315
10.2955935674
12.7480126428
16.2225599591
21.5474116246
30.9537818075
51.2762357434
106.861202508
320.048133944
1871.57018084
0.490438933695
0.494281772819
0.501455791566
0.511519041248
0.524107105003
0.538936464708
0.555802579907
0.574574536559
0.595188542258
0.617641975457
0.641988951235
0.668337790793
0.69685043868
0.727743713341
0.761292236933
0.797832919137
0.83777093651
0.881587239511
0.929847730915
0.983214396483
1.04245884208
1.10847891705
1.18231940329
1.26519815257
1.35853960149
1.46401834018
1.58361644186
1.71969970099
1.87511997836
2.05335382515
2.25869196082
2.49650082528
2.77358764216
3.09871640379
3.48334758038
3.94271539804
4.49742410307
5.17585847809
6.01790251764
7.08082975721
8.44900824837
10.251093592
12.69514895
16.1585630654
21.4720521791
30.8750455897
51.2106184061
106.821578575
320.0332152
1871.56998094
0.52270536899
0.526318252235
0.533081411124
0.542605136425
0.554572010148
0.56873555324
0.584916818076
0.602999604499
0.622925487647
0.644689648356
0.668338105426
0.693966610413
0.721721249191
0.751800689458
0.784459986604
0.820015883085
0.858853589667
0.901435111571
0.948309277585
1.00012375015
1.05763944974
1.1217480333
1.19349334731
1.27409816206
1.36499802879
1.46788484576
1.58476375914
1.71802848831
1.87056224823
2.04587445313
2.24828781816
2.48319712909
2.75743113368
3.07976488362
3.46165504613
3.91831137773
4.47028446612
5.14586253507
5.98476682815
7.04400216922
8.40749912255
10.2032367104
12.6384213451
16.0901487098
21.3919314952
30.7918715882
51.141697675
106.78012026
320.017637181
1871.5697725
0.557845383791
0.561199751501
0.567499710523
0.576413032835
0.587674957516
0.601081874112
0.616486076671
0.633791225872
0.652948691989
0.673955055294
0.696850967025
0.721721467406
0.748697777244
0.777960540454
0.809744491504
0.844344545563
0.882123353545
0.92352042639
0.969063014129
1.01937903056
1.07521245343
1.13744181785
1.20710268008
1.28541529127
1.37381923265
1.47401748881
1.58803346545
1.71828592538
1.86768891991
2.0397868389
2.23893917619
2.47057629235
2.74155763829
3.06067971152
3.43940602602
3.89293167981
4.44176132803
5.11409083374
5.94947757462
7.00464893455
8.36307913723
10.1520419966
12.577865442
16.0174063621
21.3072368796
30.7045465629
51.0697716313
106.737029254
320.001479824
1871.56955663
0.596150246791
0.59921829829
0.605003406068
0.613234980941
0.623705601132
0.636259698788
0.650786190138
0.667213828174
0.685508563038
0.705672516584
0.727744366696
0.751801041072
0.777960677639
0.806386844846
0.837294045499
0.870954561034
0.90770673463
0.94796484542
0.992230796864
1.04110793631
1.09531744899
1.15571794219
1.22332907505
1.29936042763
1.38524728525
1.48269570786
1.59374025398
1.72081917585
1.86687399976
2.03548346677
2.23104631586
2.4590341176
2.72634557459
3.04180948391
3.41690842516
3.86683519525
4.41205954128
5.08069293784
5.91213177498
6.9628213424
8.31576498349
10.0975080516
12.5134867414
15.9403868589
21.2181099459
30.613307715
50.9950938465
106.692478534
319.984811832
1871.56933428
0.637952335133
0.640708134112
0.645929410468
0.653410006035
0.663003224999
0.674605736687
0.688147901081
0.703588649311
0.720913492453
0.74013468372
0.761292939068
0.784460398736
0.809744696166
0.837294116062
0.867303896235
0.900023779385
0.935766966642
0.974920675306
1.01795856768
1.06545540404
1.11810439019
1.17673785168
1.24235209158
1.31613760625
1.3995162873
1.49418789462
1.60218904266
1.72596934436
1.86849141878
2.03336450875
2.22502596598
2.4489916136
2.71220623718
3.02354123835
3.39451126025
3.84032125727
4.38142034819
5.04584771196
5.87284628203
6.91857952656
8.26557059291
10.0396193553
12.4452662651
15.8591078365
21.1246522835
30.5183484363
50.9178782937
106.646615441
319.967691865
1871.56910626
0.683625712728
0.686046220305
0.690659263662
0.697324346819
0.705957339805
0.716510071014
0.728958309418
0.743295841211
0.75953271078
0.777696199294
0.79783360575
0.820016294339
0.844344758975
0.870954645953
0.900023796188
0.931780446343
0.966512785553
1.00458011802
1.04642594433
1.09259335667
1.14374325531
1.20067604928
1.26435772016
1.33595143084
1.41685629316
1.50875553023
1.61367718028
1.73407183218
1.87291387958
2.03383576097
2.22130911999
2.44089355681
2.69958389016
3.00630264121
3.37260917084
3.81373633313
4.35012977722
5.00977271885
5.83176739664
6.87200158088
8.21251524505
9.97835315497
12.3731663593
15.7735588779
21.0269303994
30.4198230781
50.8383033674
106.599564193
319.950169501
1871.56887328
0.733589276889
0.735655243876
0.739621938687
0.745414105462
0.75301031214
0.762418957445
0.77366404324
0.786778191969
0.801800694914
0.818778872381
0.837771554201
0.858853949195
0.88212352714
0.907706787419
0.935766955712
0.966512759709
1.00020851122
1.03718578524
1.07785705273
1.12273170633
1.17243502919
1.22773081067
1.28954852502
1.35901628591
1.43750120766
1.52665940205
1.62849870896
1.74545854188
1.88051314551
2.03730744807
2.2203390614
2.43520663679
2.68895497933
2.99056308302
3.35164591603
3.78748003253
4.31852684466
4.97273394214
5.7890812354
6.82319367796
8.15663270623
9.9136871966
12.2971369775
15.6837066701
20.9249801989
30.3178509724
50.7565151797
106.551427943
319.932286032
1871.56863591
0.788312491089
0.790009154376
0.793299072142
0.798170172145
0.804662091242
0.812839540446
0.82277618863
0.83454648668
0.848223138989
0.863878383734
0.88158774452
0.90143537789
0.923520520674
0.947964828341
0.97492060049
1.00458003165
1.03718572613
1.07304279504
1.11253292917
1.15613092904
1.20442428705
1.25813657156
1.31815557669
1.38556749805
1.4616988092
1.54816809886
1.64695097108
1.76046234282
1.89166230897
2.04419451753
2.22257022838
2.4324177302
2.68082684067
2.97683385182
3.33211683579
3.76201028612
4.28701138184
4.93505570939
5.74502484075
6.77230130935
8.09798162564
9.84560858969
12.2171227502
15.5895004593
20.8188112712
30.2125199374
50.6726303065
106.502290462
319.9140751
1871.56839462
0.848323862006
0.849641406896
0.852232819674
0.856145647255
0.861477267129
0.868346715543
0.87687718726
0.887186689513
0.899384647202
0.913572664908
0.929848087786
0.948309417296
0.969062997482
0.992230679827
1.01795840022
1.04642576986
1.07785690803
1.11253284461
1.15080591142
1.19311663914
1.2400137973
1.29217837498
1.35045251866
1.41587474532
1.48972316781
1.57356905489
1.66934387961
1.77942421084
1.90674057413
2.05491907231
2.22846862526
2.43303298013
2.67573644924
2.96566771867
3.31457037738
3.73784760152
4.25605129302
4.89713062625
5.69989793809
6.71952168839
8.03665736106
9.77412406516
12.1330711341
15.4908780936
20.708411247
30.1038895053
50.5867381652
106.452217563
319.895563235
1871.56814979
0.914222463603
0.915156232977
0.917036688852
0.919966145231
0.92409486575
0.929592547024
0.936630095752
0.945369311306
0.95595847796
0.968532250461
0.983214576759
1.00012373668
1.01937887803
1.04110769574
1.06545512152
1.09259307269
1.12273145548
1.15613074015
1.19311653555
1.23409670442
1.27958169298
1.33020891762
1.38677227886
1.4502581834
1.52188988397
1.60318254267
1.69601226003
1.80270350496
1.92614111573
2.06991562232
2.23851455793
2.43757848314
2.67424993035
2.95765846885
3.29960896374
3.71557841799
4.22618908127
4.8594292916
5.65407515999
6.66511726488
7.97280533151
9.69927183979
12.0449419133
15.3877729362
20.5937505044
29.9919941241
50.4989032156
106.401258365
319.876770318
1871.5679017
0.98669297576
0.987243426094
0.988409869067
0.990343537899
0.993241471413
0.997318847476
1.00279080719
1.00986153601
1.01871887224
1.02953309295
1.0424588231
1.05763926213
1.07521214556
1.09531706673
1.11810397554
1.14374284561
1.17243465673
1.20442397899
1.24001357581
1.27958157559
1.32360191038
1.37266890308
1.42752712371
1.48910795834
1.55857477731
1.63737920261
1.72733182916
1.83069196119
1.95028265542
2.08963989832
2.25320854866
2.44660351162
2.67696373962
2.95344114161
3.28788971255
3.69585776313
4.19804757477
4.82250956465
5.60801848756
6.60943019801
7.90663589562
9.62113522705
11.952718282
15.2801219185
20.4747875088
29.8768466066
50.4091671972
106.349446529
319.857710026
1871.56765053
1.06652490986
1.06669733145
1.06715578003
1.06809389991
1.06974848005
1.07237375188
1.07622407508
1.08154292829
1.08855674868
1.09747257167
1.10847868092
1.12174765519
1.13744133969
1.1557174045
1.17673729218
1.200675502
1.2277303054
1.25813613366
1.29217802537
1.33020867298
1.37266877616
1.42011161031
1.47323297374
1.53290801552
1.6002369064
1.67660194981
1.76373961166
1.86383218458
1.97962555744
2.11458209805
2.27308140302
2.46068734146
2.68450861615
2.95369399744
3.28012579989
3.67941167442
4.17233496382
4.78702522024
5.56228961971
6.55289752912
7.83844063209
9.53985803042
11.8564196711
15.1678749785
20.351475078
29.7584421231
50.3175516405
106.296801601
319.8383903
1871.56739641
1.15463696331
1.15444099579
1.15420582197
1.15416067901
1.15457455155
1.15573339511
1.15792447163
1.1614258506
1.16649986184
1.17338973775
1.18231893597
1.19349276604
1.20710202027
1.22332837173
1.24235137802
1.2643570269
1.28954787921
1.31815500173
1.3504520341
1.38677190046
1.42752686361
1.47323284077
1.52453917467
1.58226541142
1.64744711749
1.72139342646
1.80575992003
1.90264172511
2.01469351199
2.14528565786
2.29870959396
2.48045094776
2.69755764173
2.95914352125
3.27708960238
3.66704019143
4.14984953615
4.75373398496
5.51756200094
6.49606670781
7.76860975621
9.45566161241
11.756116373
15.0510060708
20.2237678631
29.6367630614
50.2240609191
106.243330614
319.818813901
1871.56713936
1.25210781086
1.25155679409
1.25064966501
1.24964446232
1.24883467759
1.24853015734
1.249043783
1.25068210696
1.25373892362
1.25849124774
1.26519744324
1.27409736795
1.28541444129
1.29935955126
1.31613673219
1.335950586
1.35901549461
1.38556678162
1.4158741218
1.45025766751
1.48910756156
1.53290774625
1.58226527525
1.63794671461
1.70092372375
1.77243059266
1.85403745902
1.94774425239
2.05610227807
2.18237300518
2.33073744593
2.50657512168
2.71684003941
2.97057411667
3.27961915858
3.65962216104
4.13148489518
4.72350522508
5.4746323506
6.43961107876
7.69765025659
9.36886334898
11.6519458643
14.9295258482
20.0916313136
29.511785102
50.1286861437
106.189030147
319.798979124
1871.56687937
1.36021514593
1.35932535051
1.35777390684
1.35584119294
1.3538377588
1.35208942154
1.35092683494
1.3506778401
1.35166171801
1.35418498192
1.35853864202
1.3649970146
1.37381818627
1.38524623062
1.39951524846
1.41685529327
1.4375002681
1.46169794909
1.48972240354
1.52188922914
1.55857424261
1.60023649976
1.6474468442
1.70092358672
1.76157744707
1.8305686055
1.90937969442
1.99990993262
2.10459753724
2.22658029405
2.36990810136
2.53982701572
2.74316277727
2.98884459876
3.28862999494
3.65812365015
4.11823698727
4.69732799499
5.43443178737
6.38434497381
7.62620420064
9.27989595635
11.5441305061
14.8034959655
19.9550523433
29.3834848663
50.0314102312
106.133889026
319.778880745
1871.56661633
1.48048549206
1.47927527274
1.47711162122
1.47429137292
1.47113525746
1.46797745516
1.46515841626
1.46301939869
1.46189795147
1.46212407803
1.46401712479
1.46788360633
1.47401624169
1.4826944715
1.49418668842
1.5087543735
1.52665831316
1.54816709456
1.57356814985
1.60318174922
1.63737853059
1.67660140658
1.72139301698
1.77243031964
1.83056846958
1.89689688295
1.97281140379
2.06010791267
2.1611047186
2.27880392155
2.41710600788
2.58109782633
2.77744269785
3.01491423168
3.30513502819
3.66361247497
4.11121499133
4.6763207993
5.39803709014
6.33123823156
7.55506657696
9.18932692868
11.4329960121
14.6730447425
19.8140518185
29.2518494905
49.9322145138
106.077891932
319.758511302
1871.56635013
1.61475830367
1.61324721393
1.61050630617
1.60684376381
1.60258445348
1.59806398026
1.59362491722
1.58961385118
1.58637856258
1.58426511911
1.58361496693
1.58476229118
1.5880320149
1.59373883394
1.60218766792
1.61367586629
1.62849747098
1.64694982343
1.66934283513
1.6960113297
1.72733102188
1.76373893415
1.80575937684
1.85403705259
1.90937942528
1.97281127065
2.04564538672
2.12957491303
2.22679477951
2.34016275271
2.47341477408
2.63145538384
2.82075289263
3.04988200823
3.33027619559
3.67728232129
4.11165910957
4.66174534709
5.36668336325
6.28143036923
7.48520208462
9.09787708645
11.3189897234
14.5383836216
19.6686988263
29.1168884359
49.8310872676
106.021024155
319.737862811
1871.56608061
1.76526930536
1.76347720299
1.7601951602
1.75573850348
1.75043122498
1.74460437456
1.73859566919
1.73274919233
1.72741459901
1.72294562442
1.71969796501
1.71802679032
1.71828427024
1.72081757154
1.72596780113
1.73407036165
1.74545715615
1.76046105374
1.77942302933
1.80270244059
1.83069102184
1.86383137625
1.90264105189
1.94774371645
1.99990953427
2.06010765052
2.12957478412
2.20990545272
2.30317149198
2.41208157847
2.540195843
2.69221699206
2.87438855362
3.09504430878
3.36537285244
3.70049130507
4.120969676
4.65502790139
5.34178050147
6.23624538549
7.4177605551
9.00643708165
11.2026973375
14.3998234775
19.5191264543
28.9786477554
49.7280345287
105.963277795
319.716929047
1871.56580765
1.93476009187
1.93270625428
1.92891867919
1.92371661222
1.91741931299
1.91034846617
1.90283097442
1.89520128253
1.88780276758
1.88098801129
1.87511798191
1.87056032052
1.86768706062
1.86687221197
1.86848970835
1.87291225433
1.88051161442
1.89166088134
1.90673925895
1.92613992108
1.9502815881
1.97962462273
2.01469271344
2.05610161752
2.10459701478
2.16110433269
2.22679452709
2.3031713686
2.39218799016
2.49640359279
2.61919573111
2.76505016175
2.93995979679
3.15197826604
3.41199408054
3.73482186207
4.14075400009
4.65779375873
5.3249375764
6.1972094753
7.35409138751
8.91608078546
11.084856422
14.2577894339
19.3655485231
28.8372268929
49.6230935132
105.904659656
319.695708499
1871.56553116
2.12662405947
2.12432631422
2.12006660773
2.11416589204
2.10693604604
2.09868587969
2.08972678692
2.08037751081
2.07096770491
2.06184014365
2.05335157098
2.04587229795
2.03978477759
2.03548149782
2.03336263375
2.03383398405
2.03730577507
2.04419295523
2.0549176277
2.06991430199
2.08963870798
2.11458104218
2.1452847395
2.18237222577
2.22657965347
2.27880341809
2.34016238317
2.41208133829
2.49640347615
2.59554290654
2.71269288725
2.85211223622
3.01952231007
3.22266147057
3.47206526824
3.78217196761
4.17290037844
4.67192329322
5.31800192845
6.16607611751
7.29575880978
8.82807507744
10.9663650058
14.1128325604
19.2082764537
28.6927979004
49.5163488362
105.845201068
319.674208109
1871.56525114
2.3451032899
2.34257715007
2.33787482087
2.33131775543
2.32320901588
2.31384238402
2.30351046761
2.29251160382
2.28115542068
2.26976697679
2.25868945393
2.24828543979
2.23893691689
2.23104416976
2.22502393064
2.22130719589
2.22033725128
2.22256853647
2.22846705657
2.23851311751
2.25320724113
2.27308023206
2.29870856206
2.3307365542
2.36990734942
2.41710539385
2.47341429464
2.54019549346
2.61919550551
2.71269277849
2.82370001618
2.95624480367
3.11576164262
3.30964362738
3.54802424313
3.84489249757
4.21969337665
4.69964249212
5.32312394642
6.14486663564
7.2445625166
8.7438872039
10.8482842694
13.9656370295
19.0477354147
28.5456267973
49.4079515367
105.784969693
319.652447848
1871.56496778
2.59555790653
2.59281568128
2.58769459943
2.5805163942
2.57157505052
2.56114851825
2.54950882684
2.53693074829
2.5236990665
2.51011447129
2.49649807298
2.48319453401
2.47057384114
2.45903180035
2.44898942399
2.44089149177
2.43520469598
2.43241591529
2.43303129408
2.43757692949
2.44660209383
2.46068606246
2.48044980953
2.50657412498
2.53982615996
2.5810971095
2.63145480249
2.69221654138
2.76504983566
2.85211202744
2.9562447039
3.08124597534
3.2322543001
3.41629323635
3.64304974415
3.925993008
4.28399183035
4.74366805638
5.34286531975
6.13594050217
7.20257335744
8.66519463642
10.7318368174
13.8170227873
18.884479571
28.3960968536
49.2981406745
105.724083173
319.630466063
1871.56468148
2.88484005172
2.88188987584
2.87636637119
2.86859228769
2.8588533914
2.84741229538
2.83452014019
2.82042660675
2.80538852568
2.78967722267
2.77358465408
2.75742833072
2.74155500355
2.72634309445
2.7122039016
2.69958169261
2.68895291636
2.68082491135
2.67573465445
2.67424827201
2.67696222008
2.68450723756
2.69755640557
2.71683894617
2.7431618262
2.77744188683
2.82075221816
2.87438801081
2.93995937946
3.01952201079
3.11576145289
3.23225421042
3.37383972278
3.54715356226
3.7613964454
4.02944979297
4.36950265545
4.80743871579
5.3803798704
6.14212038667
7.17220337847
8.59391041163
10.6184082792
13.6679481856
18.7192086831
28.244734315
49.1872670889
105.662724108
319.608325366
1871.56439296
3.22182128547
3.21866597287
3.21274660428
3.20438862877
3.19387151347
3.18144425551
3.16733822205
3.15177811466
3.13499152303
3.11721734196
3.09871319185
3.07976188395
3.06067690408
3.04180685163
3.02353876765
3.00630032214
2.99056090902
2.97683181927
2.96566582623
2.95765671677
2.95343953102
2.95369252968
2.95914219734
2.97057293686
2.9888435622
3.01491333627
3.04988125048
3.0950436838
3.15197776758
3.22266109112
3.30964335827
3.41629306787
3.54715348375
3.70845897642
3.90888811859
4.16066801423
4.48120202746
4.89548334002
5.43971528946
6.16691608317
7.156347942
8.53225381574
10.5095744176
13.5195278793
18.5527946831
28.0922395305
49.0758191221
105.601155415
319.586118542
1871.56410335
3.61814874483
3.61478430725
3.60846300813
3.59951564922
3.58821834672
3.57480935749
3.55950273583
3.54249989662
3.52399973562
3.50420771549
3.48334415877
3.46165186334
3.43940305928
3.41690565421
3.39450866815
3.37260674427
3.35164364526
3.33211471439
3.31456840165
3.29960713206
3.28788802468
3.28012425627
3.27708820352
3.2796179045
3.28862888478
3.30513405994
3.33027536588
3.3653721565
3.41199351219
3.47206481995
3.54802390613
3.64304950856
3.76139630034
3.90888805231
4.09364695597
4.327177436
4.62598477494
5.01400750938
5.52631712647
6.21492625327
7.15867349767
8.4829316043
10.4072079642
13.3731061939
18.386341956
27.9395328598
48.9644515003
105.539734859
319.563973669
1871.56381424
4.08934847037
4.08576203278
4.07901613048
4.06945063634
4.05734231087
4.04292266358
4.0263921663
4.0079321354
3.9877150965
3.96591416456
3.94271178308
3.91830802785
3.89292856985
3.86683230206
3.8403185607
3.81373381654
3.78747768298
3.76200809418
3.7378455609
3.71557652496
3.69585601585
3.67941007223
3.66703873419
3.65962084847
3.6581224814
3.66361144817
3.67728143333
3.70049055142
3.73482123676
3.78217146322
3.84489210537
3.92599271802
4.02944959418
4.16066789468
4.32717738293
4.53968430217
4.81366935644
5.17183141032
5.64787354221
6.29256095534
7.18419509313
8.44956880303
10.3137892139
13.2304815152
18.2213393169
27.7878402913
48.8540230591
105.478927826
319.542057338
1871.56352775
4.65646555779
4.65263220367
4.64541643703
4.63517219586
4.62218204341
4.60667588823
4.5888455918
4.56885698314
4.54686023075
4.52299921142
4.49742031328
4.47028096773
4.44175809384
4.41205654552
4.38141756767
4.35012719205
4.31852443862
4.28700914234
4.25604921093
4.22618715041
4.19804579134
4.17233332573
4.14984804234
4.1314835449
4.11823577955
4.11121392445
4.11165818074
4.12096888106
4.14075333341
4.17289983291
4.21969294373
4.28399150016
4.36950241692
4.48120186853
4.6259846827
4.81366931733
5.0585605935
5.38189719712
5.81573922631
6.40934657907
7.24042658881
8.43768130958
10.2331940901
13.0944982726
18.060038552
27.6388805859
48.745661297
105.419319665
319.520574888
1871.56324651
5.34855135582
5.34442907131
5.3366660459
5.32563696329
5.31163679417
5.29490031925
5.27561708157
5.25394345534
5.2300128947
5.20394508833
5.17585453459
5.14585890981
5.11408749778
5.08068986308
5.04584487237
5.00977009138
4.9727315072
4.93505345109
4.89712853229
4.85942735299
4.82250777521
4.787023576
4.75373248349
4.72350386481
4.69732677456
4.67631971699
4.66174440033
4.65502708646
4.65779307049
4.67192272503
4.69964203582
4.74366770238
4.8074384532
4.89548315685
5.01400739273
5.17183134661
5.38189717233
5.66371075113
6.04735550433
6.58029666883
7.33965839772
8.45679424623
10.1725469758
12.9704839763
17.9063674082
27.4953040933
48.6409039962
105.36163623
319.499767376
1871.56297356
6.20651828648
6.20203950929
6.19360378541
6.18161567308
6.1663911779
6.14817817174
6.1271717719
6.10352651179
6.07736646068
6.04879408796
6.01789844565
5.98476310227
5.94947416449
5.91212865041
5.87284341432
5.83176475966
5.78907880618
5.74502259993
5.69989586994
5.65407325229
5.60801673123
5.56228800834
5.51756053018
5.47463101749
5.43443058968
5.39803602577
5.36668242966
5.34177969523
5.32493689285
5.31800136152
5.32312348854
5.34286496187
5.38037960207
5.43971509903
5.52631700131
5.64787346895
5.81573919114
6.04735549344
6.37042014993
6.8302558128
7.50344461211
8.52492495406
10.1463601095
12.8695615254
17.768078354
27.3617510097
48.5420537475
105.306802059
319.479907607
1871.5627122
7.28926941626
7.28432656893
7.27501746953
7.26178951306
7.24499149157
7.22489519747
7.20171147733
7.17560270182
7.14669289695
7.11507639011
7.08082559037
7.04399837792
7.00464548725
6.96281820701
6.91857667188
6.87199897774
6.82319130003
6.77229913362
6.7195196954
6.66511543878
6.60942852629
6.5528960023
6.49606531891
6.43960982272
6.38434384687
6.33123723062
6.28142949126
6.23624462702
6.19720883197
6.16607558382
6.14486620468
6.13594016565
6.14212013487
6.16691590517
6.21492613708
6.29256088818
6.40934654777
6.58029666016
6.83025581412
7.20196702288
7.77139393443
8.67781084663
10.1854055992
12.8160138558
17.6617418476
27.2474537892
48.453118312
105.256125566
319.461304716
1871.56246573
8.68379595563
8.67821688702
8.66771240751
8.65279201847
8.63385420978
8.61120981035
8.58509918664
8.55570540241
8.52316468027
8.4875750783
8.44900403967
8.40749532054
8.36307570933
8.31576189585
8.26556781189
8.21251273849
8.15663044432
8.09797958155
8.03665551136
7.97280365625
7.90663437834
7.83843925956
7.76860851806
7.69764914485
7.62620320916
7.55506570085
7.48520131967
7.41775989721
7.35409083223
7.2957583519
7.24456214989
7.2025730745
7.17220317066
7.15634779953
7.15867340974
7.18419504819
7.24042657487
7.33965840279
7.50344462479
7.77139394462
8.21829508024
8.98734494469
10.3550031266
12.863210594
17.6243182897
27.1727923645
48.3824064843
105.211884927
319.444347363
1871.56223716
10.5228636888
10.5163734552
10.504158715
10.4868208015
10.4648335286
10.4385692283
10.4083178682
10.374301547
10.3366858349
10.2955889445
10.2510894371
10.203232994
10.1520386851
10.0975051093
10.0396167461
9.97835084361
9.91368514968
9.84560677632
9.77412245759
9.69927041359
9.62113396125
9.53985690742
9.45566061773
9.36886247092
9.27989518555
9.18932625763
9.09787650895
9.00643659232
8.91608037919
8.82807474903
8.74388694769
8.66519444603
8.59391027984
8.53225373447
8.48293156467
8.44956879553
8.43768132437
8.45679427349
8.52492498446
8.67781087203
8.98734495896
9.59730102045
10.7913695022
13.1273223451
17.7400897967
27.1863071513
48.3500333747
105.179215112
319.42968437
1871.56202891
13.0200288043
13.0122091649
12.997501209
12.9766437234
12.950225261
12.9187142092
12.8824809346
12.8418145542
12.7969359651
12.7480082218
12.6951450253
12.6384178867
12.5778624152
12.5134841087
12.4452639878
12.3731643988
12.2971352966
12.2171213137
12.1330699097
12.0449408717
11.9527173975
11.8564189211
11.7561157385
11.6519453295
11.5441300578
11.4329956397
11.3189894183
11.2026970925
11.0848562311
10.9663648638
10.8482841713
10.7318367583
10.6184082537
10.5095744201
10.4072079888
10.3137892542
10.2331941397
10.1725470282
10.1463601585
10.1854056396
10.3550031545
10.7913695158
11.7723023966
13.8579187834
18.2038510186
27.4102669109
48.4108711422
105.172577268
319.418914306
1871.56184266
16.5556937174
16.5460265022
16.5278581798
16.502126196
16.469588476
16.4308587298
16.3864327084
16.3367082324
16.2820008083
16.2225560384
16.1585596545
16.0901457783
16.0174038741
15.9403847751
15.8591061154
15.7735574778
15.6837055499
15.5894995797
15.490877418
15.3877724306
15.2801215527
15.1678747256
15.0510059076
14.9295257551
14.803495926
14.6730447434
14.5383836523
14.3998235298
14.2577895017
14.1128326389
13.9656371152
13.8170228775
13.6679482779
13.5195279717
13.3731062844
13.2304816016
13.0944983529
12.9704840483
12.8695615871
12.8160139054
12.8632106304
13.1273223681
13.8579187938
15.5877279478
19.470964015
28.166146607
48.7290361257
105.240220156
319.417438698
1871.56167926
21.9461647069
21.9344409465
21.9124322976
21.8813160115
21.8420618736
21.7954717253
21.7422093407
21.6828235615
21.6177665739
21.5474085656
21.4720496096
21.3919293848
21.3072351918
21.2181086402
21.1246513169
21.0269297282
20.92497978
20.8188110629
20.7084112101
20.5937506027
20.4747877095
20.3514753523
20.223768186
20.0916316639
19.9550527038
19.8140521756
19.6686991696
19.5191267764
19.3655488193
19.2082767215
19.0477356531
18.8844797806
18.7192088653
18.55279484
18.38634209
18.2213394301
18.0600386466
17.9063674863
17.7680784172
17.6617418972
17.6243183269
17.7400898225
18.2038510342
19.4709640219
22.6231755098
30.3281591831
49.8329870167
105.567972191
319.4484786
1871.56153889
31.3786147339
31.3659266857
31.3421403091
31.3085826535
31.2663688508
31.2164399406
31.1595921076
31.0964998276
31.0277345307
30.95377983
30.875044028
30.7918704137
30.7045457412
30.6133072079
30.5183482033
30.4198230781
30.3178511648
30.2125202832
30.1038899679
29.9919946701
29.8768472059
29.7584427494
29.6367636925
29.5117857195
29.3834854556
29.2518500408
29.1168889396
28.9786482081
28.8372272927
28.6927982476
28.5456270941
28.3960971034
28.2447345222
28.0922397001
27.9395329968
27.7878404008
27.6388806726
27.4953041612
27.3617510626
27.2474538299
27.1727923952
27.1863071738
27.4102669264
28.1661466164
30.3281591873
36.3510994995
53.5271266859
106.970821936
319.640340899
1871.56142121
51.6366065544
51.6256885597
51.6052464033
51.5764640041
51.5403522524
51.4977771707
51.4494822437
51.39610656
51.3381998023
51.2762347443
51.210617698
51.1416972352
51.069771433
50.9950938597
50.9178784872
50.8383037096
50.7565156395
50.6726308544
50.5867387739
50.4989038601
50.4091678557
50.3175522942
50.2240615525
50.1286867443
50.0314107896
49.9322150235
49.8310877247
49.7280349317
49.6230938626
49.516349134
49.4079517863
49.2981408802
49.1872672557
49.0758192551
48.9644516048
48.8540231401
48.745661359
48.6409040434
48.5420537832
48.453118339
48.3824065047
48.3500333901
48.4108711536
48.7290361337
49.8329870218
53.5271266882
66.2933683968
113.428876461
320.930713107
1871.56132568
107.081469716
107.074730637
107.06212385
107.04439797
107.022198571
106.996083576
106.966535743
106.933973036
106.898757388
106.861202142
106.821578363
106.780120188
106.737029307
106.692478696
106.646615692
106.599564516
106.55142832
106.502290877
106.452218001
106.401258812
106.349446973
106.296802032
106.243331025
106.189030531
106.133889378
106.077892249
106.021024437
105.963278041
105.904659867
105.845201246
105.78496984
105.724083294
105.662724204
105.601155491
105.539734918
105.47892787
105.419319698
105.361636255
105.306802078
105.25612558
105.211884937
105.17921512
105.172577274
105.24022016
105.567972195
106.970821939
113.428876462
146.069667585
332.021789629
1871.56125183
320.131594343
320.129027758
320.124228651
320.117485691
320.109049029
320.099135758
320.08793439
320.075608643
320.062300675
320.04813386
320.033215168
320.017637197
320.001479881
319.984811925
319.967691986
319.950169645
319.932286192
319.91407527
319.89556341
319.876770493
319.857710197
319.838390463
319.818814054
319.798979265
319.778880873
319.758511416
319.737862911
319.716929133
319.695708572
319.674208169
319.652447897
319.630466103
319.608325397
319.586118567
319.563973689
319.542057354
319.520574901
319.499767386
319.479907616
319.461304724
319.444347371
319.429684377
319.418914313
319.417438704
319.448478606
319.640340903
320.93071311
332.021789631
446.3395121
1871.56119976
1871.57130396
1871.5712693
1871.57120452
1871.57111354
1871.57099978
1871.57086621
1871.57071542
1871.57054967
1871.57037091
1871.57018084
1871.56998094
1871.5697725
1871.56955663
1871.56933428
1871.56910627
1871.56887329
1871.56863592
1871.56839463
1871.5681498
1871.5679017
1871.56765054
1871.56739641
1871.56713937
1871.56687937
1871.56661633
1871.56635013
1871.56608061
1871.56580765
1871.56553116
1871.56525115
1871.56496779
1871.56468148
1871.56439296
1871.56410335
1871.56381424
1871.56352775
1871.56324651
1871.56297356
1871.5627122
1871.56246573
1871.56223716
1871.56202891
1871.56184266
1871.56167926
1871.56153889
1871.56142121
1871.56132568
1871.56125183
1871.56119976
1871.56117124
)
;

boundaryField
{
    side_walls
    {
        Cmu             0.09;
        kappa           0.41;
        E               9.8;
        beta1           0.075;
        type            omegaWallFunction;
        value           nonuniform List<scalar> 
100
(
1871.57130396
1871.57126931
1871.57120452
1871.57111354
1871.57099978
1871.57086621
1871.57071543
1871.57054967
1871.57037091
1871.57018084
1871.56998094
1871.5697725
1871.56955663
1871.56933428
1871.56910626
1871.56887328
1871.56863591
1871.56839462
1871.56814979
1871.5679017
1871.56765053
1871.56739641
1871.56713936
1871.56687937
1871.56661633
1871.56635013
1871.56608061
1871.56580765
1871.56553116
1871.56525114
1871.56496778
1871.56468148
1871.56439296
1871.56410335
1871.56381424
1871.56352775
1871.56324651
1871.56297356
1871.5627122
1871.56246573
1871.56223716
1871.56202891
1871.56184266
1871.56167926
1871.56153889
1871.56142121
1871.56132568
1871.56125183
1871.56119976
1871.56117124
1871.57130396
1871.5712693
1871.57120452
1871.57111354
1871.57099978
1871.57086621
1871.57071542
1871.57054967
1871.57037091
1871.57018084
1871.56998094
1871.5697725
1871.56955663
1871.56933428
1871.56910627
1871.56887329
1871.56863592
1871.56839463
1871.5681498
1871.5679017
1871.56765054
1871.56739641
1871.56713937
1871.56687937
1871.56661633
1871.56635013
1871.56608061
1871.56580765
1871.56553116
1871.56525115
1871.56496779
1871.56468148
1871.56439296
1871.56410335
1871.56381424
1871.56352775
1871.56324651
1871.56297356
1871.5627122
1871.56246573
1871.56223716
1871.56202891
1871.56184266
1871.56167926
1871.56153889
1871.56142121
1871.56132568
1871.56125183
1871.56119976
1871.56117124
)
;
    }
    inlet
    {
        type            cyclic;
    }
    outlet
    {
        type            cyclic;
    }
    side_left
    {
        type            symmetryPlane;
    }
    side_bottom
    {
        type            symmetryPlane;
    }
}


// ************************************************************************* //
