/*--------------------------------*- C++ -*----------------------------------*\
| =========                 |                                                 |
| \\      /  F ield         | OpenFOAM: The Open Source CFD Toolbox           |
|  \\    /   O peration     | Version:  3.0.1                                 |
|   \\  /    A nd           | Web:      www.OpenFOAM.org                      |
|    \\/     M anipulation  |                                                 |
\*---------------------------------------------------------------------------*/
FoamFile
{
    version     2.0;
    format      ascii;
    class       volScalarField;
    location    "50000";
    object      p;
}
// * * * * * * * * * * * * * * * * * * * * * * * * * * * * * * * * * * * * * //

dimensions      [0 2 -2 0 0 0 0];

internalField   nonuniform List<scalar> 
2500
(
2.11711116296e-15
5.65235105661e-15
9.56216491471e-15
1.12161921431e-14
1.23802938257e-14
1.27779093473e-14
1.15347103078e-14
8.78673239106e-15
7.19500978652e-15
5.27931558987e-15
3.4007566953e-15
1.51382362358e-15
-3.60351671505e-16
-1.74052137026e-15
-3.09626185202e-15
-3.77634539296e-15
-4.20721167774e-15
-4.18637809816e-15
-3.84753937849e-15
-2.77970719481e-15
-1.1322341358e-15
1.07589741447e-15
3.73966998347e-15
6.80418451041e-15
1.01588025489e-14
1.3828782026e-14
1.77674846923e-14
2.20010787003e-14
2.64392648138e-14
3.10914856377e-14
3.58420614626e-14
4.06287910523e-14
4.5478893339e-14
5.03502160554e-14
5.52316964251e-14
6.00383073883e-14
6.47385861292e-14
6.92879984532e-14
7.36601911452e-14
7.77934292762e-14
8.16436165507e-14
8.51228746827e-14
8.81609715727e-14
9.06609655029e-14
9.25336403033e-14
9.37802074337e-14
9.45611117866e-14
9.51180703298e-14
9.56463916307e-14
9.61370049156e-14
5.09942378714e-15
7.26662377779e-15
1.0158925721e-14
1.17688202298e-14
1.3175708913e-14
1.32151776063e-14
1.25401471884e-14
1.01342927672e-14
7.94555123229e-15
5.42230250452e-15
3.70364984949e-15
1.76825266023e-15
-9.09882310833e-17
-1.54185279297e-15
-2.77550547073e-15
-3.46572446351e-15
-4.00306627291e-15
-3.96939143597e-15
-3.24544383655e-15
-2.16799413112e-15
-5.68713626111e-16
1.42215680746e-15
3.98658795183e-15
6.76473430996e-15
1.01010026148e-14
1.35824248788e-14
1.74283467163e-14
2.15212583394e-14
2.59139973711e-14
3.04296565084e-14
3.50026218258e-14
3.97121435296e-14
4.44385096275e-14
4.92162725752e-14
5.39698968187e-14
5.86786733995e-14
6.32818462116e-14
6.77598193065e-14
7.20385253793e-14
7.6086563215e-14
7.98482999384e-14
8.3263841478e-14
8.62399323148e-14
8.86939762116e-14
9.05272652731e-14
9.17464808661e-14
9.25098869518e-14
9.30539419591e-14
9.35691849574e-14
9.40470804779e-14
7.81520460626e-15
9.2210882572e-15
1.11004263728e-14
1.24041688458e-14
1.32397386365e-14
1.34628700059e-14
1.25648583905e-14
1.06831079807e-14
8.69858715497e-15
6.63685693585e-15
4.66154672378e-15
2.6511014502e-15
9.45569626922e-16
-5.20968320361e-16
-1.76532953242e-15
-2.43695494408e-15
-2.95841763183e-15
-3.05309791415e-15
-2.41828562061e-15
-1.38457987866e-15
1.75230555238e-16
2.17005993148e-15
4.61252529081e-15
7.3064215268e-15
1.0381762225e-14
1.37832430441e-14
1.73180934593e-14
2.12880485818e-14
2.54315716796e-14
2.97218221515e-14
3.41392630786e-14
3.85425665812e-14
4.30839966623e-14
4.76364757133e-14
5.21632837099e-14
5.66335652803e-14
6.10064847421e-14
6.52728640171e-14
6.93435981467e-14
7.32160507091e-14
7.68052712064e-14
8.00641250808e-14
8.29147708678e-14
8.52488055057e-14
8.70010728329e-14
8.81622212799e-14
8.88899090354e-14
8.94084544796e-14
8.9899664109e-14
9.03556537204e-14
1.03367526056e-14
1.11738751546e-14
1.24983440502e-14
1.34666888744e-14
1.39440132861e-14
1.37771399728e-14
1.29569769543e-14
1.14751619215e-14
9.73027172883e-15
7.83870451616e-15
5.88234594716e-15
3.94804654859e-15
2.39482645071e-15
9.2345333264e-16
-2.65295712959e-16
-1.13864449092e-15
-1.61962222933e-15
-1.54657150411e-15
-1.02354407702e-15
-1.11366832102e-16
1.26386836923e-15
3.03881374419e-15
5.27290626347e-15
7.79002137838e-15
1.07053343068e-14
1.38462627182e-14
1.7237855486e-14
2.08959134743e-14
2.46632129146e-14
2.86788723085e-14
3.27530419861e-14
3.69316468624e-14
4.11290709847e-14
4.53611515496e-14
4.95700831311e-14
5.37367427078e-14
5.78294917212e-14
6.17843886089e-14
6.55995047199e-14
6.92146105641e-14
7.25712510698e-14
7.56134195947e-14
7.82670970278e-14
8.0449912298e-14
8.20804138277e-14
8.31613671322e-14
8.38358565339e-14
8.43202979086e-14
8.47787746908e-14
8.52041823621e-14
1.21167632365e-14
1.26979116461e-14
1.41110468379e-14
1.49338851728e-14
1.51988598327e-14
1.48764377613e-14
1.40215843927e-14
1.27214880442e-14
1.10934893631e-14
9.27643635901e-15
7.31133639573e-15
5.61541727884e-15
3.99328853985e-15
2.5128883942e-15
1.3382944904e-15
4.43452959534e-16
8.08364586047e-17
6.98725860746e-17
4.76041937005e-16
1.27732175174e-15
2.61004364741e-15
4.24939872947e-15
6.21483993745e-15
8.62533618737e-15
1.12524831861e-14
1.41338334664e-14
1.72266383832e-14
2.05961999095e-14
2.40906607684e-14
2.76878907678e-14
3.13864345836e-14
3.51205670473e-14
3.89337597623e-14
4.2783379554e-14
4.66083908452e-14
5.04042344161e-14
5.41259216123e-14
5.77434284954e-14
6.12232034902e-14
6.45089749181e-14
6.75579477278e-14
7.0319580564e-14
7.27218250332e-14
7.47060694425e-14
7.61863739247e-14
7.71663497027e-14
7.77798592618e-14
7.82189336806e-14
7.86359961322e-14
7.90232837301e-14
1.46283531614e-14
1.47309765613e-14
1.60937641393e-14
1.68808018081e-14
1.69754457212e-14
1.65295662181e-14
1.56263420838e-14
1.43503433687e-14
1.27930142404e-14
1.10412265777e-14
9.18894821253e-15
7.24958144523e-15
5.62808901654e-15
3.96802131735e-15
3.03375743471e-15
2.15893359741e-15
1.86514936889e-15
1.71535576657e-15
2.05793681334e-15
2.73504081145e-15
3.91854687783e-15
5.36644703295e-15
7.29696633163e-15
9.41200336528e-15
1.1811363553e-14
1.44678577486e-14
1.72450212945e-14
2.02163962381e-14
2.33379661903e-14
2.66107431806e-14
2.9762441492e-14
3.31306264592e-14
3.65217012124e-14
3.99328668309e-14
4.33336432614e-14
4.66894440611e-14
4.99878487481e-14
5.318333343e-14
5.62505226581e-14
5.91593878052e-14
6.18562721823e-14
6.43005211138e-14
6.64296163983e-14
6.81877744795e-14
6.94864834749e-14
7.03536766812e-14
7.08934530756e-14
7.12795727115e-14
7.16479789658e-14
7.1991380627e-14
1.82014548329e-14
1.79380766054e-14
1.91161108783e-14
1.92915714006e-14
1.91614148725e-14
1.85862393383e-14
1.76156926768e-14
1.63212668788e-14
1.47794273132e-14
1.30698845865e-14
1.12835432948e-14
9.48608018192e-15
7.86118731509e-15
6.2987831016e-15
4.89231298674e-15
3.98838788082e-15
3.6010772656e-15
3.89946219394e-15
4.24238340615e-15
4.91710514484e-15
5.90254916189e-15
7.22661751036e-15
8.6539958827e-15
1.05256881305e-14
1.25758054494e-14
1.48619565294e-14
1.73255070756e-14
1.9916437226e-14
2.25393667701e-14
2.53204140887e-14
2.81813432086e-14
3.10586699388e-14
3.39863611397e-14
3.69248782792e-14
3.98403640329e-14
4.27105912175e-14
4.55343376293e-14
4.82975394051e-14
5.09276648404e-14
5.34088989737e-14
5.57139351301e-14
5.77991915493e-14
5.96175461054e-14
6.11094622983e-14
6.22246858348e-14
6.29573941027e-14
6.34159258646e-14
6.37446005894e-14
6.40594142451e-14
6.43528486334e-14
2.28212762161e-14
2.12683080636e-14
2.19337616133e-14
2.18586094016e-14
2.16194982387e-14
2.09314233374e-14
1.98823391222e-14
1.85424042157e-14
1.69709349579e-14
1.52260838904e-14
1.34398885703e-14
1.15041624133e-14
1.00483171311e-14
8.68180422944e-15
7.46880935701e-15
6.34280888515e-15
6.03427232554e-15
6.0746045919e-15
6.36869059228e-15
6.98036383912e-15
7.72517072796e-15
8.81611233904e-15
1.00259025971e-14
1.16869324642e-14
1.33220322674e-14
1.52816284119e-14
1.73347418218e-14
1.94947910685e-14
2.18578123936e-14
2.40731407097e-14
2.64579284827e-14
2.88637838831e-14
3.12622552988e-14
3.37115783277e-14
3.61231167995e-14
3.8513947867e-14
4.08325097176e-14
4.31035891863e-14
4.52299059923e-14
4.72969027671e-14
4.91970603796e-14
5.09308179698e-14
5.24256506853e-14
5.3654419269e-14
5.4566328924e-14
5.5167189753e-14
5.55386130788e-14
5.58059061815e-14
5.6062333086e-14
5.63020489705e-14
2.57610679199e-14
2.48444602919e-14
2.50604428073e-14
2.47629185969e-14
2.43060150309e-14
2.3488667575e-14
2.23498441452e-14
2.09537914802e-14
1.93354422711e-14
1.76003980444e-14
1.58280331366e-14
1.40496186289e-14
1.23369984022e-14
1.11412989322e-14
9.98384988811e-15
9.15456944307e-15
8.67997853967e-15
8.53895138388e-15
8.64816832644e-15
9.12906840062e-15
9.69516574538e-15
1.06550525472e-14
1.15884093059e-14
1.30152274893e-14
1.43753439732e-14
1.60263427482e-14
1.76905028464e-14
1.93916558009e-14
2.11144136379e-14
2.29669694525e-14
2.47669586936e-14
2.67005289933e-14
2.86055712466e-14
3.05306958363e-14
3.24047563391e-14
3.42487589898e-14
3.60561724471e-14
3.78129036142e-14
3.9486621492e-14
4.10835317644e-14
4.25717316371e-14
4.39126159967e-14
4.50918201982e-14
4.60332907209e-14
4.6739217618e-14
4.71952343389e-14
4.74782472184e-14
4.76798384092e-14
4.78740801499e-14
4.80559529234e-14
2.91885982722e-14
2.89140046934e-14
2.83175337911e-14
2.77942801159e-14
2.71195819886e-14
2.61886827286e-14
2.49515775663e-14
2.35093937645e-14
2.17808205216e-14
1.99980603229e-14
1.82284923648e-14
1.65159078829e-14
1.49348552655e-14
1.35372649853e-14
1.23046104925e-14
1.16514745743e-14
1.10996808734e-14
1.08682211568e-14
1.06925292969e-14
1.09508969392e-14
1.16430036275e-14
1.22837704489e-14
1.32420100818e-14
1.42757384041e-14
1.52455523047e-14
1.66008090308e-14
1.78482999938e-14
1.91500534215e-14
2.04448843145e-14
2.18433386132e-14
2.31641142917e-14
2.45540443065e-14
2.59336946552e-14
2.72879328632e-14
2.86321955201e-14
2.99555539892e-14
3.12567806306e-14
3.25213341038e-14
3.37128534289e-14
3.48636680905e-14
3.59207786544e-14
3.68696729905e-14
3.76974109115e-14
3.83709590692e-14
3.88658127115e-14
3.91882452607e-14
3.93821166321e-14
3.95184081461e-14
3.96488371638e-14
3.97703687612e-14
3.25582110747e-14
3.18734015235e-14
3.13824902603e-14
3.07679177432e-14
2.99663146659e-14
2.89668865588e-14
2.76171036692e-14
2.62201962798e-14
2.42285574766e-14
2.23521096712e-14
2.05487894851e-14
1.8852484118e-14
1.72805586748e-14
1.59115821826e-14
1.47246549559e-14
1.40187434122e-14
1.33850709458e-14
1.30817644298e-14
1.28997240819e-14
1.31088663626e-14
1.35211781218e-14
1.40996462049e-14
1.46840613671e-14
1.55389769959e-14
1.63346869377e-14
1.72015848197e-14
1.80959203987e-14
1.89278288957e-14
1.98438339117e-14
2.07516309309e-14
2.1673414282e-14
2.25681446252e-14
2.34346836114e-14
2.42772604782e-14
2.51168518204e-14
2.59010772551e-14
2.66990274014e-14
2.74217335778e-14
2.81357811014e-14
2.8813197446e-14
2.94467671855e-14
3.00078665334e-14
3.04970239117e-14
3.08882242329e-14
3.11708215389e-14
3.13493054397e-14
3.14513815073e-14
3.15198848197e-14
3.15826925446e-14
3.16413379716e-14
3.565060703e-14
3.51604802799e-14
3.43464385239e-14
3.3684699582e-14
3.26838803553e-14
3.18430117157e-14
3.0195271709e-14
2.85339053508e-14
2.65319732428e-14
2.46026057149e-14
2.27359421553e-14
2.10334782368e-14
1.93683932031e-14
1.80304535471e-14
1.69672023909e-14
1.60133087445e-14
1.53957528836e-14
1.50189013122e-14
1.47912444332e-14
1.48693421873e-14
1.52019765965e-14
1.57070775654e-14
1.62209831993e-14
1.67454310711e-14
1.73127603835e-14
1.78541131091e-14
1.83215787434e-14
1.89067984106e-14
1.94117873741e-14
1.98423286013e-14
2.03256238617e-14
2.07272959056e-14
2.10714384349e-14
2.14102511293e-14
2.17119830996e-14
2.20277819321e-14
2.23232993462e-14
2.25855070299e-14
2.28284749394e-14
2.30463246861e-14
2.32489888321e-14
2.34048131933e-14
2.35553724001e-14
2.36679388228e-14
2.37445995829e-14
2.3781375463e-14
2.37924440074e-14
2.3791703393e-14
2.3787032967e-14
2.3781476651e-14
3.87480922402e-14
3.81451503938e-14
3.70953832506e-14
3.63645964157e-14
3.51913689144e-14
3.42711803312e-14
3.26869557597e-14
3.09610059241e-14
2.86849233653e-14
2.6713971258e-14
2.47442053267e-14
2.31524692971e-14
2.12725105232e-14
1.98001837992e-14
1.85555727837e-14
1.78199311304e-14
1.70705255454e-14
1.68586901937e-14
1.67935534609e-14
1.67730594898e-14
1.69510741779e-14
1.72505959683e-14
1.76100870239e-14
1.79717520722e-14
1.83259952642e-14
1.86096421936e-14
1.88524367047e-14
1.90553684368e-14
1.92024674442e-14
1.92451098954e-14
1.93082398689e-14
1.9241898774e-14
1.91411851471e-14
1.89886371653e-14
1.88152041277e-14
1.86199306092e-14
1.84193408123e-14
1.817206088e-14
1.79330002042e-14
1.7705280008e-14
1.74595352235e-14
1.72424479764e-14
1.70455496263e-14
1.68830984549e-14
1.675243877e-14
1.66494895931e-14
1.65680263719e-14
1.64959818279e-14
1.64211203097e-14
1.63499663425e-14
4.09393697549e-14
4.0427344344e-14
3.94414400566e-14
3.85206914833e-14
3.74142120059e-14
3.64213634413e-14
3.47099896561e-14
3.29155055116e-14
3.05680576803e-14
2.87369411425e-14
2.64115999384e-14
2.45378753109e-14
2.27676443197e-14
2.13093644112e-14
2.01215828825e-14
1.91923003704e-14
1.86686733932e-14
1.83942249264e-14
1.82727237214e-14
1.82981650404e-14
1.84262805678e-14
1.86293680688e-14
1.88665457765e-14
1.90917402063e-14
1.9296946119e-14
1.9443940575e-14
1.94244755009e-14
1.93664639416e-14
1.91711071569e-14
1.88952250016e-14
1.85174473327e-14
1.80692181633e-14
1.75241821835e-14
1.69205156561e-14
1.6276876295e-14
1.55900068138e-14
1.48774968056e-14
1.41660665193e-14
1.34617331742e-14
1.27812899538e-14
1.21467924885e-14
1.15481472525e-14
1.10256024911e-14
1.05803738606e-14
1.02434943461e-14
1.00048072394e-14
9.83306478514e-15
9.69222474007e-15
9.54830812593e-15
9.410776829e-15
4.2815095499e-14
4.22862634933e-14
4.13412059422e-14
4.03100254643e-14
3.91675895964e-14
3.80286503628e-14
3.66477757463e-14
3.44167879508e-14
3.20897088542e-14
3.00994749521e-14
2.77312871378e-14
2.57082670595e-14
2.40051795231e-14
2.25451862324e-14
2.1392971213e-14
2.06863296976e-14
1.98950320398e-14
1.96536598523e-14
1.95387736804e-14
1.95650805424e-14
1.96690829227e-14
1.98414174007e-14
2.00548517402e-14
2.01946451932e-14
2.03135043598e-14
2.03091035387e-14
2.01797646659e-14
1.98624229926e-14
1.94225745085e-14
1.88196463685e-14
1.8060546116e-14
1.72083917298e-14
1.62673077822e-14
1.52278774211e-14
1.41173191863e-14
1.2974142072e-14
1.18133823956e-14
1.06611809425e-14
9.50030306177e-15
8.39538122876e-15
7.35185810005e-15
6.39454844286e-15
5.54924009424e-15
4.85014205671e-15
4.3235080795e-15
3.95840159335e-15
3.70208810688e-15
3.4946901583e-15
3.2824781394e-15
3.0795702185e-15
4.42067990906e-14
4.36483797656e-14
4.29865812684e-14
4.18058479911e-14
4.05056536635e-14
3.94047444414e-14
3.77832059611e-14
3.55822132349e-14
3.30762005968e-14
3.07750328009e-14
2.86074217036e-14
2.66634957005e-14
2.48698456513e-14
2.35027457235e-14
2.22122565791e-14
2.14926316397e-14
2.09432426259e-14
2.06992178962e-14
2.05445666854e-14
2.06414717952e-14
2.06981642509e-14
2.08929525045e-14
2.10424535896e-14
2.11370385593e-14
2.11510897801e-14
2.10820856309e-14
2.07583267516e-14
2.03761176267e-14
1.96936360858e-14
1.88445733991e-14
1.78297851718e-14
1.66104143172e-14
1.53051456689e-14
1.38871213785e-14
1.24128350396e-14
1.08139239477e-14
9.2327544043e-15
7.63480326281e-15
6.05819441257e-15
4.54739491255e-15
3.12732714062e-15
1.82262547227e-15
6.84521416287e-16
-2.55719622968e-16
-9.60402711607e-16
-1.44317763037e-15
-1.77996628886e-15
-2.05285154309e-15
-2.33202331643e-15
-2.59914042678e-15
4.52151480799e-14
4.45507666819e-14
4.38530557673e-14
4.26970480109e-14
4.14041013966e-14
3.99350613813e-14
3.83837245338e-14
3.62224811651e-14
3.37538416941e-14
3.15003692062e-14
2.93623345248e-14
2.73222283819e-14
2.56476063418e-14
2.41595995471e-14
2.30339487009e-14
2.21239092682e-14
2.15815575515e-14
2.12851500613e-14
2.1175582799e-14
2.12527104847e-14
2.14473750324e-14
2.16015806539e-14
2.18628858928e-14
2.19186739004e-14
2.19504859156e-14
2.18236650137e-14
2.15286390915e-14
2.09758593701e-14
2.01661297017e-14
1.91580499813e-14
1.7855728985e-14
1.63804524328e-14
1.47258221625e-14
1.292320425e-14
1.10262399801e-14
9.0671115864e-15
7.08137559966e-15
5.09239038054e-15
3.14828511826e-15
1.27306933722e-15
-4.9354665533e-16
-2.10562113232e-15
-3.5189533705e-15
-4.67906778115e-15
-5.54517535487e-15
-6.14032353503e-15
-6.55227032683e-15
-6.88730660025e-15
-7.23164853801e-15
-7.56199041317e-15
4.53936560476e-14
4.50126290678e-14
4.42175171856e-14
4.3060314676e-14
4.18162945381e-14
4.04066818072e-14
3.84201921928e-14
3.63910446405e-14
3.40109128779e-14
3.18306146831e-14
2.96900634963e-14
2.77208983451e-14
2.59907814858e-14
2.45624563749e-14
2.34142242356e-14
2.25212186948e-14
2.19685703453e-14
2.16522341774e-14
2.15546917588e-14
2.16690784217e-14
2.18381369058e-14
2.20872504205e-14
2.23058342548e-14
2.24916034388e-14
2.25559325569e-14
2.24435049527e-14
2.21294018858e-14
2.15247442179e-14
2.06383484099e-14
1.94472273587e-14
1.80224537577e-14
1.63181378174e-14
1.4399120356e-14
1.22947192519e-14
1.00749490376e-14
7.76554255822e-15
5.44735915522e-15
3.09479358648e-15
8.01933466682e-16
-1.41220563843e-15
-3.49078129062e-15
-5.39475734915e-15
-7.04797014982e-15
-8.40629478032e-15
-9.42069688546e-15
-1.0110240814e-14
-1.05927002051e-14
-1.09858531807e-14
-1.13916004198e-14
-1.17815851402e-14
4.50131642626e-14
4.47661177766e-14
4.41243079775e-14
4.29055471455e-14
4.16457866463e-14
4.01655609875e-14
3.82123867513e-14
3.62008281128e-14
3.39376123883e-14
3.21501229185e-14
2.98198235553e-14
2.79557428917e-14
2.61775374816e-14
2.47983022594e-14
2.36231545456e-14
2.27414772763e-14
2.21451552859e-14
2.17976059355e-14
2.16858657667e-14
2.17423977159e-14
2.20694176094e-14
2.23116891498e-14
2.27063283193e-14
2.28667957799e-14
2.30364530001e-14
2.30035228714e-14
2.26791242053e-14
2.20608719282e-14
2.11244077691e-14
1.98902453572e-14
1.82986965596e-14
1.64645164493e-14
1.43112227923e-14
1.20002709565e-14
9.51684035351e-15
6.91189649264e-15
4.28336204108e-15
1.61695351737e-15
-9.81886347013e-16
-3.4842295483e-15
-5.84693071435e-15
-7.99665725153e-15
-9.87690961906e-15
-1.14138247942e-14
-1.25574705298e-14
-1.3337282452e-14
-1.38793817892e-14
-1.43247198954e-14
-1.47879074548e-14
-1.52343152856e-14
4.38614217743e-14
4.38472914764e-14
4.32885532012e-14
4.23058623182e-14
4.09591365246e-14
3.95573814378e-14
3.76308783527e-14
3.56753055484e-14
3.35689834654e-14
3.18620969526e-14
2.9755381742e-14
2.79239072214e-14
2.62551662267e-14
2.48253744948e-14
2.36593636186e-14
2.27685713013e-14
2.21321224384e-14
2.17376369751e-14
2.16476092412e-14
2.16939893478e-14
2.19543847547e-14
2.22988871923e-14
2.26832370762e-14
2.30303075583e-14
2.33229559189e-14
2.3343930605e-14
2.3102600981e-14
2.24964947723e-14
2.16186155186e-14
2.03328309015e-14
1.87420969339e-14
1.67863371261e-14
1.45369485834e-14
1.20274673829e-14
9.33826162718e-15
6.50128088173e-15
3.60463702271e-15
6.90271563026e-16
-2.18614625168e-15
-4.95511003079e-15
-7.55996796515e-15
-9.93388161125e-15
-1.20069817373e-14
-1.36935247936e-14
-1.49486870015e-14
-1.58013724458e-14
-1.6397638591e-14
-1.68922947188e-14
-1.74078160148e-14
-1.7906883564e-14
4.22900068936e-14
4.23611500045e-14
4.18823690337e-14
4.09999246971e-14
3.97262487313e-14
3.82831808434e-14
3.67083376261e-14
3.49582748782e-14
3.30336955979e-14
3.13208803869e-14
2.96038831258e-14
2.77548751354e-14
2.61383176067e-14
2.47407358885e-14
2.35583315233e-14
2.26544268498e-14
2.19632930553e-14
2.15654910115e-14
2.13799369569e-14
2.1431631489e-14
2.17284994392e-14
2.21473866331e-14
2.26083895712e-14
2.30907652986e-14
2.33320700495e-14
2.34113389375e-14
2.33275727003e-14
2.28358224758e-14
2.20603982861e-14
2.07937884844e-14
1.9183634953e-14
1.72215875064e-14
1.49197632204e-14
1.2315891648e-14
9.47567865495e-15
6.45351657721e-15
3.34610191758e-15
1.99825649795e-16
-2.88588219907e-15
-5.85623130141e-15
-8.66709141508e-15
-1.12250756383e-14
-1.34579543832e-14
-1.52704238496e-14
-1.66124842038e-14
-1.75259230906e-14
-1.81671283442e-14
-1.870334849e-14
-1.92661145014e-14
-1.98115082648e-14
4.04120577651e-14
4.03901540815e-14
3.98707942045e-14
3.93147554423e-14
3.81629637507e-14
3.69018227828e-14
3.54061758055e-14
3.37820969998e-14
3.21074642351e-14
3.07672257635e-14
2.91132618387e-14
2.7499757033e-14
2.59619407927e-14
2.45852807369e-14
2.34067001072e-14
2.24464621574e-14
2.18029204905e-14
2.13463895866e-14
2.11586625512e-14
2.118244542e-14
2.13764056931e-14
2.18142820088e-14
2.22867142314e-14
2.27963646848e-14
2.30640855358e-14
2.3346812657e-14
2.33312422178e-14
2.29906788673e-14
2.22568460732e-14
2.11714057934e-14
1.96440920605e-14
1.77399350093e-14
1.54326831363e-14
1.27959847007e-14
9.87628411313e-15
6.7456895264e-15
3.51026000683e-15
2.03219702075e-16
-3.02350968754e-15
-6.18953974114e-15
-9.17096073176e-15
-1.18784352114e-14
-1.42366118413e-14
-1.61521089207e-14
-1.75623933295e-14
-1.85235283099e-14
-1.92012455801e-14
-1.97726768969e-14
-2.03755284946e-14
-2.09619164959e-14
3.80109896993e-14
3.78647800339e-14
3.74953103726e-14
3.71695740222e-14
3.61953180743e-14
3.50566404096e-14
3.38705070753e-14
3.25634936619e-14
3.11672776704e-14
2.98172360027e-14
2.86672700923e-14
2.71169257443e-14
2.56417710303e-14
2.43779040382e-14
2.31821377074e-14
2.22848498229e-14
2.15561224935e-14
2.11047140957e-14
2.0800779547e-14
2.08267224643e-14
2.10154753839e-14
2.14403912727e-14
2.18612466731e-14
2.23897508018e-14
2.28274951229e-14
2.31122964821e-14
2.32303537391e-14
2.30192788098e-14
2.25186178527e-14
2.15071576311e-14
2.01188835365e-14
1.82922368086e-14
1.60390027586e-14
1.34237195638e-14
1.05015330919e-14
7.33852481245e-15
4.01545260967e-15
6.24033273506e-16
-2.75577698871e-15
-6.0371219968e-15
-9.12971714624e-15
-1.19555914402e-14
-1.44080959316e-14
-1.63874647739e-14
-1.78427374248e-14
-1.88343421729e-14
-1.95372362982e-14
-2.01352977679e-14
-2.0770242443e-14
-2.13898574654e-14
3.51155577445e-14
3.51001421208e-14
3.4814965939e-14
3.46463438608e-14
3.37944923525e-14
3.29857548589e-14
3.19205349221e-14
3.08780408868e-14
2.98432642205e-14
2.88506226391e-14
2.78047866238e-14
2.66412094358e-14
2.5287918563e-14
2.41806667428e-14
2.30683156668e-14
2.22056110312e-14
2.1466305351e-14
2.09136437941e-14
2.05897534354e-14
2.04821167093e-14
2.05138297747e-14
2.08663100062e-14
2.13283759941e-14
2.1882810917e-14
2.23316566198e-14
2.27164444886e-14
2.30002076906e-14
2.28963117948e-14
2.25368694462e-14
2.17358987512e-14
2.05153846356e-14
1.88319768118e-14
1.67051361528e-14
1.4202729114e-14
1.13172606064e-14
8.18431658092e-15
4.82804464079e-15
1.3744239671e-15
-2.06488264172e-15
-5.42055307696e-15
-8.59989441894e-15
-1.14897490185e-14
-1.39932038522e-14
-1.60128019777e-14
-1.74909662036e-14
-1.84983630178e-14
-1.92177475025e-14
-1.98359642999e-14
-2.04947210404e-14
-2.11391640332e-14
3.18434047868e-14
3.17702474888e-14
3.18135461193e-14
3.17829186895e-14
3.1179238915e-14
3.06149114042e-14
2.99452961518e-14
2.93161805506e-14
2.85876501322e-14
2.79524950048e-14
2.70499386368e-14
2.60652902687e-14
2.48939468547e-14
2.39648003072e-14
2.29540316839e-14
2.2185253171e-14
2.13651575008e-14
2.08485685421e-14
2.0430720074e-14
2.0270653986e-14
2.02572415186e-14
2.05939062335e-14
2.09138461645e-14
2.14785438057e-14
2.18847553137e-14
2.23109913634e-14
2.25979990716e-14
2.26606998305e-14
2.24185370516e-14
2.18298049609e-14
2.07900800751e-14
1.93149765044e-14
1.73598554843e-14
1.49976450651e-14
1.22473829734e-14
9.18281493398e-15
5.88062921222e-15
2.45126100746e-15
-1.01594842046e-15
-4.39892015484e-15
-7.60327316828e-15
-1.05257879122e-14
-1.30519683164e-14
-1.50811675183e-14
-1.65598574527e-14
-1.75673605076e-14
-1.82923022761e-14
-1.89209882691e-14
-1.95947646215e-14
-2.02548441754e-14
2.8155456286e-14
2.82689628961e-14
2.83612917021e-14
2.86260808075e-14
2.82911139348e-14
2.7968449099e-14
2.76478675046e-14
2.73822876161e-14
2.70996870623e-14
2.66777510177e-14
2.61705292608e-14
2.53757880889e-14
2.46119238296e-14
2.38211496297e-14
2.30155748925e-14
2.22614731152e-14
2.15090672371e-14
2.0955723761e-14
2.05249296277e-14
2.03580334518e-14
2.02040982102e-14
2.03418723788e-14
2.06125923879e-14
2.10579508978e-14
2.14203295473e-14
2.18560911548e-14
2.21895993001e-14
2.23891613309e-14
2.22582236513e-14
2.18325282178e-14
2.09653316662e-14
1.97345633562e-14
1.79978996829e-14
1.5831979035e-14
1.32547924454e-14
1.03222951846e-14
7.11357275085e-15
3.75666195861e-15
3.24668251409e-16
-3.03595923725e-15
-6.23533177695e-15
-9.14201212769e-15
-1.16570311396e-14
-1.36592286662e-14
-1.51147198601e-14
-1.61117468019e-14
-1.68315117217e-14
-1.74603213188e-14
-1.81378491795e-14
-1.8803116427e-14
2.42392677682e-14
2.44140517176e-14
2.47940333938e-14
2.51455703706e-14
2.5183346456e-14
2.52495884608e-14
2.53170259786e-14
2.53994213734e-14
2.55845463475e-14
2.55120820247e-14
2.52043172901e-14
2.48782225825e-14
2.43499309101e-14
2.38187835836e-14
2.31902515027e-14
2.25616507692e-14
2.18209937565e-14
2.13467448566e-14
2.08803075884e-14
2.05884684708e-14
2.03972044526e-14
2.04087977592e-14
2.05102240812e-14
2.07715943399e-14
2.11267474179e-14
2.1504650932e-14
2.18319521736e-14
2.20560295189e-14
2.20576940081e-14
2.17751159982e-14
2.11208276797e-14
2.00619272332e-14
1.85778362598e-14
1.66255617245e-14
1.42467225164e-14
1.14968640071e-14
8.45909976345e-15
5.20688126942e-15
1.88066093605e-15
-1.41104190034e-15
-4.54833606025e-15
-7.40535527753e-15
-9.85880275254e-15
-1.18138407891e-14
-1.32286903289e-14
-1.41930485683e-14
-1.4897594852e-14
-1.55183239544e-14
-1.618826587e-14
-1.6847250605e-14
2.01381651619e-14
2.04063637252e-14
2.07886523666e-14
2.14810509904e-14
2.18397484573e-14
2.23232228293e-14
2.27417187889e-14
2.32987654764e-14
2.38717751449e-14
2.41575833851e-14
2.43152454763e-14
2.42845641331e-14
2.41142750421e-14
2.38539879065e-14
2.34791388938e-14
2.2958845434e-14
2.24625449467e-14
2.19885873591e-14
2.1529148839e-14
2.11823438956e-14
2.0878274605e-14
2.07652193947e-14
2.07181843972e-14
2.08450446305e-14
2.10467781005e-14
2.12768941137e-14
2.15794766425e-14
2.18126306246e-14
2.18759414506e-14
2.17187033205e-14
2.12248109435e-14
2.03808492634e-14
1.91033532855e-14
1.73868949794e-14
1.52414338458e-14
1.2716201182e-14
9.86191581275e-15
6.7862850886e-15
3.59303056914e-15
4.18502882203e-16
-2.61634810128e-15
-5.37759646219e-15
-7.74216769659e-15
-9.61776611379e-15
-1.09690950609e-14
-1.18920722014e-14
-1.25698335009e-14
-1.31714796483e-14
-1.38221127356e-14
-1.44623724689e-14
1.58439544197e-14
1.61305503806e-14
1.66838915755e-14
1.76525623929e-14
1.83640187804e-14
1.92410080161e-14
2.01430656248e-14
2.09976710959e-14
2.20693639807e-14
2.27760452683e-14
2.33325934855e-14
2.37656721916e-14
2.39196875038e-14
2.40137075017e-14
2.38924632247e-14
2.36306795649e-14
2.32988389942e-14
2.29244537478e-14
2.24598108392e-14
2.20717539647e-14
2.16513704528e-14
2.15060510607e-14
2.12027648092e-14
2.11832494547e-14
2.12720248995e-14
2.13798703599e-14
2.15947395734e-14
2.17397500712e-14
2.18042014123e-14
2.16970196188e-14
2.13372997719e-14
2.06535096245e-14
1.95833898305e-14
1.80988917461e-14
1.62023533724e-14
1.39201677684e-14
1.1295510603e-14
8.42225218047e-15
5.40802136697e-15
2.39246874568e-15
-4.98229418203e-16
-3.12434769274e-15
-5.37835684018e-15
-7.14776742783e-15
-8.418013729e-15
-9.2845204016e-15
-9.92607422838e-15
-1.04982764833e-14
-1.11165467019e-14
-1.17249803158e-14
1.1326352698e-14
1.17788648994e-14
1.24848706142e-14
1.36697538279e-14
1.47782950007e-14
1.59749133349e-14
1.73752533475e-14
1.87462652253e-14
2.0148473547e-14
2.13105153785e-14
2.23930630424e-14
2.33373987933e-14
2.3868653436e-14
2.43047352819e-14
2.44846785106e-14
2.4505312292e-14
2.43730905032e-14
2.41240425938e-14
2.37124395373e-14
2.33851069923e-14
2.29195416566e-14
2.25563361631e-14
2.22118522018e-14
2.19923804418e-14
2.18623827673e-14
2.1792053846e-14
2.18435799443e-14
2.18725187621e-14
2.19045865145e-14
2.18049997648e-14
2.15047220115e-14
2.09410130728e-14
2.00502254004e-14
1.87825508825e-14
1.71395653887e-14
1.50890768087e-14
1.27154132595e-14
1.00677434792e-14
7.27492161626e-15
4.45235744821e-15
1.73609938416e-15
-7.3690187045e-16
-2.8386502398e-15
-4.48130456086e-15
-5.65364860017e-15
-6.45320127408e-15
-7.04870531602e-15
-7.58150639957e-15
-8.15488027633e-15
-8.71812760801e-15
6.66441083353e-15
7.2765464707e-15
8.15498002128e-15
9.60846234739e-15
1.10609471306e-14
1.27803422841e-14
1.4492945209e-14
1.63811993584e-14
1.82639086905e-14
1.99465578681e-14
2.14724801678e-14
2.2838174052e-14
2.38315031094e-14
2.47083308483e-14
2.52405508535e-14
2.55535007404e-14
2.56509980578e-14
2.55649833048e-14
2.53243237601e-14
2.49703374957e-14
2.45232091789e-14
2.40384699002e-14
2.35975499815e-14
2.31826304147e-14
2.28877342381e-14
2.26340189674e-14
2.24830340081e-14
2.23843260567e-14
2.22765527431e-14
2.2113071983e-14
2.1817760683e-14
2.13241686093e-14
2.05395658472e-14
1.94553368748e-14
1.80099780971e-14
1.62210351229e-14
1.41038883315e-14
1.17004513171e-14
9.14501137495e-15
6.54581944883e-15
4.02948879158e-15
1.74923397345e-15
-1.87034775498e-16
-1.68714844171e-15
-2.75318456108e-15
-3.47708341181e-15
-4.01804653738e-15
-4.50178872712e-15
-5.01774298249e-15
-5.52263217774e-15
1.90792678395e-15
2.59942918963e-15
3.70694923219e-15
5.44567540902e-15
7.27049993109e-15
9.37238558352e-15
1.16092612554e-14
1.39354350913e-14
1.63032032341e-14
1.85223985908e-14
2.06038178272e-14
2.2428595022e-14
2.39161092816e-14
2.51935580709e-14
2.60994846725e-14
2.6792647273e-14
2.71135231275e-14
2.72905894851e-14
2.71781626931e-14
2.69252167587e-14
2.64971336268e-14
2.59513619221e-14
2.53997594371e-14
2.48517003174e-14
2.43264906303e-14
2.3894131147e-14
2.35564227364e-14
2.32450385586e-14
2.29739979702e-14
2.26818418448e-14
2.22920521416e-14
2.18145714858e-14
2.11194121613e-14
2.01589223504e-14
1.88934572166e-14
1.73131433704e-14
1.54269105403e-14
1.32833807818e-14
1.09767209436e-14
8.61067230569e-15
6.32350072819e-15
4.24927166223e-15
2.50094568336e-15
1.15549244726e-15
2.07804309131e-16
-4.37396403326e-16
-9.17826789812e-16
-1.34417834339e-15
-1.79167593443e-15
-2.22482386675e-15
-2.91970240504e-15
-2.12065839387e-15
-7.90682130867e-16
1.24580119931e-15
3.41938010343e-15
5.97512076624e-15
8.69642656093e-15
1.15132699201e-14
1.43447610683e-14
1.70944640276e-14
1.97340286941e-14
2.20483143519e-14
2.40166903533e-14
2.5733120482e-14
2.70431496373e-14
2.81435389234e-14
2.87682035575e-14
2.92037989301e-14
2.93250572688e-14
2.91537609566e-14
2.87975752016e-14
2.82477859935e-14
2.76343924667e-14
2.6956595731e-14
2.62882271544e-14
2.56398675719e-14
2.50531017827e-14
2.4529307383e-14
2.40503205031e-14
2.35791927767e-14
2.30937013138e-14
2.25217103019e-14
2.18254032194e-14
2.09365036359e-14
1.9793474896e-14
1.83924645636e-14
1.67149999709e-14
1.48126706907e-14
1.27494703286e-14
1.06299006792e-14
8.57428361119e-15
6.71508581631e-15
5.16186293072e-15
3.97703497629e-15
3.14914215902e-15
2.58761737969e-15
2.17110409058e-15
1.8102324725e-15
1.44202572305e-15
1.09216411622e-15
-7.77346830076e-15
-6.87393384741e-15
-5.30978638768e-15
-2.98235295913e-15
-4.27966076749e-16
2.55833440665e-15
5.78794047455e-15
9.08417779638e-15
1.24246072008e-14
1.5741151805e-14
1.88870919469e-14
2.17089196177e-14
2.41712194188e-14
2.63556390216e-14
2.8107389783e-14
2.95310803274e-14
3.05599909558e-14
3.12852208623e-14
3.16173516219e-14
3.16477574979e-14
3.13772491003e-14
3.08780258617e-14
3.02346164348e-14
2.94670173824e-14
2.86552691769e-14
2.78126087202e-14
2.7006670456e-14
2.62523329363e-14
2.55440956029e-14
2.48594583491e-14
2.4190088198e-14
2.34933183626e-14
2.27232529862e-14
2.18335880419e-14
2.07623295746e-14
1.94836951068e-14
1.79797739092e-14
1.6282615803e-14
1.44501545942e-14
1.2562927543e-14
1.07401510568e-14
9.10043758876e-15
7.74142102981e-15
6.71639423088e-15
6.00521457566e-15
5.52657729057e-15
5.1779845169e-15
4.88627800595e-15
4.60512375145e-15
4.34811664319e-15
-1.26374069812e-14
-1.15990305875e-14
-9.80944707484e-15
-7.19527941727e-15
-4.25462768793e-15
-8.3707910164e-16
2.87487467474e-15
6.68747067012e-15
1.05192305976e-14
1.43683893538e-14
1.80501880074e-14
2.13912681303e-14
2.43671861389e-14
2.70055744968e-14
2.92138014273e-14
3.10261591268e-14
3.24627735929e-14
3.34949430715e-14
3.4079356666e-14
3.43267300479e-14
3.41985808983e-14
3.378128306e-14
3.31415660615e-14
3.23472272219e-14
3.14102227375e-14
3.03980821465e-14
2.93974210331e-14
2.83994478595e-14
2.74458602247e-14
2.65110211357e-14
2.56458388992e-14
2.47654558673e-14
2.38734289897e-14
2.2911678834e-14
2.18335368362e-14
2.06133625426e-14
1.92368403245e-14
1.7706515788e-14
1.60705653439e-14
1.43982723864e-14
1.27927780508e-14
1.13600536523e-14
1.01883982552e-14
9.31339260778e-15
8.71348808607e-15
8.31393374441e-15
8.0325417227e-15
7.81381722346e-15
7.62489807361e-15
7.46744276847e-15
-1.74476147537e-14
-1.62801670936e-14
-1.42723443235e-14
-1.13618863883e-14
-8.0272911294e-15
-4.18978607357e-15
-2.12491594826e-17
4.3143983558e-15
8.64779504569e-15
1.30207354134e-14
1.72475541819e-14
2.11067686228e-14
2.45800989324e-14
2.76854678146e-14
3.03713939589e-14
3.2639664575e-14
3.44338938913e-14
3.57991013335e-14
3.66592759239e-14
3.71342633204e-14
3.71960478323e-14
3.68965850995e-14
3.63031847785e-14
3.54759302275e-14
3.44783669459e-14
3.33378351768e-14
3.21566130321e-14
3.09411913642e-14
2.97367558309e-14
2.85705684895e-14
2.74434467767e-14
2.63499573327e-14
2.52710225924e-14
2.4179651392e-14
2.30473611114e-14
2.18283412973e-14
2.0513584142e-14
1.91002621423e-14
1.7614545459e-14
1.612293756e-14
1.47114796961e-14
1.34667250621e-14
1.24638240779e-14
1.1723959004e-14
1.12231060361e-14
1.08950836125e-14
1.06782311567e-14
1.05318519709e-14
1.04374598761e-14
1.03826045269e-14
-2.21652055549e-14
-2.08465905932e-14
-1.86406887861e-14
-1.54540483396e-14
-1.17306860683e-14
-7.47321500671e-15
-2.84177188928e-15
2.00290118152e-15
6.84688709065e-15
1.17160464213e-14
1.64184136337e-14
2.08273099756e-14
2.47951898551e-14
2.83873836813e-14
3.15470786654e-14
3.42312352836e-14
3.64274640947e-14
3.81225753115e-14
3.92828348011e-14
4.00144905913e-14
4.0280882665e-14
4.0122303468e-14
3.96195434333e-14
3.88256035281e-14
3.77844547485e-14
3.65580064633e-14
3.51951150531e-14
3.37993222992e-14
3.23676708529e-14
3.09511410377e-14
2.95605454666e-14
2.82343008054e-14
2.69423090893e-14
2.56799489903e-14
2.44195946322e-14
2.31394188318e-14
2.1825622736e-14
2.04673580424e-14
1.90884626839e-14
1.77365030292e-14
1.6476856276e-14
1.53924475385e-14
1.45318037568e-14
1.39096608542e-14
1.34895970565e-14
1.32249705857e-14
1.30682218418e-14
1.29922542551e-14
1.29896542321e-14
1.30361419185e-14
-2.6724297436e-14
-2.53144251154e-14
-2.28884708388e-14
-1.93911673357e-14
-1.53200820674e-14
-1.06583171405e-14
-5.58879306702e-15
-2.78911553261e-16
5.08088465898e-15
1.04578821105e-14
1.56612778973e-14
2.05714588134e-14
2.50441356443e-14
2.90971892728e-14
3.27111805815e-14
3.58177327875e-14
3.84207774768e-14
4.04590844343e-14
4.19472787853e-14
4.29224214216e-14
4.34047298999e-14
4.34284594604e-14
4.30145172073e-14
4.22750469317e-14
4.12126796835e-14
3.99092538554e-14
3.84544814865e-14
3.68803554578e-14
3.52458305333e-14
3.35943431596e-14
3.1960895514e-14
3.03766869814e-14
2.88441255715e-14
2.73735874133e-14
2.59463925568e-14
2.45501218717e-14
2.31810917835e-14
2.18231873212e-14
2.04952913919e-14
1.92330546742e-14
1.80876565547e-14
1.71235984756e-14
1.63731747253e-14
1.58373233053e-14
1.54841375181e-14
1.52718608293e-14
1.51689674828e-14
1.51579764841e-14
1.52416314011e-14
1.5383401969e-14
-3.11038133694e-14
-2.95697349637e-14
-2.69316210706e-14
-2.31910548096e-14
-1.87680096666e-14
-1.37203253828e-14
-8.22035993986e-15
-2.43790786447e-15
3.41330362066e-15
9.27049240176e-15
1.49297639962e-14
2.03347199043e-14
2.52855106791e-14
2.98001804963e-14
3.3864084203e-14
3.74019857941e-14
4.03624009294e-14
4.2742846984e-14
4.45401957957e-14
4.57681205247e-14
4.64742693174e-14
4.66487168085e-14
4.63834488477e-14
4.57089976304e-14
4.46719145614e-14
4.33400046302e-14
4.17837696924e-14
4.00713049424e-14
3.82542537744e-14
3.63883850538e-14
3.45196461094e-14
3.26834453178e-14
3.09054938012e-14
2.9204762526e-14
2.75799481145e-14
2.6033027807e-14
2.45577723321e-14
2.31492185429e-14
2.18227342572e-14
2.06008477965e-14
1.95261795075e-14
1.86404093883e-14
1.79669953631e-14
1.74943210696e-14
1.71885309435e-14
1.70188604408e-14
1.69622603334e-14
1.70086416747e-14
1.71683432975e-14
1.73948085209e-14
-3.52412444992e-14
-3.36146503242e-14
-3.07817168376e-14
-2.67831028617e-14
-2.20264780709e-14
-1.66106665286e-14
-1.07016152643e-14
-4.49721667585e-15
1.82262711885e-15
8.12797241998e-15
1.42490483534e-14
2.01100908899e-14
2.55160481882e-14
3.04857325096e-14
3.49644682287e-14
3.88971535072e-14
4.22295401854e-14
4.49476173261e-14
4.70356820323e-14
4.85312845671e-14
4.94423841085e-14
4.98048367871e-14
4.96589363955e-14
4.90591100924e-14
4.80516496378e-14
4.66974569057e-14
4.50781460241e-14
4.32444817244e-14
4.12699912379e-14
3.92102772747e-14
3.71198648595e-14
3.50500861222e-14
3.30274244595e-14
3.10935084991e-14
2.92522145106e-14
2.75235183439e-14
2.59081849041e-14
2.44128523469e-14
2.30454810325e-14
2.18234542326e-14
2.07778630969e-14
1.9935376805e-14
1.93050840905e-14
1.88707528062e-14
1.85982188931e-14
1.84603916708e-14
1.84426319071e-14
1.85374832628e-14
1.87597126826e-14
1.90565650268e-14
-3.90944911751e-14
-3.73678826774e-14
-3.43520603065e-14
-3.0121012107e-14
-2.50585612761e-14
-1.92916791405e-14
-1.30059920907e-14
-6.39978599878e-15
3.4786710417e-16
7.08177458288e-15
1.36252807108e-14
1.9920398784e-14
2.57604176548e-14
3.1138333058e-14
3.60114945487e-14
4.03056495593e-14
4.39840946473e-14
4.70181034963e-14
4.93914844695e-14
5.11290197377e-14
5.22491096911e-14
5.2781601096e-14
5.27426945501e-14
5.22341324846e-14
5.12533216464e-14
4.98910005996e-14
4.82097353726e-14
4.62771142883e-14
4.41606363685e-14
4.19248717809e-14
3.96334492046e-14
3.73372632761e-14
3.5083305721e-14
3.29158021785e-14
3.08590616209e-14
2.89392556183e-14
2.71699793467e-14
2.55616057838e-14
2.41212918426e-14
2.28695645634e-14
2.18238808212e-14
2.09964855547e-14
2.0386910828e-14
1.99730675305e-14
1.97207181877e-14
1.96072177205e-14
1.96194961488e-14
1.97512216194e-14
2.00209331778e-14
2.03704873106e-14
-4.25763931874e-14
-4.0776735533e-14
-3.75908559537e-14
-3.31439791164e-14
-2.78068296222e-14
-2.17168968015e-14
-1.50908232766e-14
-8.13072059477e-15
-9.85692489079e-16
6.13330265298e-15
1.30711030331e-14
1.97414531019e-14
2.59795208255e-14
3.17506222888e-14
3.69697175659e-14
4.16039193403e-14
4.55874222207e-14
4.89121779487e-14
5.15342107165e-14
5.3496503308e-14
5.48017867483e-14
5.54856581302e-14
5.55694722295e-14
5.51212427412e-14
5.41702619917e-14
5.27918243419e-14
5.10611280855e-14
4.90358160445e-14
4.67876379534e-14
4.43956401331e-14
4.19127342596e-14
3.9410535377e-14
3.69421368e-14
3.45551636172e-14
3.22934368851e-14
3.01850315716e-14
2.82555058319e-14
2.65265514581e-14
2.50083223429e-14
2.37126897133e-14
2.26515768453e-14
2.18241375522e-14
2.1220529563e-14
2.08145972813e-14
2.05742569751e-14
2.04784015439e-14
2.05125783925e-14
2.06699607666e-14
2.09696742224e-14
2.1352338605e-14
-4.56257694362e-14
-4.37479633636e-14
-4.04245983365e-14
-3.57798729542e-14
-3.0198385442e-14
-2.38278699677e-14
-1.69092087713e-14
-9.62261742676e-15
-2.16159138502e-15
5.30432581841e-15
1.25890947447e-14
1.95946349704e-14
2.61810011151e-14
3.22726974828e-14
3.78138805416e-14
4.27410240379e-14
4.69924251751e-14
5.05599281107e-14
5.34089958938e-14
5.5565237378e-14
5.70309379993e-14
5.78368784241e-14
5.80185786473e-14
5.76191770389e-14
5.66888158855e-14
5.53016180153e-14
5.35106655453e-14
5.13974992761e-14
4.90363455496e-14
4.64960501825e-14
4.38471608436e-14
4.11578019617e-14
3.84950614751e-14
3.59141539464e-14
3.34641089605e-14
3.11882884029e-14
2.91204921025e-14
2.72773170207e-14
2.56823776018e-14
2.43436873382e-14
2.32612287357e-14
2.24279399432e-14
2.18242933947e-14
2.14212695633e-14
2.11882225282e-14
2.11033449695e-14
2.1150652415e-14
2.132093639e-14
2.16327970578e-14
2.20282266791e-14
-4.8134571883e-14
-4.61983917243e-14
-4.27490100105e-14
-3.79484498468e-14
-3.21704603089e-14
-2.55701033881e-14
-1.84005346911e-14
-1.08502402002e-14
-3.11221811692e-15
4.62976235552e-15
1.21973912532e-14
1.94844016542e-14
2.63473606103e-14
3.27167662082e-14
3.85119365638e-14
4.36812842537e-14
4.81487421729e-14
5.19150806402e-14
5.49422451906e-14
5.72476149413e-14
5.88415213839e-14
5.97484912657e-14
5.99943768243e-14
5.96346399754e-14
5.87149350099e-14
5.73005742246e-14
5.54623016738e-14
5.32717646289e-14
5.08033829903e-14
4.81365045744e-14
4.53450705049e-14
4.25025383659e-14
3.96794905115e-14
3.69385574801e-14
3.43392626918e-14
3.19282046301e-14
2.97419524692e-14
2.78131073165e-14
2.61551738008e-14
2.47780502212e-14
2.36756564914e-14
2.28342198045e-14
2.22274273255e-14
2.1824398832e-14
2.15943924737e-14
2.15147641569e-14
2.15665788809e-14
2.17377838016e-14
2.20445271927e-14
2.24321029298e-14
-5.00141567333e-14
-4.80292547877e-14
-4.44931927553e-14
-3.95721524748e-14
-3.36412868049e-14
-2.68607909737e-14
-1.95155128629e-14
-1.1758328341e-14
-3.8179843125e-15
4.13374340624e-15
1.19149736727e-14
1.94101653718e-14
2.64802287775e-14
3.30515988322e-14
3.90372800513e-14
4.4382167648e-14
4.90118668889e-14
5.29260908077e-14
5.6083139144e-14
5.8501595899e-14
6.01819448395e-14
6.11548852769e-14
6.14459637952e-14
6.11099617377e-14
6.01891911212e-14
5.8753328825e-14
5.68745007883e-14
5.46205317608e-14
5.20720604408e-14
4.93082528379e-14
4.64099099295e-14
4.34501950841e-14
4.05072872337e-14
3.76495125782e-14
3.49392269396e-14
3.24291914911e-14
3.01617180793e-14
2.81661152697e-14
2.6461088344e-14
2.50507320531e-14
2.39278261492e-14
2.30743904847e-14
2.24604426904e-14
2.20545016128e-14
2.18244540623e-14
2.17451752777e-14
2.17955178228e-14
2.1957930935e-14
2.22436607681e-14
2.26034578594e-14
-5.12621290969e-14
-4.92476742461e-14
-4.56508433542e-14
-4.06493343987e-14
-3.46145156575e-14
-2.77218268239e-14
-2.02455733264e-14
-1.23546816738e-14
-4.27616594402e-15
3.81262740058e-15
1.17359077075e-14
1.93734051522e-14
2.65850202604e-14
3.32891563496e-14
3.94013937723e-14
4.48643174945e-14
4.96042764874e-14
5.36118529267e-14
5.68613499821e-14
5.93541243609e-14
6.10949423998e-14
6.2112555051e-14
6.24368422171e-14
6.21151623754e-14
6.11960467956e-14
5.97483586046e-14
5.7836820701e-14
5.55420038379e-14
5.29370023398e-14
5.01073167286e-14
4.7133105089e-14
4.40941027401e-14
4.10687433132e-14
3.81281011595e-14
3.5339801164e-14
3.27571839092e-14
3.04262275222e-14
2.83781526509e-14
2.66309857571e-14
2.51889673873e-14
2.40417897947e-14
2.31703544203e-14
2.25455004585e-14
2.21341637266e-14
2.19037483597e-14
2.1824459226e-14
2.18707173725e-14
2.20192794235e-14
2.2272558535e-14
2.25869531258e-14
-5.20439450056e-14
-5.00104008773e-14
-4.63760735293e-14
-4.13219915445e-14
-3.52246272121e-14
-2.82584358473e-14
-2.07018124367e-14
-1.27252710959e-14
-4.56001292304e-15
3.61980816471e-15
1.16337697624e-14
1.93640666314e-14
2.6665091083e-14
3.34611430094e-14
3.96570089965e-14
4.51993101515e-14
5.00147065055e-14
5.40921192014e-14
5.74033587117e-14
5.99487851032e-14
6.17353748836e-14
6.27885330612e-14
6.31386199786e-14
6.28328938652e-14
6.19201986042e-14
6.04675009629e-14
5.85406516119e-14
5.62186689785e-14
5.35777442778e-14
5.07022964284e-14
4.76737305934e-14
4.45743985544e-14
4.14848387887e-14
3.84764363251e-14
3.56205068446e-14
3.29736496249e-14
3.05829495044e-14
2.84812563829e-14
2.66875187633e-14
2.52069093794e-14
2.40298906308e-14
2.31364287033e-14
2.24982208422e-14
2.20823095359e-14
2.18534036177e-14
2.17781982597e-14
2.18244593129e-14
2.19613470143e-14
2.21777016387e-14
2.24338728939e-14
-5.26007839641e-14
-5.05543422163e-14
-4.68937094862e-14
-4.18050603679e-14
-3.56618097459e-14
-2.86431787755e-14
-2.10291427263e-14
-1.29921128184e-14
-4.76269149435e-15
3.48361817733e-15
1.15657959591e-14
1.93658453191e-14
2.67364458648e-14
3.36009546153e-14
3.98639204268e-14
4.5470687639e-14
5.03483705795e-14
5.4484127902e-14
5.78479819362e-14
6.04419974603e-14
6.22707467108e-14
6.33588522553e-14
6.37364025593e-14
6.34509069806e-14
6.25478956003e-14
6.10959442638e-14
5.91609067363e-14
5.68197987542e-14
5.41493841793e-14
5.12345655053e-14
4.81567737646e-14
4.50001421532e-14
4.18452784057e-14
3.87680182008e-14
3.58393016643e-14
3.31201867108e-14
3.06590007092e-14
2.84925650153e-14
2.66413583698e-14
2.51121921796e-14
2.38982222576e-14
2.29792451246e-14
2.23281414453e-14
2.1911056253e-14
2.16909776338e-14
2.16296372824e-14
2.16875767093e-14
2.18244587152e-14
2.20107359686e-14
2.22051566749e-14
-5.31287945149e-14
-5.10694248317e-14
-4.73845874199e-14
-4.22625412599e-14
-3.60776056326e-14
-2.90106002114e-14
-2.1343078439e-14
-1.32473631738e-14
-4.95729167286e-15
3.35324219241e-15
1.15024132816e-14
1.93711908684e-14
2.68111281323e-14
3.3744653951e-14
4.00762744166e-14
4.57491366468e-14
5.06917071125e-14
5.4888595232e-14
5.83107231446e-14
6.09568311484e-14
6.28331152582e-14
6.39613077583e-14
6.4371012006e-14
6.41093303101e-14
6.32211394457e-14
6.17733367579e-14
5.98304610877e-14
5.74698319161e-14
5.47672830288e-14
5.18077583893e-14
4.86722850509e-14
4.54470387618e-14
4.22131566321e-14
3.90490758193e-14
3.60282511636e-14
3.32147248695e-14
3.06616938545e-14
2.84089998411e-14
2.6481781258e-14
2.48899608675e-14
2.36285962415e-14
2.26796356176e-14
2.20163092197e-14
2.16044636122e-14
2.14052803769e-14
2.13763638531e-14
2.14712149414e-14
2.16381774817e-14
2.18244552506e-14
2.19745757412e-14
-5.36193802173e-14
-5.15472237791e-14
-4.78404813272e-14
-4.26875124904e-14
-3.64643895982e-14
-2.93536517378e-14
-2.16363448787e-14
-1.34867861253e-14
-5.13905970586e-15
3.23164467474e-15
1.14436172845e-14
1.93770937567e-14
2.68822616684e-14
3.38821263866e-14
4.02791504754e-14
4.60160227765e-14
5.1021491367e-14
5.52784599492e-14
5.87570003892e-14
6.1455622225e-14
6.33786226255e-14
6.45475307726e-14
6.49903716548e-14
6.47536026063e-14
6.38810746874e-14
6.24383857513e-14
6.04892197095e-14
5.81098411917e-14
5.53755102198e-14
5.23708928701e-14
4.91770164525e-14
4.58798759698e-14
4.25628897538e-14
3.93060166831e-14
3.61856438934e-14
3.32695944218e-14
3.06151980078e-14
2.82672467677e-14
2.62553109101e-14
2.45932378242e-14
2.32790666345e-14
2.22970619507e-14
2.16209163249e-14
2.12169149893e-14
2.10455066157e-14
2.1061968379e-14
2.12150377688e-14
2.14437551653e-14
2.16743336846e-14
2.18244545198e-14
)
;

boundaryField
{
    side_walls
    {
        type            zeroGradient;
    }
    inlet
    {
        type            cyclic;
    }
    outlet
    {
        type            cyclic;
    }
    side_left
    {
        type            symmetryPlane;
    }
    side_bottom
    {
        type            symmetryPlane;
    }
}


// ************************************************************************* //
