/*--------------------------------*- C++ -*----------------------------------*\
| =========                 |                                                 |
| \\      /  F ield         | OpenFOAM: The Open Source CFD Toolbox           |
|  \\    /   O peration     | Version:  3.0.1                                 |
|   \\  /    A nd           | Web:      www.OpenFOAM.org                      |
|    \\/     M anipulation  |                                                 |
\*---------------------------------------------------------------------------*/
FoamFile
{
    version     2.0;
    format      ascii;
    class       volVectorField;
    location    "50000";
    object      cellCentres;
}
// * * * * * * * * * * * * * * * * * * * * * * * * * * * * * * * * * * * * * //

dimensions      [0 1 0 0 0 0 0];

internalField   nonuniform List<vector> 
2500
(
(0.005 0.0253730975879 0.0253730975879)
(0.005 0.0749545528056 0.0253730975879)
(0.005 0.12225999494 0.0253730975879)
(0.005 0.167393903287 0.0253730975879)
(0.005 0.21045596107 0.0253730975879)
(0.005 0.251541275603 0.0253730975879)
(0.005 0.290740588344 0.0253730975879)
(0.005 0.328140475307 0.0253730975879)
(0.005 0.363823538274 0.0253730975879)
(0.005 0.397868587233 0.0253730975879)
(0.005 0.430350814436 0.0253730975879)
(0.005 0.461341960473 0.0253730975879)
(0.005 0.490910472714 0.0253730975879)
(0.005 0.519121656485 0.0253730975879)
(0.005 0.546037819304 0.0253730975879)
(0.005 0.57171840849 0.025373097588)
(0.005 0.596220142462 0.0253730975879)
(0.005 0.619597136007 0.0253730975879)
(0.005 0.6419010198 0.0253730975879)
(0.005 0.663181054431 0.0253730975879)
(0.005 0.68348423921 0.0253730975879)
(0.005 0.702855415963 0.025373097588)
(0.005 0.721337368074 0.0253730975879)
(0.005 0.738970914977 0.0253730975879)
(0.005 0.75579500231 0.0253730975879)
(0.005 0.771846787929 0.0253730975879)
(0.005 0.787161723973 0.0253730975879)
(0.005 0.801773635175 0.0253730975879)
(0.005 0.815714793553 0.0253730975879)
(0.005 0.829015989696 0.025373097588)
(0.005 0.841706600767 0.0253730975879)
(0.005 0.853814655382 0.0253730975879)
(0.005 0.865366895517 0.0253730975879)
(0.005 0.876388835572 0.0253730975879)
(0.005 0.886904818719 0.0253730975879)
(0.005 0.896938070669 0.0253730975879)
(0.005 0.906510750967 0.025373097588)
(0.005 0.915644001936 0.0253730975879)
(0.005 0.924357995371 0.0253730975879)
(0.005 0.932671977087 0.0253730975879)
(0.005 0.940604309433 0.0253730975879)
(0.005 0.948172511841 0.0253730975879)
(0.005 0.955393299522 0.0253730975879)
(0.005 0.962282620386 0.0253730975879)
(0.005 0.968855690256 0.0253730975879)
(0.005 0.975127026485 0.0253730975879)
(0.005 0.981110480012 0.0253730975879)
(0.005 0.986819265955 0.0253730975879)
(0.005 0.992265992798 0.0253730975879)
(0.005 0.997462690241 0.0253730975879)
(0.005 0.0253730975879 0.0749545528056)
(0.005 0.0749545528056 0.0749545528056)
(0.005 0.12225999494 0.0749545528056)
(0.005 0.167393903287 0.0749545528056)
(0.005 0.21045596107 0.0749545528056)
(0.005 0.251541275603 0.0749545528056)
(0.005 0.290740588344 0.0749545528056)
(0.005 0.328140475307 0.0749545528056)
(0.005 0.363823538274 0.0749545528056)
(0.005 0.397868587232 0.0749545528056)
(0.005 0.430350814436 0.0749545528056)
(0.005 0.461341960473 0.0749545528056)
(0.005 0.490910472713 0.0749545528056)
(0.005 0.519121656485 0.0749545528056)
(0.005 0.546037819304 0.0749545528056)
(0.005 0.571718408489 0.0749545528056)
(0.005 0.596220142462 0.0749545528056)
(0.005 0.619597136007 0.0749545528056)
(0.005 0.6419010198 0.0749545528056)
(0.005 0.663181054431 0.0749545528056)
(0.005 0.68348423921 0.0749545528056)
(0.005 0.702855415963 0.0749545528056)
(0.005 0.721337368074 0.0749545528056)
(0.005 0.738970914977 0.0749545528056)
(0.005 0.755795002311 0.0749545528056)
(0.005 0.771846787928 0.0749545528056)
(0.005 0.787161723973 0.0749545528056)
(0.005 0.801773635175 0.0749545528056)
(0.005 0.815714793553 0.0749545528056)
(0.005 0.829015989696 0.0749545528056)
(0.005 0.841706600767 0.0749545528056)
(0.005 0.853814655382 0.0749545528056)
(0.005 0.865366895517 0.0749545528056)
(0.005 0.876388835572 0.0749545528056)
(0.005 0.886904818719 0.0749545528056)
(0.005 0.896938070668 0.0749545528056)
(0.005 0.906510750967 0.0749545528056)
(0.005 0.915644001937 0.0749545528056)
(0.005 0.92435799537 0.0749545528056)
(0.005 0.932671977087 0.0749545528056)
(0.005 0.940604309433 0.0749545528056)
(0.005 0.948172511841 0.0749545528056)
(0.005 0.955393299522 0.0749545528056)
(0.005 0.962282620385 0.0749545528056)
(0.005 0.968855690256 0.0749545528056)
(0.005 0.975127026485 0.0749545528056)
(0.005 0.981110480012 0.0749545528056)
(0.005 0.986819265955 0.0749545528056)
(0.005 0.992265992799 0.0749545528056)
(0.005 0.997462690241 0.0749545528056)
(0.005 0.0253730975879 0.12225999494)
(0.005 0.0749545528056 0.12225999494)
(0.005 0.12225999494 0.12225999494)
(0.005 0.167393903287 0.12225999494)
(0.005 0.21045596107 0.12225999494)
(0.005 0.251541275603 0.12225999494)
(0.005 0.290740588345 0.12225999494)
(0.005 0.328140475307 0.12225999494)
(0.005 0.363823538274 0.12225999494)
(0.005 0.397868587232 0.12225999494)
(0.005 0.430350814436 0.12225999494)
(0.005 0.461341960473 0.12225999494)
(0.005 0.490910472713 0.12225999494)
(0.005 0.519121656485 0.12225999494)
(0.005 0.546037819304 0.12225999494)
(0.005 0.571718408489 0.12225999494)
(0.005 0.596220142461 0.12225999494)
(0.005 0.619597136007 0.12225999494)
(0.005 0.6419010198 0.12225999494)
(0.005 0.663181054431 0.12225999494)
(0.005 0.68348423921 0.12225999494)
(0.005 0.702855415963 0.12225999494)
(0.005 0.721337368074 0.12225999494)
(0.005 0.738970914978 0.12225999494)
(0.005 0.75579500231 0.12225999494)
(0.005 0.771846787929 0.12225999494)
(0.005 0.787161723973 0.12225999494)
(0.005 0.801773635175 0.12225999494)
(0.005 0.815714793553 0.12225999494)
(0.005 0.829015989697 0.12225999494)
(0.005 0.841706600768 0.12225999494)
(0.005 0.853814655382 0.12225999494)
(0.005 0.865366895517 0.12225999494)
(0.005 0.876388835572 0.12225999494)
(0.005 0.886904818719 0.12225999494)
(0.005 0.896938070668 0.12225999494)
(0.005 0.906510750967 0.12225999494)
(0.005 0.915644001937 0.12225999494)
(0.005 0.924357995371 0.12225999494)
(0.005 0.932671977087 0.12225999494)
(0.005 0.940604309433 0.12225999494)
(0.005 0.948172511841 0.12225999494)
(0.005 0.955393299522 0.12225999494)
(0.005 0.962282620385 0.12225999494)
(0.005 0.968855690256 0.12225999494)
(0.005 0.975127026485 0.12225999494)
(0.005 0.981110480012 0.12225999494)
(0.005 0.986819265955 0.12225999494)
(0.005 0.992265992798 0.12225999494)
(0.005 0.997462690241 0.12225999494)
(0.005 0.0253730975879 0.167393903287)
(0.005 0.0749545528056 0.167393903287)
(0.005 0.12225999494 0.167393903286)
(0.005 0.167393903286 0.167393903286)
(0.005 0.21045596107 0.167393903286)
(0.005 0.251541275603 0.167393903287)
(0.005 0.290740588345 0.167393903286)
(0.005 0.328140475307 0.167393903287)
(0.005 0.363823538274 0.167393903287)
(0.005 0.397868587233 0.167393903287)
(0.005 0.430350814436 0.167393903287)
(0.005 0.461341960473 0.167393903287)
(0.005 0.490910472714 0.167393903287)
(0.005 0.519121656485 0.167393903287)
(0.005 0.546037819304 0.167393903287)
(0.005 0.571718408489 0.167393903286)
(0.005 0.596220142461 0.167393903287)
(0.005 0.619597136007 0.167393903286)
(0.005 0.6419010198 0.167393903286)
(0.005 0.663181054431 0.167393903286)
(0.005 0.68348423921 0.167393903286)
(0.005 0.702855415963 0.167393903287)
(0.005 0.721337368074 0.167393903286)
(0.005 0.738970914978 0.167393903287)
(0.005 0.75579500231 0.167393903286)
(0.005 0.771846787929 0.167393903287)
(0.005 0.787161723973 0.167393903287)
(0.005 0.801773635175 0.167393903287)
(0.005 0.815714793553 0.167393903287)
(0.005 0.829015989696 0.167393903287)
(0.005 0.841706600767 0.167393903286)
(0.005 0.853814655382 0.167393903287)
(0.005 0.865366895517 0.167393903287)
(0.005 0.876388835572 0.167393903287)
(0.005 0.886904818719 0.167393903286)
(0.005 0.896938070668 0.167393903286)
(0.005 0.906510750967 0.167393903287)
(0.005 0.915644001936 0.167393903287)
(0.005 0.92435799537 0.167393903286)
(0.005 0.932671977087 0.167393903287)
(0.005 0.940604309433 0.167393903287)
(0.005 0.948172511841 0.167393903287)
(0.005 0.955393299523 0.167393903287)
(0.005 0.962282620385 0.167393903287)
(0.005 0.968855690256 0.167393903287)
(0.005 0.975127026485 0.167393903287)
(0.005 0.981110480012 0.167393903286)
(0.005 0.986819265955 0.167393903287)
(0.005 0.992265992799 0.167393903287)
(0.005 0.997462690241 0.167393903286)
(0.005 0.0253730975879 0.21045596107)
(0.005 0.0749545528056 0.21045596107)
(0.005 0.12225999494 0.21045596107)
(0.005 0.167393903286 0.21045596107)
(0.005 0.21045596107 0.21045596107)
(0.005 0.251541275603 0.21045596107)
(0.005 0.290740588345 0.21045596107)
(0.005 0.328140475307 0.21045596107)
(0.005 0.363823538274 0.21045596107)
(0.005 0.397868587232 0.21045596107)
(0.005 0.430350814436 0.21045596107)
(0.005 0.461341960473 0.21045596107)
(0.005 0.490910472714 0.21045596107)
(0.005 0.519121656485 0.21045596107)
(0.005 0.546037819304 0.21045596107)
(0.005 0.571718408489 0.21045596107)
(0.005 0.596220142462 0.21045596107)
(0.005 0.619597136007 0.21045596107)
(0.005 0.6419010198 0.21045596107)
(0.005 0.663181054431 0.21045596107)
(0.005 0.68348423921 0.21045596107)
(0.005 0.702855415963 0.21045596107)
(0.005 0.721337368074 0.21045596107)
(0.005 0.738970914977 0.21045596107)
(0.005 0.75579500231 0.21045596107)
(0.005 0.771846787928 0.21045596107)
(0.005 0.787161723973 0.21045596107)
(0.005 0.801773635175 0.21045596107)
(0.005 0.815714793553 0.21045596107)
(0.005 0.829015989697 0.21045596107)
(0.005 0.841706600768 0.21045596107)
(0.005 0.853814655382 0.21045596107)
(0.005 0.865366895517 0.21045596107)
(0.005 0.876388835572 0.21045596107)
(0.005 0.886904818719 0.21045596107)
(0.005 0.896938070669 0.21045596107)
(0.005 0.906510750967 0.21045596107)
(0.005 0.915644001937 0.21045596107)
(0.005 0.92435799537 0.21045596107)
(0.005 0.932671977087 0.21045596107)
(0.005 0.940604309433 0.21045596107)
(0.005 0.948172511841 0.21045596107)
(0.005 0.955393299523 0.21045596107)
(0.005 0.962282620385 0.21045596107)
(0.005 0.968855690256 0.21045596107)
(0.005 0.975127026485 0.21045596107)
(0.005 0.981110480012 0.21045596107)
(0.005 0.986819265955 0.21045596107)
(0.005 0.992265992799 0.21045596107)
(0.005 0.997462690241 0.21045596107)
(0.005 0.0253730975879 0.251541275603)
(0.005 0.0749545528056 0.251541275603)
(0.005 0.12225999494 0.251541275603)
(0.005 0.167393903287 0.251541275603)
(0.005 0.21045596107 0.251541275603)
(0.005 0.251541275603 0.251541275603)
(0.005 0.290740588345 0.251541275604)
(0.005 0.328140475307 0.251541275603)
(0.005 0.363823538274 0.251541275604)
(0.005 0.397868587233 0.251541275603)
(0.005 0.430350814436 0.251541275603)
(0.005 0.461341960473 0.251541275603)
(0.005 0.490910472714 0.251541275604)
(0.005 0.519121656485 0.251541275603)
(0.005 0.546037819304 0.251541275603)
(0.005 0.571718408489 0.251541275603)
(0.005 0.596220142462 0.251541275604)
(0.005 0.619597136007 0.251541275603)
(0.005 0.6419010198 0.251541275603)
(0.005 0.663181054431 0.251541275603)
(0.005 0.68348423921 0.251541275603)
(0.005 0.702855415963 0.251541275603)
(0.005 0.721337368074 0.251541275603)
(0.005 0.738970914977 0.251541275603)
(0.005 0.75579500231 0.251541275603)
(0.005 0.771846787928 0.251541275603)
(0.005 0.787161723973 0.251541275603)
(0.005 0.801773635175 0.251541275603)
(0.005 0.815714793553 0.251541275603)
(0.005 0.829015989696 0.251541275603)
(0.005 0.841706600768 0.251541275604)
(0.005 0.853814655382 0.251541275604)
(0.005 0.865366895517 0.251541275603)
(0.005 0.876388835572 0.251541275603)
(0.005 0.886904818719 0.251541275604)
(0.005 0.896938070668 0.251541275603)
(0.005 0.906510750967 0.251541275603)
(0.005 0.915644001936 0.251541275603)
(0.005 0.924357995371 0.251541275603)
(0.005 0.932671977087 0.251541275604)
(0.005 0.940604309433 0.251541275603)
(0.005 0.948172511841 0.251541275603)
(0.005 0.955393299522 0.251541275603)
(0.005 0.962282620385 0.251541275603)
(0.005 0.968855690256 0.251541275604)
(0.005 0.975127026485 0.251541275603)
(0.005 0.981110480012 0.251541275604)
(0.005 0.986819265955 0.251541275603)
(0.005 0.992265992798 0.251541275603)
(0.005 0.997462690241 0.251541275603)
(0.005 0.0253730975879 0.290740588345)
(0.005 0.0749545528056 0.290740588344)
(0.005 0.12225999494 0.290740588344)
(0.005 0.167393903286 0.290740588345)
(0.005 0.21045596107 0.290740588345)
(0.005 0.251541275603 0.290740588345)
(0.005 0.290740588345 0.290740588345)
(0.005 0.328140475307 0.290740588345)
(0.005 0.363823538274 0.290740588345)
(0.005 0.397868587232 0.290740588345)
(0.005 0.430350814436 0.290740588344)
(0.005 0.461341960473 0.290740588344)
(0.005 0.490910472713 0.290740588345)
(0.005 0.519121656485 0.290740588344)
(0.005 0.546037819304 0.290740588344)
(0.005 0.57171840849 0.290740588345)
(0.005 0.596220142462 0.290740588344)
(0.005 0.619597136007 0.290740588345)
(0.005 0.6419010198 0.290740588345)
(0.005 0.663181054432 0.290740588345)
(0.005 0.68348423921 0.290740588345)
(0.005 0.702855415963 0.290740588345)
(0.005 0.721337368074 0.290740588344)
(0.005 0.738970914978 0.290740588345)
(0.005 0.75579500231 0.290740588344)
(0.005 0.771846787928 0.290740588345)
(0.005 0.787161723973 0.290740588344)
(0.005 0.801773635175 0.290740588345)
(0.005 0.815714793553 0.290740588345)
(0.005 0.829015989696 0.290740588345)
(0.005 0.841706600768 0.290740588345)
(0.005 0.853814655382 0.290740588345)
(0.005 0.865366895517 0.290740588345)
(0.005 0.876388835572 0.290740588345)
(0.005 0.886904818719 0.290740588345)
(0.005 0.896938070668 0.290740588345)
(0.005 0.906510750967 0.290740588345)
(0.005 0.915644001936 0.290740588345)
(0.005 0.924357995371 0.290740588344)
(0.005 0.932671977087 0.290740588344)
(0.005 0.940604309433 0.290740588344)
(0.005 0.948172511841 0.290740588345)
(0.005 0.955393299523 0.290740588345)
(0.005 0.962282620386 0.290740588345)
(0.005 0.968855690256 0.290740588344)
(0.005 0.975127026485 0.290740588345)
(0.005 0.981110480012 0.290740588344)
(0.005 0.986819265955 0.290740588344)
(0.005 0.992265992799 0.290740588345)
(0.005 0.997462690241 0.290740588345)
(0.005 0.0253730975879 0.328140475307)
(0.005 0.0749545528056 0.328140475307)
(0.005 0.12225999494 0.328140475307)
(0.005 0.167393903286 0.328140475307)
(0.005 0.21045596107 0.328140475307)
(0.005 0.251541275603 0.328140475307)
(0.005 0.290740588344 0.328140475307)
(0.005 0.328140475307 0.328140475307)
(0.005 0.363823538274 0.328140475307)
(0.005 0.397868587232 0.328140475307)
(0.005 0.430350814436 0.328140475307)
(0.005 0.461341960473 0.328140475307)
(0.005 0.490910472713 0.328140475307)
(0.005 0.519121656485 0.328140475307)
(0.005 0.546037819304 0.328140475307)
(0.005 0.571718408489 0.328140475307)
(0.005 0.596220142462 0.328140475307)
(0.005 0.619597136007 0.328140475307)
(0.005 0.6419010198 0.328140475307)
(0.005 0.663181054431 0.328140475307)
(0.005 0.68348423921 0.328140475307)
(0.005 0.702855415963 0.328140475307)
(0.005 0.721337368074 0.328140475307)
(0.005 0.738970914977 0.328140475307)
(0.005 0.755795002311 0.328140475307)
(0.005 0.771846787928 0.328140475307)
(0.005 0.787161723973 0.328140475307)
(0.005 0.801773635175 0.328140475307)
(0.005 0.815714793553 0.328140475307)
(0.005 0.829015989697 0.328140475307)
(0.005 0.841706600767 0.328140475307)
(0.005 0.853814655382 0.328140475307)
(0.005 0.865366895517 0.328140475307)
(0.005 0.876388835572 0.328140475307)
(0.005 0.886904818719 0.328140475307)
(0.005 0.896938070668 0.328140475307)
(0.005 0.906510750967 0.328140475307)
(0.005 0.915644001936 0.328140475307)
(0.005 0.924357995371 0.328140475307)
(0.005 0.932671977087 0.328140475307)
(0.005 0.940604309433 0.328140475307)
(0.005 0.948172511841 0.328140475307)
(0.005 0.955393299522 0.328140475307)
(0.005 0.962282620386 0.328140475307)
(0.005 0.968855690256 0.328140475307)
(0.005 0.975127026485 0.328140475307)
(0.005 0.981110480012 0.328140475307)
(0.005 0.986819265955 0.328140475307)
(0.005 0.992265992799 0.328140475307)
(0.005 0.997462690241 0.328140475307)
(0.005 0.0253730975879 0.363823538274)
(0.005 0.0749545528056 0.363823538274)
(0.005 0.12225999494 0.363823538274)
(0.005 0.167393903287 0.363823538274)
(0.005 0.21045596107 0.363823538274)
(0.005 0.251541275603 0.363823538274)
(0.005 0.290740588345 0.363823538274)
(0.005 0.328140475307 0.363823538274)
(0.005 0.363823538274 0.363823538274)
(0.005 0.397868587232 0.363823538274)
(0.005 0.430350814436 0.363823538274)
(0.005 0.461341960473 0.363823538274)
(0.005 0.490910472713 0.363823538274)
(0.005 0.519121656485 0.363823538274)
(0.005 0.546037819304 0.363823538274)
(0.005 0.57171840849 0.363823538274)
(0.005 0.596220142462 0.363823538274)
(0.005 0.619597136007 0.363823538274)
(0.005 0.6419010198 0.363823538274)
(0.005 0.663181054431 0.363823538274)
(0.005 0.68348423921 0.363823538274)
(0.005 0.702855415963 0.363823538274)
(0.005 0.721337368074 0.363823538274)
(0.005 0.738970914978 0.363823538274)
(0.005 0.75579500231 0.363823538274)
(0.005 0.771846787928 0.363823538274)
(0.005 0.787161723973 0.363823538274)
(0.005 0.801773635175 0.363823538274)
(0.005 0.815714793553 0.363823538274)
(0.005 0.829015989696 0.363823538274)
(0.005 0.841706600768 0.363823538274)
(0.005 0.853814655382 0.363823538274)
(0.005 0.865366895517 0.363823538274)
(0.005 0.876388835572 0.363823538274)
(0.005 0.886904818719 0.363823538274)
(0.005 0.896938070668 0.363823538274)
(0.005 0.906510750967 0.363823538274)
(0.005 0.915644001937 0.363823538274)
(0.005 0.92435799537 0.363823538274)
(0.005 0.932671977087 0.363823538274)
(0.005 0.940604309433 0.363823538274)
(0.005 0.948172511841 0.363823538274)
(0.005 0.955393299522 0.363823538274)
(0.005 0.962282620385 0.363823538274)
(0.005 0.968855690256 0.363823538274)
(0.005 0.975127026485 0.363823538274)
(0.005 0.981110480012 0.363823538274)
(0.005 0.986819265955 0.363823538274)
(0.005 0.992265992799 0.363823538274)
(0.005 0.997462690241 0.363823538274)
(0.005 0.0253730975879 0.397868587233)
(0.005 0.0749545528056 0.397868587233)
(0.005 0.12225999494 0.397868587232)
(0.005 0.167393903286 0.397868587232)
(0.005 0.21045596107 0.397868587233)
(0.005 0.251541275603 0.397868587232)
(0.005 0.290740588344 0.397868587232)
(0.005 0.328140475307 0.397868587232)
(0.005 0.363823538274 0.397868587232)
(0.005 0.397868587233 0.397868587233)
(0.005 0.430350814436 0.397868587232)
(0.005 0.461341960473 0.397868587232)
(0.005 0.490910472714 0.397868587233)
(0.005 0.519121656485 0.397868587232)
(0.005 0.546037819304 0.397868587233)
(0.005 0.57171840849 0.397868587233)
(0.005 0.596220142462 0.397868587232)
(0.005 0.619597136007 0.397868587233)
(0.005 0.6419010198 0.397868587233)
(0.005 0.663181054431 0.397868587233)
(0.005 0.68348423921 0.397868587233)
(0.005 0.702855415963 0.397868587232)
(0.005 0.721337368074 0.397868587232)
(0.005 0.738970914978 0.397868587233)
(0.005 0.75579500231 0.397868587232)
(0.005 0.771846787928 0.397868587232)
(0.005 0.787161723973 0.397868587232)
(0.005 0.801773635175 0.397868587232)
(0.005 0.815714793553 0.397868587232)
(0.005 0.829015989696 0.397868587232)
(0.005 0.841706600767 0.397868587232)
(0.005 0.853814655382 0.397868587232)
(0.005 0.865366895517 0.397868587233)
(0.005 0.876388835572 0.397868587233)
(0.005 0.886904818719 0.397868587233)
(0.005 0.896938070669 0.397868587233)
(0.005 0.906510750967 0.397868587232)
(0.005 0.915644001937 0.397868587232)
(0.005 0.924357995371 0.397868587232)
(0.005 0.932671977087 0.397868587232)
(0.005 0.940604309433 0.397868587233)
(0.005 0.948172511841 0.397868587232)
(0.005 0.955393299522 0.397868587232)
(0.005 0.962282620386 0.397868587233)
(0.005 0.968855690256 0.397868587232)
(0.005 0.975127026485 0.397868587232)
(0.005 0.981110480012 0.397868587232)
(0.005 0.986819265955 0.397868587232)
(0.005 0.992265992798 0.397868587233)
(0.005 0.997462690241 0.397868587233)
(0.005 0.0253730975879 0.430350814436)
(0.005 0.0749545528056 0.430350814436)
(0.005 0.12225999494 0.430350814436)
(0.005 0.167393903287 0.430350814436)
(0.005 0.21045596107 0.430350814436)
(0.005 0.251541275603 0.430350814436)
(0.005 0.290740588345 0.430350814436)
(0.005 0.328140475307 0.430350814436)
(0.005 0.363823538274 0.430350814436)
(0.005 0.397868587233 0.430350814436)
(0.005 0.430350814436 0.430350814436)
(0.005 0.461341960473 0.430350814436)
(0.005 0.490910472713 0.430350814436)
(0.005 0.519121656485 0.430350814436)
(0.005 0.546037819304 0.430350814436)
(0.005 0.571718408489 0.430350814436)
(0.005 0.596220142462 0.430350814436)
(0.005 0.619597136007 0.430350814436)
(0.005 0.6419010198 0.430350814436)
(0.005 0.663181054431 0.430350814436)
(0.005 0.68348423921 0.430350814436)
(0.005 0.702855415963 0.430350814436)
(0.005 0.721337368074 0.430350814436)
(0.005 0.738970914977 0.430350814436)
(0.005 0.755795002311 0.430350814436)
(0.005 0.771846787928 0.430350814436)
(0.005 0.787161723973 0.430350814436)
(0.005 0.801773635175 0.430350814436)
(0.005 0.815714793553 0.430350814436)
(0.005 0.829015989696 0.430350814436)
(0.005 0.841706600768 0.430350814436)
(0.005 0.853814655382 0.430350814436)
(0.005 0.865366895517 0.430350814436)
(0.005 0.876388835572 0.430350814436)
(0.005 0.886904818719 0.430350814436)
(0.005 0.896938070668 0.430350814436)
(0.005 0.906510750967 0.430350814436)
(0.005 0.915644001936 0.430350814436)
(0.005 0.92435799537 0.430350814436)
(0.005 0.932671977087 0.430350814436)
(0.005 0.940604309433 0.430350814436)
(0.005 0.948172511841 0.430350814436)
(0.005 0.955393299522 0.430350814436)
(0.005 0.962282620386 0.430350814436)
(0.005 0.968855690256 0.430350814436)
(0.005 0.975127026485 0.430350814436)
(0.005 0.981110480012 0.430350814436)
(0.005 0.986819265955 0.430350814436)
(0.005 0.992265992799 0.430350814436)
(0.005 0.997462690241 0.430350814436)
(0.005 0.0253730975879 0.461341960473)
(0.005 0.0749545528056 0.461341960473)
(0.005 0.12225999494 0.461341960473)
(0.005 0.167393903287 0.461341960473)
(0.005 0.21045596107 0.461341960473)
(0.005 0.251541275603 0.461341960473)
(0.005 0.290740588344 0.461341960473)
(0.005 0.328140475307 0.461341960473)
(0.005 0.363823538274 0.461341960473)
(0.005 0.397868587232 0.461341960473)
(0.005 0.430350814436 0.461341960473)
(0.005 0.461341960473 0.461341960473)
(0.005 0.490910472713 0.461341960473)
(0.005 0.519121656485 0.461341960473)
(0.005 0.546037819304 0.461341960473)
(0.005 0.57171840849 0.461341960473)
(0.005 0.596220142462 0.461341960473)
(0.005 0.619597136007 0.461341960473)
(0.005 0.6419010198 0.461341960473)
(0.005 0.663181054431 0.461341960473)
(0.005 0.683484239211 0.461341960473)
(0.005 0.702855415963 0.461341960473)
(0.005 0.721337368074 0.461341960473)
(0.005 0.738970914978 0.461341960473)
(0.005 0.75579500231 0.461341960473)
(0.005 0.771846787928 0.461341960473)
(0.005 0.787161723973 0.461341960473)
(0.005 0.801773635175 0.461341960473)
(0.005 0.815714793553 0.461341960473)
(0.005 0.829015989696 0.461341960473)
(0.005 0.841706600768 0.461341960473)
(0.005 0.853814655382 0.461341960473)
(0.005 0.865366895517 0.461341960473)
(0.005 0.876388835572 0.461341960473)
(0.005 0.886904818719 0.461341960473)
(0.005 0.896938070668 0.461341960473)
(0.005 0.906510750967 0.461341960473)
(0.005 0.915644001937 0.461341960473)
(0.005 0.92435799537 0.461341960473)
(0.005 0.932671977087 0.461341960473)
(0.005 0.940604309433 0.461341960473)
(0.005 0.948172511841 0.461341960473)
(0.005 0.955393299523 0.461341960473)
(0.005 0.962282620385 0.461341960473)
(0.005 0.968855690256 0.461341960473)
(0.005 0.975127026485 0.461341960473)
(0.005 0.981110480012 0.461341960473)
(0.005 0.986819265955 0.461341960473)
(0.005 0.992265992799 0.461341960473)
(0.005 0.997462690241 0.461341960473)
(0.005 0.0253730975879 0.490910472713)
(0.005 0.0749545528056 0.490910472713)
(0.005 0.12225999494 0.490910472713)
(0.005 0.167393903287 0.490910472713)
(0.005 0.21045596107 0.490910472713)
(0.005 0.251541275603 0.490910472713)
(0.005 0.290740588345 0.490910472713)
(0.005 0.328140475307 0.490910472713)
(0.005 0.363823538274 0.490910472713)
(0.005 0.397868587233 0.490910472713)
(0.005 0.430350814436 0.490910472714)
(0.005 0.461341960473 0.490910472714)
(0.005 0.490910472713 0.490910472714)
(0.005 0.519121656485 0.490910472714)
(0.005 0.546037819304 0.490910472713)
(0.005 0.57171840849 0.490910472714)
(0.005 0.596220142462 0.490910472714)
(0.005 0.619597136007 0.490910472713)
(0.005 0.6419010198 0.490910472713)
(0.005 0.663181054431 0.490910472714)
(0.005 0.68348423921 0.490910472714)
(0.005 0.702855415963 0.490910472713)
(0.005 0.721337368074 0.490910472713)
(0.005 0.738970914977 0.490910472713)
(0.005 0.75579500231 0.490910472713)
(0.005 0.771846787928 0.490910472713)
(0.005 0.787161723973 0.490910472714)
(0.005 0.801773635175 0.490910472713)
(0.005 0.815714793553 0.490910472713)
(0.005 0.829015989697 0.490910472713)
(0.005 0.841706600767 0.490910472713)
(0.005 0.853814655382 0.490910472714)
(0.005 0.865366895517 0.490910472714)
(0.005 0.876388835572 0.490910472713)
(0.005 0.886904818719 0.490910472714)
(0.005 0.896938070668 0.490910472713)
(0.005 0.906510750967 0.490910472714)
(0.005 0.915644001936 0.490910472713)
(0.005 0.92435799537 0.490910472713)
(0.005 0.932671977087 0.490910472713)
(0.005 0.940604309433 0.490910472713)
(0.005 0.948172511841 0.490910472713)
(0.005 0.955393299523 0.490910472713)
(0.005 0.962282620386 0.490910472713)
(0.005 0.968855690256 0.490910472713)
(0.005 0.975127026485 0.490910472713)
(0.005 0.981110480012 0.490910472713)
(0.005 0.986819265955 0.490910472713)
(0.005 0.992265992798 0.490910472713)
(0.005 0.997462690241 0.490910472713)
(0.005 0.025373097588 0.519121656485)
(0.005 0.0749545528056 0.519121656485)
(0.005 0.12225999494 0.519121656485)
(0.005 0.167393903287 0.519121656485)
(0.005 0.21045596107 0.519121656485)
(0.005 0.251541275603 0.519121656485)
(0.005 0.290740588344 0.519121656485)
(0.005 0.328140475307 0.519121656485)
(0.005 0.363823538274 0.519121656485)
(0.005 0.397868587232 0.519121656485)
(0.005 0.430350814436 0.519121656485)
(0.005 0.461341960473 0.519121656485)
(0.005 0.490910472713 0.519121656485)
(0.005 0.519121656485 0.519121656485)
(0.005 0.546037819304 0.519121656485)
(0.005 0.571718408489 0.519121656485)
(0.005 0.596220142462 0.519121656485)
(0.005 0.619597136007 0.519121656485)
(0.005 0.6419010198 0.519121656485)
(0.005 0.663181054431 0.519121656485)
(0.005 0.68348423921 0.519121656485)
(0.005 0.702855415963 0.519121656485)
(0.005 0.721337368074 0.519121656485)
(0.005 0.738970914978 0.519121656485)
(0.005 0.75579500231 0.519121656485)
(0.005 0.771846787929 0.519121656485)
(0.005 0.787161723973 0.519121656485)
(0.005 0.801773635175 0.519121656485)
(0.005 0.815714793553 0.519121656485)
(0.005 0.829015989696 0.519121656485)
(0.005 0.841706600767 0.519121656485)
(0.005 0.853814655382 0.519121656485)
(0.005 0.865366895517 0.519121656485)
(0.005 0.876388835572 0.519121656485)
(0.005 0.886904818719 0.519121656485)
(0.005 0.896938070668 0.519121656485)
(0.005 0.906510750967 0.519121656485)
(0.005 0.915644001937 0.519121656485)
(0.005 0.924357995371 0.519121656485)
(0.005 0.932671977087 0.519121656485)
(0.005 0.940604309433 0.519121656485)
(0.005 0.948172511841 0.519121656485)
(0.005 0.955393299522 0.519121656485)
(0.005 0.962282620386 0.519121656485)
(0.005 0.968855690256 0.519121656485)
(0.005 0.975127026485 0.519121656485)
(0.005 0.981110480012 0.519121656485)
(0.005 0.986819265955 0.519121656485)
(0.005 0.992265992798 0.519121656485)
(0.005 0.997462690241 0.519121656485)
(0.005 0.0253730975879 0.546037819304)
(0.005 0.0749545528056 0.546037819304)
(0.005 0.12225999494 0.546037819304)
(0.005 0.167393903287 0.546037819304)
(0.005 0.21045596107 0.546037819304)
(0.005 0.251541275604 0.546037819304)
(0.005 0.290740588344 0.546037819304)
(0.005 0.328140475307 0.546037819304)
(0.005 0.363823538274 0.546037819304)
(0.005 0.397868587232 0.546037819304)
(0.005 0.430350814436 0.546037819304)
(0.005 0.461341960473 0.546037819304)
(0.005 0.490910472714 0.546037819304)
(0.005 0.519121656485 0.546037819304)
(0.005 0.546037819304 0.546037819304)
(0.005 0.571718408489 0.546037819304)
(0.005 0.596220142462 0.546037819304)
(0.005 0.619597136008 0.546037819304)
(0.005 0.6419010198 0.546037819304)
(0.005 0.663181054431 0.546037819304)
(0.005 0.68348423921 0.546037819304)
(0.005 0.702855415963 0.546037819304)
(0.005 0.721337368074 0.546037819304)
(0.005 0.738970914978 0.546037819304)
(0.005 0.755795002311 0.546037819304)
(0.005 0.771846787928 0.546037819304)
(0.005 0.787161723974 0.546037819304)
(0.005 0.801773635175 0.546037819304)
(0.005 0.815714793553 0.546037819304)
(0.005 0.829015989697 0.546037819304)
(0.005 0.841706600768 0.546037819304)
(0.005 0.853814655382 0.546037819304)
(0.005 0.865366895517 0.546037819304)
(0.005 0.876388835572 0.546037819304)
(0.005 0.886904818719 0.546037819304)
(0.005 0.896938070669 0.546037819304)
(0.005 0.906510750967 0.546037819304)
(0.005 0.915644001937 0.546037819304)
(0.005 0.924357995371 0.546037819304)
(0.005 0.932671977087 0.546037819304)
(0.005 0.940604309433 0.546037819304)
(0.005 0.948172511841 0.546037819304)
(0.005 0.955393299522 0.546037819304)
(0.005 0.962282620385 0.546037819304)
(0.005 0.968855690256 0.546037819304)
(0.005 0.975127026485 0.546037819304)
(0.005 0.981110480012 0.546037819304)
(0.005 0.986819265955 0.546037819304)
(0.005 0.992265992799 0.546037819304)
(0.005 0.997462690241 0.546037819304)
(0.005 0.025373097588 0.57171840849)
(0.005 0.0749545528056 0.57171840849)
(0.005 0.12225999494 0.571718408489)
(0.005 0.167393903287 0.57171840849)
(0.005 0.21045596107 0.57171840849)
(0.005 0.251541275604 0.57171840849)
(0.005 0.290740588345 0.571718408489)
(0.005 0.328140475307 0.571718408489)
(0.005 0.363823538274 0.571718408489)
(0.005 0.397868587233 0.571718408489)
(0.005 0.430350814436 0.571718408489)
(0.005 0.461341960473 0.57171840849)
(0.005 0.490910472714 0.571718408489)
(0.005 0.519121656485 0.571718408489)
(0.005 0.546037819304 0.571718408489)
(0.005 0.571718408489 0.571718408489)
(0.005 0.596220142462 0.571718408489)
(0.005 0.619597136007 0.571718408489)
(0.005 0.6419010198 0.571718408489)
(0.005 0.663181054431 0.571718408489)
(0.005 0.68348423921 0.571718408489)
(0.005 0.702855415963 0.571718408489)
(0.005 0.721337368074 0.571718408489)
(0.005 0.738970914978 0.57171840849)
(0.005 0.755795002311 0.571718408489)
(0.005 0.771846787928 0.57171840849)
(0.005 0.787161723973 0.571718408489)
(0.005 0.801773635175 0.571718408489)
(0.005 0.815714793553 0.571718408489)
(0.005 0.829015989696 0.571718408489)
(0.005 0.841706600768 0.571718408489)
(0.005 0.853814655382 0.57171840849)
(0.005 0.865366895517 0.571718408489)
(0.005 0.876388835572 0.571718408489)
(0.005 0.886904818719 0.571718408489)
(0.005 0.896938070668 0.571718408489)
(0.005 0.906510750967 0.571718408489)
(0.005 0.915644001936 0.571718408489)
(0.005 0.924357995371 0.57171840849)
(0.005 0.932671977087 0.571718408489)
(0.005 0.940604309433 0.57171840849)
(0.005 0.948172511841 0.57171840849)
(0.005 0.955393299523 0.571718408489)
(0.005 0.962282620385 0.571718408489)
(0.005 0.968855690256 0.571718408489)
(0.005 0.975127026485 0.57171840849)
(0.005 0.981110480012 0.571718408489)
(0.005 0.986819265955 0.571718408489)
(0.005 0.992265992799 0.57171840849)
(0.005 0.997462690241 0.57171840849)
(0.005 0.0253730975879 0.596220142462)
(0.005 0.0749545528056 0.596220142462)
(0.005 0.12225999494 0.596220142461)
(0.005 0.167393903286 0.596220142462)
(0.005 0.21045596107 0.596220142462)
(0.005 0.251541275603 0.596220142462)
(0.005 0.290740588345 0.596220142462)
(0.005 0.328140475307 0.596220142462)
(0.005 0.363823538274 0.596220142462)
(0.005 0.397868587232 0.596220142462)
(0.005 0.430350814436 0.596220142462)
(0.005 0.461341960473 0.596220142462)
(0.005 0.490910472714 0.596220142461)
(0.005 0.519121656485 0.596220142462)
(0.005 0.546037819304 0.596220142461)
(0.005 0.57171840849 0.596220142462)
(0.005 0.596220142461 0.596220142461)
(0.005 0.619597136007 0.596220142462)
(0.005 0.6419010198 0.596220142462)
(0.005 0.663181054431 0.596220142462)
(0.005 0.68348423921 0.596220142462)
(0.005 0.702855415963 0.596220142461)
(0.005 0.721337368074 0.596220142461)
(0.005 0.738970914978 0.596220142462)
(0.005 0.75579500231 0.596220142462)
(0.005 0.771846787929 0.596220142462)
(0.005 0.787161723973 0.596220142461)
(0.005 0.801773635175 0.596220142462)
(0.005 0.815714793553 0.596220142461)
(0.005 0.829015989697 0.596220142462)
(0.005 0.841706600767 0.596220142461)
(0.005 0.853814655382 0.596220142462)
(0.005 0.865366895517 0.596220142462)
(0.005 0.876388835572 0.596220142462)
(0.005 0.886904818719 0.596220142461)
(0.005 0.896938070668 0.596220142461)
(0.005 0.906510750967 0.596220142462)
(0.005 0.915644001936 0.596220142461)
(0.005 0.924357995371 0.596220142462)
(0.005 0.932671977087 0.596220142462)
(0.005 0.940604309433 0.596220142462)
(0.005 0.948172511841 0.596220142461)
(0.005 0.955393299523 0.596220142462)
(0.005 0.962282620385 0.596220142462)
(0.005 0.968855690256 0.596220142462)
(0.005 0.975127026485 0.596220142462)
(0.005 0.981110480012 0.596220142462)
(0.005 0.986819265955 0.596220142462)
(0.005 0.992265992799 0.596220142461)
(0.005 0.997462690241 0.596220142461)
(0.005 0.0253730975879 0.619597136007)
(0.005 0.0749545528056 0.619597136007)
(0.005 0.12225999494 0.619597136007)
(0.005 0.167393903286 0.619597136007)
(0.005 0.21045596107 0.619597136007)
(0.005 0.251541275604 0.619597136008)
(0.005 0.290740588344 0.619597136007)
(0.005 0.328140475307 0.619597136008)
(0.005 0.363823538274 0.619597136007)
(0.005 0.397868587233 0.619597136007)
(0.005 0.430350814436 0.619597136007)
(0.005 0.461341960473 0.619597136007)
(0.005 0.490910472713 0.619597136007)
(0.005 0.519121656485 0.619597136007)
(0.005 0.546037819304 0.619597136007)
(0.005 0.571718408489 0.619597136007)
(0.005 0.596220142462 0.619597136007)
(0.005 0.619597136007 0.619597136007)
(0.005 0.6419010198 0.619597136007)
(0.005 0.663181054431 0.619597136007)
(0.005 0.68348423921 0.619597136007)
(0.005 0.702855415963 0.619597136007)
(0.005 0.721337368074 0.619597136008)
(0.005 0.738970914978 0.619597136007)
(0.005 0.755795002311 0.619597136007)
(0.005 0.771846787928 0.619597136007)
(0.005 0.787161723973 0.619597136008)
(0.005 0.801773635175 0.619597136007)
(0.005 0.815714793553 0.619597136007)
(0.005 0.829015989696 0.619597136007)
(0.005 0.841706600767 0.619597136007)
(0.005 0.853814655382 0.619597136007)
(0.005 0.865366895517 0.619597136007)
(0.005 0.876388835572 0.619597136007)
(0.005 0.886904818719 0.619597136007)
(0.005 0.896938070669 0.619597136008)
(0.005 0.906510750967 0.619597136007)
(0.005 0.915644001936 0.619597136007)
(0.005 0.924357995371 0.619597136007)
(0.005 0.932671977087 0.619597136007)
(0.005 0.940604309433 0.619597136008)
(0.005 0.948172511841 0.619597136008)
(0.005 0.955393299522 0.619597136007)
(0.005 0.962282620386 0.619597136007)
(0.005 0.968855690256 0.619597136007)
(0.005 0.975127026485 0.619597136007)
(0.005 0.981110480012 0.619597136007)
(0.005 0.986819265955 0.619597136007)
(0.005 0.992265992799 0.619597136007)
(0.005 0.997462690241 0.619597136007)
(0.005 0.0253730975879 0.6419010198)
(0.005 0.0749545528056 0.6419010198)
(0.005 0.12225999494 0.6419010198)
(0.005 0.167393903287 0.6419010198)
(0.005 0.21045596107 0.6419010198)
(0.005 0.251541275603 0.6419010198)
(0.005 0.290740588344 0.6419010198)
(0.005 0.328140475307 0.6419010198)
(0.005 0.363823538274 0.6419010198)
(0.005 0.397868587233 0.6419010198)
(0.005 0.430350814436 0.6419010198)
(0.005 0.461341960473 0.6419010198)
(0.005 0.490910472713 0.6419010198)
(0.005 0.519121656485 0.6419010198)
(0.005 0.546037819304 0.6419010198)
(0.005 0.571718408489 0.6419010198)
(0.005 0.596220142461 0.6419010198)
(0.005 0.619597136007 0.6419010198)
(0.005 0.6419010198 0.6419010198)
(0.005 0.663181054431 0.6419010198)
(0.005 0.68348423921 0.6419010198)
(0.005 0.702855415963 0.6419010198)
(0.005 0.721337368074 0.6419010198)
(0.005 0.738970914978 0.6419010198)
(0.005 0.75579500231 0.6419010198)
(0.005 0.771846787928 0.6419010198)
(0.005 0.787161723973 0.6419010198)
(0.005 0.801773635175 0.6419010198)
(0.005 0.815714793553 0.6419010198)
(0.005 0.829015989696 0.6419010198)
(0.005 0.841706600768 0.6419010198)
(0.005 0.853814655382 0.6419010198)
(0.005 0.865366895517 0.6419010198)
(0.005 0.876388835572 0.6419010198)
(0.005 0.886904818719 0.6419010198)
(0.005 0.896938070668 0.6419010198)
(0.005 0.906510750967 0.6419010198)
(0.005 0.915644001936 0.6419010198)
(0.005 0.92435799537 0.6419010198)
(0.005 0.932671977087 0.6419010198)
(0.005 0.940604309433 0.6419010198)
(0.005 0.948172511841 0.6419010198)
(0.005 0.955393299522 0.6419010198)
(0.005 0.962282620385 0.6419010198)
(0.005 0.968855690256 0.6419010198)
(0.005 0.975127026485 0.6419010198)
(0.005 0.981110480012 0.6419010198)
(0.005 0.986819265955 0.6419010198)
(0.005 0.992265992798 0.6419010198)
(0.005 0.997462690241 0.6419010198)
(0.005 0.0253730975879 0.663181054431)
(0.005 0.0749545528056 0.663181054432)
(0.005 0.12225999494 0.663181054431)
(0.005 0.167393903286 0.663181054431)
(0.005 0.21045596107 0.663181054431)
(0.005 0.251541275603 0.663181054431)
(0.005 0.290740588345 0.663181054432)
(0.005 0.328140475307 0.663181054431)
(0.005 0.363823538274 0.663181054431)
(0.005 0.397868587232 0.663181054431)
(0.005 0.430350814436 0.663181054431)
(0.005 0.461341960473 0.663181054431)
(0.005 0.490910472714 0.663181054431)
(0.005 0.519121656485 0.663181054431)
(0.005 0.546037819304 0.663181054431)
(0.005 0.571718408489 0.663181054431)
(0.005 0.596220142462 0.663181054431)
(0.005 0.619597136007 0.663181054431)
(0.005 0.6419010198 0.663181054431)
(0.005 0.663181054431 0.663181054431)
(0.005 0.68348423921 0.663181054431)
(0.005 0.702855415963 0.663181054431)
(0.005 0.721337368074 0.663181054431)
(0.005 0.738970914977 0.663181054432)
(0.005 0.755795002311 0.663181054432)
(0.005 0.771846787928 0.663181054431)
(0.005 0.787161723974 0.663181054431)
(0.005 0.801773635175 0.663181054431)
(0.005 0.815714793553 0.663181054431)
(0.005 0.829015989696 0.663181054431)
(0.005 0.841706600767 0.663181054431)
(0.005 0.853814655382 0.663181054431)
(0.005 0.865366895517 0.663181054432)
(0.005 0.876388835572 0.663181054431)
(0.005 0.886904818719 0.663181054431)
(0.005 0.896938070669 0.663181054432)
(0.005 0.906510750967 0.663181054431)
(0.005 0.915644001937 0.663181054431)
(0.005 0.924357995371 0.663181054431)
(0.005 0.932671977087 0.663181054431)
(0.005 0.940604309433 0.663181054431)
(0.005 0.948172511841 0.663181054431)
(0.005 0.955393299523 0.663181054432)
(0.005 0.962282620386 0.663181054432)
(0.005 0.968855690256 0.663181054431)
(0.005 0.975127026485 0.663181054431)
(0.005 0.981110480012 0.663181054431)
(0.005 0.986819265955 0.663181054431)
(0.005 0.992265992798 0.663181054431)
(0.005 0.997462690241 0.663181054431)
(0.005 0.0253730975879 0.68348423921)
(0.005 0.0749545528056 0.68348423921)
(0.005 0.12225999494 0.68348423921)
(0.005 0.167393903286 0.68348423921)
(0.005 0.21045596107 0.68348423921)
(0.005 0.251541275603 0.68348423921)
(0.005 0.290740588345 0.68348423921)
(0.005 0.328140475307 0.68348423921)
(0.005 0.363823538274 0.68348423921)
(0.005 0.397868587232 0.68348423921)
(0.005 0.430350814436 0.68348423921)
(0.005 0.461341960473 0.683484239211)
(0.005 0.490910472713 0.68348423921)
(0.005 0.519121656485 0.683484239211)
(0.005 0.546037819304 0.68348423921)
(0.005 0.571718408489 0.68348423921)
(0.005 0.596220142461 0.68348423921)
(0.005 0.619597136007 0.683484239211)
(0.005 0.6419010198 0.68348423921)
(0.005 0.663181054431 0.68348423921)
(0.005 0.68348423921 0.68348423921)
(0.005 0.702855415963 0.68348423921)
(0.005 0.721337368074 0.68348423921)
(0.005 0.738970914977 0.68348423921)
(0.005 0.75579500231 0.68348423921)
(0.005 0.771846787928 0.68348423921)
(0.005 0.787161723973 0.68348423921)
(0.005 0.801773635175 0.68348423921)
(0.005 0.815714793553 0.68348423921)
(0.005 0.829015989697 0.683484239211)
(0.005 0.841706600767 0.68348423921)
(0.005 0.853814655382 0.68348423921)
(0.005 0.865366895517 0.68348423921)
(0.005 0.876388835572 0.68348423921)
(0.005 0.886904818719 0.68348423921)
(0.005 0.896938070668 0.68348423921)
(0.005 0.906510750967 0.68348423921)
(0.005 0.915644001936 0.68348423921)
(0.005 0.924357995371 0.68348423921)
(0.005 0.932671977087 0.683484239211)
(0.005 0.940604309433 0.68348423921)
(0.005 0.948172511841 0.68348423921)
(0.005 0.955393299522 0.68348423921)
(0.005 0.962282620386 0.68348423921)
(0.005 0.968855690256 0.68348423921)
(0.005 0.975127026485 0.68348423921)
(0.005 0.981110480012 0.68348423921)
(0.005 0.986819265955 0.68348423921)
(0.005 0.992265992798 0.683484239211)
(0.005 0.997462690241 0.68348423921)
(0.005 0.025373097588 0.702855415963)
(0.005 0.0749545528056 0.702855415963)
(0.005 0.12225999494 0.702855415963)
(0.005 0.167393903287 0.702855415963)
(0.005 0.21045596107 0.702855415963)
(0.005 0.251541275603 0.702855415963)
(0.005 0.290740588345 0.702855415963)
(0.005 0.328140475307 0.702855415963)
(0.005 0.363823538274 0.702855415963)
(0.005 0.397868587232 0.702855415963)
(0.005 0.430350814436 0.702855415963)
(0.005 0.461341960473 0.702855415963)
(0.005 0.490910472713 0.702855415963)
(0.005 0.519121656485 0.702855415963)
(0.005 0.546037819304 0.702855415963)
(0.005 0.571718408489 0.702855415963)
(0.005 0.596220142461 0.702855415963)
(0.005 0.619597136007 0.702855415963)
(0.005 0.6419010198 0.702855415963)
(0.005 0.663181054431 0.702855415963)
(0.005 0.68348423921 0.702855415963)
(0.005 0.702855415963 0.702855415963)
(0.005 0.721337368074 0.702855415963)
(0.005 0.738970914977 0.702855415963)
(0.005 0.755795002311 0.702855415963)
(0.005 0.771846787928 0.702855415963)
(0.005 0.787161723973 0.702855415963)
(0.005 0.801773635175 0.702855415963)
(0.005 0.815714793553 0.702855415963)
(0.005 0.829015989696 0.702855415963)
(0.005 0.841706600767 0.702855415963)
(0.005 0.853814655382 0.702855415963)
(0.005 0.865366895517 0.702855415963)
(0.005 0.876388835572 0.702855415963)
(0.005 0.886904818719 0.702855415963)
(0.005 0.896938070668 0.702855415963)
(0.005 0.906510750967 0.702855415963)
(0.005 0.915644001936 0.702855415963)
(0.005 0.924357995371 0.702855415963)
(0.005 0.932671977087 0.702855415963)
(0.005 0.940604309433 0.702855415963)
(0.005 0.948172511841 0.702855415963)
(0.005 0.955393299522 0.702855415963)
(0.005 0.962282620385 0.702855415963)
(0.005 0.968855690256 0.702855415963)
(0.005 0.975127026485 0.702855415963)
(0.005 0.981110480012 0.702855415963)
(0.005 0.986819265955 0.702855415963)
(0.005 0.992265992798 0.702855415963)
(0.005 0.997462690241 0.702855415963)
(0.005 0.0253730975879 0.721337368074)
(0.005 0.0749545528056 0.721337368074)
(0.005 0.12225999494 0.721337368074)
(0.005 0.167393903287 0.721337368074)
(0.005 0.21045596107 0.721337368074)
(0.005 0.251541275603 0.721337368074)
(0.005 0.290740588344 0.721337368074)
(0.005 0.328140475307 0.721337368074)
(0.005 0.363823538274 0.721337368074)
(0.005 0.397868587232 0.721337368074)
(0.005 0.430350814436 0.721337368074)
(0.005 0.461341960473 0.721337368074)
(0.005 0.490910472714 0.721337368074)
(0.005 0.519121656485 0.721337368074)
(0.005 0.546037819304 0.721337368074)
(0.005 0.571718408489 0.721337368074)
(0.005 0.596220142462 0.721337368074)
(0.005 0.619597136007 0.721337368074)
(0.005 0.6419010198 0.721337368074)
(0.005 0.663181054431 0.721337368074)
(0.005 0.68348423921 0.721337368074)
(0.005 0.702855415963 0.721337368074)
(0.005 0.721337368074 0.721337368074)
(0.005 0.738970914977 0.721337368074)
(0.005 0.75579500231 0.721337368074)
(0.005 0.771846787928 0.721337368074)
(0.005 0.787161723974 0.721337368074)
(0.005 0.801773635175 0.721337368074)
(0.005 0.815714793553 0.721337368074)
(0.005 0.829015989696 0.721337368074)
(0.005 0.841706600767 0.721337368074)
(0.005 0.853814655382 0.721337368074)
(0.005 0.865366895517 0.721337368074)
(0.005 0.876388835572 0.721337368074)
(0.005 0.886904818719 0.721337368074)
(0.005 0.896938070669 0.721337368074)
(0.005 0.906510750967 0.721337368074)
(0.005 0.915644001937 0.721337368074)
(0.005 0.924357995371 0.721337368074)
(0.005 0.932671977087 0.721337368074)
(0.005 0.940604309433 0.721337368074)
(0.005 0.948172511841 0.721337368074)
(0.005 0.955393299522 0.721337368074)
(0.005 0.962282620385 0.721337368074)
(0.005 0.968855690256 0.721337368074)
(0.005 0.975127026485 0.721337368074)
(0.005 0.981110480012 0.721337368074)
(0.005 0.986819265955 0.721337368074)
(0.005 0.992265992799 0.721337368074)
(0.005 0.997462690241 0.721337368074)
(0.005 0.0253730975879 0.738970914977)
(0.005 0.0749545528056 0.738970914978)
(0.005 0.12225999494 0.738970914978)
(0.005 0.167393903287 0.738970914977)
(0.005 0.21045596107 0.738970914977)
(0.005 0.251541275603 0.738970914978)
(0.005 0.290740588345 0.738970914978)
(0.005 0.328140475307 0.738970914978)
(0.005 0.363823538274 0.738970914978)
(0.005 0.397868587233 0.738970914978)
(0.005 0.430350814436 0.738970914978)
(0.005 0.461341960473 0.738970914977)
(0.005 0.490910472713 0.738970914977)
(0.005 0.519121656485 0.738970914978)
(0.005 0.546037819304 0.738970914978)
(0.005 0.571718408489 0.738970914978)
(0.005 0.596220142461 0.738970914977)
(0.005 0.619597136007 0.738970914977)
(0.005 0.6419010198 0.738970914978)
(0.005 0.663181054431 0.738970914977)
(0.005 0.68348423921 0.738970914978)
(0.005 0.702855415963 0.738970914977)
(0.005 0.721337368074 0.738970914978)
(0.005 0.738970914978 0.738970914978)
(0.005 0.75579500231 0.738970914978)
(0.005 0.771846787928 0.738970914977)
(0.005 0.787161723973 0.738970914977)
(0.005 0.801773635175 0.738970914977)
(0.005 0.815714793553 0.738970914978)
(0.005 0.829015989696 0.738970914978)
(0.005 0.841706600767 0.738970914978)
(0.005 0.853814655382 0.738970914978)
(0.005 0.865366895517 0.738970914978)
(0.005 0.876388835572 0.738970914977)
(0.005 0.886904818719 0.738970914978)
(0.005 0.896938070668 0.738970914977)
(0.005 0.906510750967 0.738970914978)
(0.005 0.915644001937 0.738970914978)
(0.005 0.92435799537 0.738970914978)
(0.005 0.932671977087 0.738970914978)
(0.005 0.940604309433 0.738970914978)
(0.005 0.948172511841 0.738970914977)
(0.005 0.955393299522 0.738970914978)
(0.005 0.962282620385 0.738970914978)
(0.005 0.968855690256 0.738970914977)
(0.005 0.975127026485 0.738970914978)
(0.005 0.981110480012 0.738970914978)
(0.005 0.986819265955 0.738970914978)
(0.005 0.992265992798 0.738970914977)
(0.005 0.997462690241 0.738970914978)
(0.005 0.0253730975879 0.75579500231)
(0.005 0.0749545528056 0.75579500231)
(0.005 0.12225999494 0.75579500231)
(0.005 0.167393903286 0.75579500231)
(0.005 0.21045596107 0.75579500231)
(0.005 0.251541275604 0.755795002311)
(0.005 0.290740588345 0.75579500231)
(0.005 0.328140475307 0.755795002311)
(0.005 0.363823538274 0.75579500231)
(0.005 0.397868587232 0.755795002311)
(0.005 0.430350814436 0.755795002311)
(0.005 0.461341960473 0.755795002311)
(0.005 0.490910472713 0.75579500231)
(0.005 0.519121656485 0.75579500231)
(0.005 0.546037819304 0.755795002311)
(0.005 0.571718408489 0.755795002311)
(0.005 0.596220142462 0.755795002311)
(0.005 0.619597136007 0.755795002311)
(0.005 0.6419010198 0.75579500231)
(0.005 0.663181054431 0.75579500231)
(0.005 0.68348423921 0.75579500231)
(0.005 0.702855415963 0.75579500231)
(0.005 0.721337368074 0.75579500231)
(0.005 0.738970914977 0.75579500231)
(0.005 0.755795002311 0.755795002311)
(0.005 0.771846787928 0.75579500231)
(0.005 0.787161723973 0.75579500231)
(0.005 0.801773635175 0.75579500231)
(0.005 0.815714793553 0.755795002311)
(0.005 0.829015989697 0.755795002311)
(0.005 0.841706600767 0.75579500231)
(0.005 0.853814655382 0.75579500231)
(0.005 0.865366895517 0.75579500231)
(0.005 0.876388835572 0.755795002311)
(0.005 0.886904818719 0.75579500231)
(0.005 0.896938070669 0.755795002311)
(0.005 0.906510750967 0.75579500231)
(0.005 0.915644001936 0.75579500231)
(0.005 0.924357995371 0.755795002311)
(0.005 0.932671977087 0.755795002311)
(0.005 0.940604309433 0.75579500231)
(0.005 0.948172511841 0.75579500231)
(0.005 0.955393299522 0.75579500231)
(0.005 0.962282620386 0.755795002311)
(0.005 0.968855690256 0.755795002311)
(0.005 0.975127026485 0.755795002311)
(0.005 0.981110480012 0.75579500231)
(0.005 0.986819265955 0.75579500231)
(0.005 0.992265992798 0.75579500231)
(0.005 0.997462690241 0.75579500231)
(0.005 0.0253730975879 0.771846787928)
(0.005 0.0749545528056 0.771846787929)
(0.005 0.12225999494 0.771846787929)
(0.005 0.167393903286 0.771846787928)
(0.005 0.21045596107 0.771846787928)
(0.005 0.251541275603 0.771846787929)
(0.005 0.290740588345 0.771846787929)
(0.005 0.328140475307 0.771846787929)
(0.005 0.363823538274 0.771846787929)
(0.005 0.397868587233 0.771846787928)
(0.005 0.430350814436 0.771846787929)
(0.005 0.461341960473 0.771846787928)
(0.005 0.490910472713 0.771846787929)
(0.005 0.519121656485 0.771846787929)
(0.005 0.546037819304 0.771846787928)
(0.005 0.57171840849 0.771846787928)
(0.005 0.596220142462 0.771846787929)
(0.005 0.619597136008 0.771846787929)
(0.005 0.6419010198 0.771846787929)
(0.005 0.663181054431 0.771846787928)
(0.005 0.68348423921 0.771846787928)
(0.005 0.702855415963 0.771846787929)
(0.005 0.721337368074 0.771846787928)
(0.005 0.738970914978 0.771846787928)
(0.005 0.755795002311 0.771846787928)
(0.005 0.771846787929 0.771846787928)
(0.005 0.787161723973 0.771846787929)
(0.005 0.801773635175 0.771846787929)
(0.005 0.815714793553 0.771846787929)
(0.005 0.829015989697 0.771846787929)
(0.005 0.841706600767 0.771846787929)
(0.005 0.853814655382 0.771846787928)
(0.005 0.865366895517 0.771846787928)
(0.005 0.876388835572 0.771846787928)
(0.005 0.886904818719 0.771846787928)
(0.005 0.896938070668 0.771846787928)
(0.005 0.906510750967 0.771846787929)
(0.005 0.915644001937 0.771846787928)
(0.005 0.924357995371 0.771846787929)
(0.005 0.932671977087 0.771846787928)
(0.005 0.940604309433 0.771846787928)
(0.005 0.948172511841 0.771846787928)
(0.005 0.955393299522 0.771846787928)
(0.005 0.962282620386 0.771846787929)
(0.005 0.968855690256 0.771846787929)
(0.005 0.975127026485 0.771846787928)
(0.005 0.981110480012 0.771846787929)
(0.005 0.986819265955 0.771846787928)
(0.005 0.992265992798 0.771846787928)
(0.005 0.997462690241 0.771846787928)
(0.005 0.0253730975879 0.787161723973)
(0.005 0.0749545528056 0.787161723973)
(0.005 0.12225999494 0.787161723973)
(0.005 0.167393903287 0.787161723973)
(0.005 0.21045596107 0.787161723973)
(0.005 0.251541275603 0.787161723973)
(0.005 0.290740588344 0.787161723973)
(0.005 0.328140475307 0.787161723973)
(0.005 0.363823538274 0.787161723974)
(0.005 0.397868587232 0.787161723973)
(0.005 0.430350814436 0.787161723973)
(0.005 0.461341960473 0.787161723974)
(0.005 0.490910472713 0.787161723973)
(0.005 0.519121656485 0.787161723973)
(0.005 0.546037819304 0.787161723973)
(0.005 0.571718408489 0.787161723973)
(0.005 0.596220142461 0.787161723973)
(0.005 0.619597136008 0.787161723973)
(0.005 0.6419010198 0.787161723974)
(0.005 0.663181054431 0.787161723974)
(0.005 0.68348423921 0.787161723974)
(0.005 0.702855415963 0.787161723974)
(0.005 0.721337368074 0.787161723974)
(0.005 0.738970914977 0.787161723973)
(0.005 0.75579500231 0.787161723973)
(0.005 0.771846787928 0.787161723973)
(0.005 0.787161723974 0.787161723974)
(0.005 0.801773635175 0.787161723974)
(0.005 0.815714793553 0.787161723974)
(0.005 0.829015989696 0.787161723973)
(0.005 0.841706600767 0.787161723974)
(0.005 0.853814655382 0.787161723974)
(0.005 0.865366895517 0.787161723973)
(0.005 0.876388835572 0.787161723974)
(0.005 0.886904818719 0.787161723973)
(0.005 0.896938070669 0.787161723973)
(0.005 0.906510750967 0.787161723973)
(0.005 0.915644001936 0.787161723973)
(0.005 0.924357995371 0.787161723973)
(0.005 0.932671977087 0.787161723974)
(0.005 0.940604309433 0.787161723974)
(0.005 0.948172511841 0.787161723973)
(0.005 0.955393299522 0.787161723974)
(0.005 0.962282620385 0.787161723974)
(0.005 0.968855690256 0.787161723973)
(0.005 0.975127026485 0.787161723973)
(0.005 0.981110480012 0.787161723973)
(0.005 0.986819265955 0.787161723973)
(0.005 0.992265992798 0.787161723973)
(0.005 0.997462690241 0.787161723973)
(0.005 0.0253730975879 0.801773635175)
(0.005 0.0749545528056 0.801773635175)
(0.005 0.12225999494 0.801773635175)
(0.005 0.167393903287 0.801773635175)
(0.005 0.21045596107 0.801773635175)
(0.005 0.251541275603 0.801773635175)
(0.005 0.290740588344 0.801773635175)
(0.005 0.328140475307 0.801773635175)
(0.005 0.363823538274 0.801773635175)
(0.005 0.397868587232 0.801773635175)
(0.005 0.430350814436 0.801773635175)
(0.005 0.461341960473 0.801773635175)
(0.005 0.490910472713 0.801773635175)
(0.005 0.519121656485 0.801773635175)
(0.005 0.546037819304 0.801773635175)
(0.005 0.57171840849 0.801773635175)
(0.005 0.596220142462 0.801773635175)
(0.005 0.619597136007 0.801773635175)
(0.005 0.6419010198 0.801773635175)
(0.005 0.663181054431 0.801773635175)
(0.005 0.68348423921 0.801773635175)
(0.005 0.702855415963 0.801773635175)
(0.005 0.721337368074 0.801773635175)
(0.005 0.738970914977 0.801773635175)
(0.005 0.75579500231 0.801773635175)
(0.005 0.771846787928 0.801773635175)
(0.005 0.787161723974 0.801773635175)
(0.005 0.801773635175 0.801773635175)
(0.005 0.815714793553 0.801773635175)
(0.005 0.829015989697 0.801773635175)
(0.005 0.841706600768 0.801773635175)
(0.005 0.853814655382 0.801773635175)
(0.005 0.865366895517 0.801773635175)
(0.005 0.876388835572 0.801773635175)
(0.005 0.886904818719 0.801773635175)
(0.005 0.896938070668 0.801773635175)
(0.005 0.906510750967 0.801773635175)
(0.005 0.915644001937 0.801773635175)
(0.005 0.924357995371 0.801773635175)
(0.005 0.932671977087 0.801773635175)
(0.005 0.940604309433 0.801773635175)
(0.005 0.948172511841 0.801773635175)
(0.005 0.955393299523 0.801773635175)
(0.005 0.962282620385 0.801773635175)
(0.005 0.968855690256 0.801773635175)
(0.005 0.975127026485 0.801773635175)
(0.005 0.981110480012 0.801773635175)
(0.005 0.986819265955 0.801773635175)
(0.005 0.992265992798 0.801773635175)
(0.005 0.997462690241 0.801773635175)
(0.005 0.0253730975879 0.815714793553)
(0.005 0.0749545528056 0.815714793553)
(0.005 0.12225999494 0.815714793553)
(0.005 0.167393903287 0.815714793553)
(0.005 0.21045596107 0.815714793553)
(0.005 0.251541275603 0.815714793553)
(0.005 0.290740588345 0.815714793553)
(0.005 0.328140475307 0.815714793553)
(0.005 0.363823538274 0.815714793553)
(0.005 0.397868587232 0.815714793553)
(0.005 0.430350814436 0.815714793553)
(0.005 0.461341960473 0.815714793553)
(0.005 0.490910472713 0.815714793553)
(0.005 0.519121656485 0.815714793553)
(0.005 0.546037819304 0.815714793553)
(0.005 0.571718408489 0.815714793553)
(0.005 0.596220142461 0.815714793553)
(0.005 0.619597136007 0.815714793553)
(0.005 0.6419010198 0.815714793553)
(0.005 0.663181054431 0.815714793553)
(0.005 0.68348423921 0.815714793553)
(0.005 0.702855415963 0.815714793553)
(0.005 0.721337368074 0.815714793553)
(0.005 0.738970914978 0.815714793553)
(0.005 0.75579500231 0.815714793553)
(0.005 0.771846787928 0.815714793553)
(0.005 0.787161723974 0.815714793553)
(0.005 0.801773635175 0.815714793553)
(0.005 0.815714793553 0.815714793553)
(0.005 0.829015989696 0.815714793553)
(0.005 0.841706600768 0.815714793553)
(0.005 0.853814655382 0.815714793553)
(0.005 0.865366895517 0.815714793553)
(0.005 0.876388835572 0.815714793553)
(0.005 0.886904818719 0.815714793553)
(0.005 0.896938070668 0.815714793553)
(0.005 0.906510750967 0.815714793553)
(0.005 0.915644001936 0.815714793553)
(0.005 0.92435799537 0.815714793553)
(0.005 0.932671977087 0.815714793553)
(0.005 0.940604309433 0.815714793553)
(0.005 0.948172511841 0.815714793553)
(0.005 0.955393299522 0.815714793553)
(0.005 0.962282620386 0.815714793553)
(0.005 0.968855690256 0.815714793553)
(0.005 0.975127026485 0.815714793553)
(0.005 0.981110480012 0.815714793553)
(0.005 0.986819265955 0.815714793553)
(0.005 0.992265992798 0.815714793553)
(0.005 0.997462690241 0.815714793553)
(0.005 0.025373097588 0.829015989696)
(0.005 0.0749545528056 0.829015989696)
(0.005 0.12225999494 0.829015989696)
(0.005 0.167393903287 0.829015989696)
(0.005 0.21045596107 0.829015989696)
(0.005 0.251541275603 0.829015989696)
(0.005 0.290740588344 0.829015989696)
(0.005 0.328140475307 0.829015989697)
(0.005 0.363823538274 0.829015989696)
(0.005 0.397868587232 0.829015989696)
(0.005 0.430350814436 0.829015989696)
(0.005 0.461341960473 0.829015989696)
(0.005 0.490910472714 0.829015989697)
(0.005 0.519121656485 0.829015989696)
(0.005 0.546037819304 0.829015989697)
(0.005 0.571718408489 0.829015989696)
(0.005 0.596220142462 0.829015989696)
(0.005 0.619597136007 0.829015989696)
(0.005 0.6419010198 0.829015989696)
(0.005 0.663181054431 0.829015989696)
(0.005 0.68348423921 0.829015989696)
(0.005 0.702855415963 0.829015989696)
(0.005 0.721337368074 0.829015989696)
(0.005 0.738970914978 0.829015989696)
(0.005 0.755795002311 0.829015989697)
(0.005 0.771846787928 0.829015989696)
(0.005 0.787161723973 0.829015989696)
(0.005 0.801773635175 0.829015989696)
(0.005 0.815714793553 0.829015989696)
(0.005 0.829015989696 0.829015989696)
(0.005 0.841706600768 0.829015989697)
(0.005 0.853814655382 0.829015989696)
(0.005 0.865366895517 0.829015989696)
(0.005 0.876388835572 0.829015989696)
(0.005 0.886904818719 0.829015989696)
(0.005 0.896938070668 0.829015989696)
(0.005 0.906510750967 0.829015989696)
(0.005 0.915644001936 0.829015989696)
(0.005 0.924357995371 0.829015989696)
(0.005 0.932671977087 0.829015989697)
(0.005 0.940604309433 0.829015989696)
(0.005 0.948172511841 0.829015989696)
(0.005 0.955393299523 0.829015989697)
(0.005 0.962282620386 0.829015989696)
(0.005 0.968855690256 0.829015989696)
(0.005 0.975127026485 0.829015989696)
(0.005 0.981110480012 0.829015989696)
(0.005 0.986819265955 0.829015989696)
(0.005 0.992265992799 0.829015989697)
(0.005 0.997462690241 0.829015989697)
(0.005 0.0253730975879 0.841706600767)
(0.005 0.0749545528056 0.841706600767)
(0.005 0.12225999494 0.841706600767)
(0.005 0.167393903287 0.841706600767)
(0.005 0.21045596107 0.841706600767)
(0.005 0.251541275604 0.841706600767)
(0.005 0.290740588345 0.841706600767)
(0.005 0.328140475307 0.841706600767)
(0.005 0.363823538274 0.841706600767)
(0.005 0.397868587232 0.841706600767)
(0.005 0.430350814436 0.841706600768)
(0.005 0.461341960473 0.841706600767)
(0.005 0.490910472713 0.841706600768)
(0.005 0.519121656485 0.841706600768)
(0.005 0.546037819304 0.841706600767)
(0.005 0.571718408489 0.841706600767)
(0.005 0.596220142462 0.841706600767)
(0.005 0.619597136007 0.841706600767)
(0.005 0.6419010198 0.841706600767)
(0.005 0.663181054431 0.841706600767)
(0.005 0.68348423921 0.841706600767)
(0.005 0.702855415963 0.841706600767)
(0.005 0.721337368074 0.841706600767)
(0.005 0.738970914977 0.841706600767)
(0.005 0.75579500231 0.841706600767)
(0.005 0.771846787928 0.841706600767)
(0.005 0.787161723974 0.841706600767)
(0.005 0.801773635175 0.841706600768)
(0.005 0.815714793553 0.841706600768)
(0.005 0.829015989696 0.841706600767)
(0.005 0.841706600768 0.841706600768)
(0.005 0.853814655382 0.841706600767)
(0.005 0.865366895517 0.841706600767)
(0.005 0.876388835572 0.841706600767)
(0.005 0.886904818719 0.841706600767)
(0.005 0.896938070668 0.841706600767)
(0.005 0.906510750967 0.841706600767)
(0.005 0.915644001936 0.841706600767)
(0.005 0.924357995371 0.841706600767)
(0.005 0.932671977087 0.841706600767)
(0.005 0.940604309433 0.841706600767)
(0.005 0.948172511841 0.841706600767)
(0.005 0.955393299523 0.841706600767)
(0.005 0.962282620385 0.841706600767)
(0.005 0.968855690256 0.841706600768)
(0.005 0.975127026485 0.841706600767)
(0.005 0.981110480012 0.841706600767)
(0.005 0.986819265955 0.841706600767)
(0.005 0.992265992799 0.841706600768)
(0.005 0.997462690241 0.841706600767)
(0.005 0.0253730975879 0.853814655382)
(0.005 0.0749545528056 0.853814655382)
(0.005 0.12225999494 0.853814655382)
(0.005 0.167393903287 0.853814655382)
(0.005 0.21045596107 0.853814655382)
(0.005 0.251541275603 0.853814655382)
(0.005 0.290740588344 0.853814655382)
(0.005 0.328140475307 0.853814655382)
(0.005 0.363823538274 0.853814655382)
(0.005 0.397868587232 0.853814655382)
(0.005 0.430350814436 0.853814655382)
(0.005 0.461341960473 0.853814655382)
(0.005 0.490910472714 0.853814655382)
(0.005 0.519121656485 0.853814655382)
(0.005 0.546037819304 0.853814655382)
(0.005 0.571718408489 0.853814655382)
(0.005 0.596220142462 0.853814655382)
(0.005 0.619597136007 0.853814655382)
(0.005 0.6419010198 0.853814655382)
(0.005 0.663181054431 0.853814655382)
(0.005 0.68348423921 0.853814655382)
(0.005 0.702855415963 0.853814655382)
(0.005 0.721337368074 0.853814655382)
(0.005 0.738970914977 0.853814655382)
(0.005 0.75579500231 0.853814655382)
(0.005 0.771846787928 0.853814655382)
(0.005 0.787161723974 0.853814655382)
(0.005 0.801773635175 0.853814655382)
(0.005 0.815714793553 0.853814655382)
(0.005 0.829015989696 0.853814655382)
(0.005 0.841706600768 0.853814655382)
(0.005 0.853814655382 0.853814655382)
(0.005 0.865366895517 0.853814655382)
(0.005 0.876388835572 0.853814655382)
(0.005 0.886904818719 0.853814655382)
(0.005 0.896938070668 0.853814655382)
(0.005 0.906510750967 0.853814655382)
(0.005 0.915644001937 0.853814655382)
(0.005 0.92435799537 0.853814655382)
(0.005 0.932671977087 0.853814655382)
(0.005 0.940604309433 0.853814655382)
(0.005 0.948172511841 0.853814655382)
(0.005 0.955393299522 0.853814655382)
(0.005 0.962282620386 0.853814655382)
(0.005 0.968855690256 0.853814655382)
(0.005 0.975127026485 0.853814655382)
(0.005 0.981110480012 0.853814655382)
(0.005 0.986819265955 0.853814655382)
(0.005 0.992265992798 0.853814655382)
(0.005 0.997462690241 0.853814655382)
(0.005 0.0253730975879 0.865366895517)
(0.005 0.0749545528056 0.865366895517)
(0.005 0.12225999494 0.865366895517)
(0.005 0.167393903287 0.865366895517)
(0.005 0.21045596107 0.865366895517)
(0.005 0.251541275603 0.865366895517)
(0.005 0.290740588345 0.865366895517)
(0.005 0.328140475307 0.865366895517)
(0.005 0.363823538274 0.865366895517)
(0.005 0.397868587232 0.865366895517)
(0.005 0.430350814436 0.865366895517)
(0.005 0.461341960473 0.865366895517)
(0.005 0.490910472713 0.865366895517)
(0.005 0.519121656485 0.865366895517)
(0.005 0.546037819304 0.865366895517)
(0.005 0.571718408489 0.865366895517)
(0.005 0.596220142462 0.865366895517)
(0.005 0.619597136008 0.865366895517)
(0.005 0.6419010198 0.865366895517)
(0.005 0.663181054431 0.865366895517)
(0.005 0.68348423921 0.865366895517)
(0.005 0.702855415963 0.865366895517)
(0.005 0.721337368074 0.865366895517)
(0.005 0.738970914978 0.865366895517)
(0.005 0.75579500231 0.865366895517)
(0.005 0.771846787928 0.865366895517)
(0.005 0.787161723973 0.865366895517)
(0.005 0.801773635175 0.865366895517)
(0.005 0.815714793553 0.865366895517)
(0.005 0.829015989697 0.865366895517)
(0.005 0.841706600767 0.865366895517)
(0.005 0.853814655382 0.865366895517)
(0.005 0.865366895517 0.865366895517)
(0.005 0.876388835572 0.865366895517)
(0.005 0.886904818719 0.865366895517)
(0.005 0.896938070669 0.865366895517)
(0.005 0.906510750967 0.865366895517)
(0.005 0.915644001936 0.865366895517)
(0.005 0.924357995371 0.865366895517)
(0.005 0.932671977087 0.865366895517)
(0.005 0.940604309433 0.865366895517)
(0.005 0.948172511841 0.865366895517)
(0.005 0.955393299523 0.865366895517)
(0.005 0.962282620385 0.865366895517)
(0.005 0.968855690256 0.865366895517)
(0.005 0.975127026485 0.865366895517)
(0.005 0.981110480012 0.865366895517)
(0.005 0.986819265955 0.865366895517)
(0.005 0.992265992799 0.865366895517)
(0.005 0.997462690241 0.865366895517)
(0.005 0.0253730975879 0.876388835572)
(0.005 0.0749545528056 0.876388835572)
(0.005 0.12225999494 0.876388835572)
(0.005 0.167393903287 0.876388835572)
(0.005 0.21045596107 0.876388835572)
(0.005 0.251541275603 0.876388835572)
(0.005 0.290740588345 0.876388835572)
(0.005 0.328140475307 0.876388835572)
(0.005 0.363823538274 0.876388835572)
(0.005 0.397868587233 0.876388835572)
(0.005 0.430350814436 0.876388835572)
(0.005 0.461341960473 0.876388835572)
(0.005 0.490910472714 0.876388835572)
(0.005 0.519121656485 0.876388835572)
(0.005 0.546037819304 0.876388835572)
(0.005 0.571718408489 0.876388835572)
(0.005 0.596220142461 0.876388835572)
(0.005 0.619597136007 0.876388835572)
(0.005 0.6419010198 0.876388835572)
(0.005 0.663181054431 0.876388835572)
(0.005 0.683484239211 0.876388835572)
(0.005 0.702855415963 0.876388835572)
(0.005 0.721337368074 0.876388835572)
(0.005 0.738970914977 0.876388835572)
(0.005 0.755795002311 0.876388835572)
(0.005 0.771846787929 0.876388835572)
(0.005 0.787161723973 0.876388835572)
(0.005 0.801773635175 0.876388835572)
(0.005 0.815714793553 0.876388835572)
(0.005 0.829015989697 0.876388835572)
(0.005 0.841706600767 0.876388835572)
(0.005 0.853814655382 0.876388835572)
(0.005 0.865366895517 0.876388835572)
(0.005 0.876388835572 0.876388835572)
(0.005 0.886904818719 0.876388835572)
(0.005 0.896938070668 0.876388835572)
(0.005 0.906510750967 0.876388835572)
(0.005 0.915644001936 0.876388835572)
(0.005 0.92435799537 0.876388835572)
(0.005 0.932671977087 0.876388835572)
(0.005 0.940604309433 0.876388835572)
(0.005 0.948172511841 0.876388835572)
(0.005 0.955393299522 0.876388835572)
(0.005 0.962282620385 0.876388835572)
(0.005 0.968855690256 0.876388835572)
(0.005 0.975127026485 0.876388835572)
(0.005 0.981110480012 0.876388835572)
(0.005 0.986819265955 0.876388835572)
(0.005 0.992265992799 0.876388835572)
(0.005 0.997462690241 0.876388835572)
(0.005 0.0253730975879 0.886904818719)
(0.005 0.0749545528056 0.886904818719)
(0.005 0.12225999494 0.886904818719)
(0.005 0.167393903286 0.886904818719)
(0.005 0.21045596107 0.886904818719)
(0.005 0.251541275604 0.886904818719)
(0.005 0.290740588345 0.886904818719)
(0.005 0.328140475307 0.886904818719)
(0.005 0.363823538274 0.886904818719)
(0.005 0.397868587232 0.886904818719)
(0.005 0.430350814436 0.886904818719)
(0.005 0.461341960473 0.886904818719)
(0.005 0.490910472713 0.886904818719)
(0.005 0.519121656485 0.886904818719)
(0.005 0.546037819304 0.886904818719)
(0.005 0.571718408489 0.886904818719)
(0.005 0.596220142461 0.886904818719)
(0.005 0.619597136007 0.886904818719)
(0.005 0.6419010198 0.886904818719)
(0.005 0.663181054431 0.886904818719)
(0.005 0.68348423921 0.886904818719)
(0.005 0.702855415963 0.886904818719)
(0.005 0.721337368074 0.886904818719)
(0.005 0.738970914978 0.886904818719)
(0.005 0.755795002311 0.886904818719)
(0.005 0.771846787928 0.886904818719)
(0.005 0.787161723974 0.886904818719)
(0.005 0.801773635175 0.886904818719)
(0.005 0.815714793553 0.886904818719)
(0.005 0.829015989696 0.886904818719)
(0.005 0.841706600767 0.886904818719)
(0.005 0.853814655382 0.886904818719)
(0.005 0.865366895517 0.886904818719)
(0.005 0.876388835572 0.886904818719)
(0.005 0.886904818719 0.886904818719)
(0.005 0.896938070668 0.886904818719)
(0.005 0.906510750967 0.886904818719)
(0.005 0.915644001937 0.886904818719)
(0.005 0.92435799537 0.886904818719)
(0.005 0.932671977087 0.886904818719)
(0.005 0.940604309433 0.886904818719)
(0.005 0.948172511841 0.886904818719)
(0.005 0.955393299523 0.886904818719)
(0.005 0.962282620385 0.886904818719)
(0.005 0.968855690256 0.886904818719)
(0.005 0.975127026485 0.886904818719)
(0.005 0.981110480012 0.886904818719)
(0.005 0.986819265955 0.886904818719)
(0.005 0.992265992799 0.886904818719)
(0.005 0.997462690241 0.886904818719)
(0.005 0.0253730975879 0.896938070668)
(0.005 0.0749545528056 0.896938070668)
(0.005 0.12225999494 0.896938070668)
(0.005 0.167393903287 0.896938070669)
(0.005 0.21045596107 0.896938070669)
(0.005 0.251541275604 0.896938070669)
(0.005 0.290740588345 0.896938070668)
(0.005 0.328140475307 0.896938070668)
(0.005 0.363823538274 0.896938070669)
(0.005 0.397868587232 0.896938070668)
(0.005 0.430350814436 0.896938070668)
(0.005 0.461341960473 0.896938070669)
(0.005 0.490910472713 0.896938070668)
(0.005 0.519121656485 0.896938070668)
(0.005 0.546037819304 0.896938070668)
(0.005 0.571718408489 0.896938070668)
(0.005 0.596220142462 0.896938070668)
(0.005 0.619597136008 0.896938070669)
(0.005 0.6419010198 0.896938070668)
(0.005 0.663181054431 0.896938070668)
(0.005 0.68348423921 0.896938070668)
(0.005 0.702855415963 0.896938070669)
(0.005 0.721337368074 0.896938070668)
(0.005 0.738970914978 0.896938070668)
(0.005 0.755795002311 0.896938070668)
(0.005 0.771846787928 0.896938070668)
(0.005 0.787161723973 0.896938070668)
(0.005 0.801773635175 0.896938070668)
(0.005 0.815714793553 0.896938070669)
(0.005 0.829015989696 0.896938070668)
(0.005 0.841706600768 0.896938070669)
(0.005 0.853814655382 0.896938070668)
(0.005 0.865366895517 0.896938070669)
(0.005 0.876388835572 0.896938070668)
(0.005 0.886904818719 0.896938070668)
(0.005 0.896938070669 0.896938070669)
(0.005 0.906510750967 0.896938070668)
(0.005 0.915644001937 0.896938070668)
(0.005 0.924357995371 0.896938070668)
(0.005 0.932671977087 0.896938070669)
(0.005 0.940604309433 0.896938070669)
(0.005 0.948172511841 0.896938070669)
(0.005 0.955393299522 0.896938070668)
(0.005 0.962282620385 0.896938070668)
(0.005 0.968855690256 0.896938070668)
(0.005 0.975127026485 0.896938070668)
(0.005 0.981110480012 0.896938070668)
(0.005 0.986819265955 0.896938070669)
(0.005 0.992265992798 0.896938070668)
(0.005 0.997462690241 0.896938070668)
(0.005 0.025373097588 0.906510750967)
(0.005 0.0749545528056 0.906510750967)
(0.005 0.12225999494 0.906510750967)
(0.005 0.167393903287 0.906510750967)
(0.005 0.21045596107 0.906510750967)
(0.005 0.251541275603 0.906510750967)
(0.005 0.290740588345 0.906510750967)
(0.005 0.328140475307 0.906510750967)
(0.005 0.363823538274 0.906510750967)
(0.005 0.397868587232 0.906510750967)
(0.005 0.430350814436 0.906510750967)
(0.005 0.461341960473 0.906510750967)
(0.005 0.490910472714 0.906510750967)
(0.005 0.519121656485 0.906510750967)
(0.005 0.546037819304 0.906510750967)
(0.005 0.571718408489 0.906510750967)
(0.005 0.596220142462 0.906510750967)
(0.005 0.619597136007 0.906510750967)
(0.005 0.6419010198 0.906510750967)
(0.005 0.663181054432 0.906510750967)
(0.005 0.68348423921 0.906510750967)
(0.005 0.702855415963 0.906510750967)
(0.005 0.721337368074 0.906510750967)
(0.005 0.738970914978 0.906510750967)
(0.005 0.75579500231 0.906510750967)
(0.005 0.771846787928 0.906510750967)
(0.005 0.787161723973 0.906510750967)
(0.005 0.801773635175 0.906510750967)
(0.005 0.815714793553 0.906510750967)
(0.005 0.829015989697 0.906510750967)
(0.005 0.841706600767 0.906510750967)
(0.005 0.853814655382 0.906510750967)
(0.005 0.865366895517 0.906510750967)
(0.005 0.876388835572 0.906510750967)
(0.005 0.886904818719 0.906510750967)
(0.005 0.896938070668 0.906510750967)
(0.005 0.906510750967 0.906510750967)
(0.005 0.915644001936 0.906510750967)
(0.005 0.924357995371 0.906510750967)
(0.005 0.932671977087 0.906510750967)
(0.005 0.940604309433 0.906510750967)
(0.005 0.948172511841 0.906510750967)
(0.005 0.955393299522 0.906510750967)
(0.005 0.962282620385 0.906510750967)
(0.005 0.968855690256 0.906510750967)
(0.005 0.975127026485 0.906510750967)
(0.005 0.981110480012 0.906510750967)
(0.005 0.986819265955 0.906510750967)
(0.005 0.992265992798 0.906510750967)
(0.005 0.997462690241 0.906510750967)
(0.005 0.0253730975879 0.915644001936)
(0.005 0.0749545528056 0.915644001937)
(0.005 0.12225999494 0.915644001937)
(0.005 0.167393903287 0.915644001936)
(0.005 0.21045596107 0.915644001936)
(0.005 0.251541275604 0.915644001937)
(0.005 0.290740588345 0.915644001937)
(0.005 0.328140475307 0.915644001937)
(0.005 0.363823538274 0.915644001936)
(0.005 0.397868587232 0.915644001937)
(0.005 0.430350814436 0.915644001936)
(0.005 0.461341960473 0.915644001937)
(0.005 0.490910472714 0.915644001937)
(0.005 0.519121656485 0.915644001936)
(0.005 0.546037819304 0.915644001936)
(0.005 0.57171840849 0.915644001936)
(0.005 0.596220142461 0.915644001936)
(0.005 0.619597136008 0.915644001936)
(0.005 0.6419010198 0.915644001936)
(0.005 0.663181054432 0.915644001936)
(0.005 0.68348423921 0.915644001936)
(0.005 0.702855415963 0.915644001936)
(0.005 0.721337368074 0.915644001936)
(0.005 0.738970914977 0.915644001936)
(0.005 0.75579500231 0.915644001936)
(0.005 0.771846787928 0.915644001936)
(0.005 0.787161723973 0.915644001936)
(0.005 0.801773635175 0.915644001936)
(0.005 0.815714793553 0.915644001936)
(0.005 0.829015989696 0.915644001936)
(0.005 0.841706600767 0.915644001937)
(0.005 0.853814655382 0.915644001937)
(0.005 0.865366895517 0.915644001936)
(0.005 0.876388835572 0.915644001936)
(0.005 0.886904818719 0.915644001936)
(0.005 0.896938070668 0.915644001937)
(0.005 0.906510750967 0.915644001936)
(0.005 0.915644001936 0.915644001936)
(0.005 0.92435799537 0.915644001936)
(0.005 0.932671977087 0.915644001936)
(0.005 0.940604309433 0.915644001936)
(0.005 0.948172511841 0.915644001936)
(0.005 0.955393299522 0.915644001936)
(0.005 0.962282620386 0.915644001936)
(0.005 0.968855690256 0.915644001937)
(0.005 0.975127026485 0.915644001936)
(0.005 0.981110480012 0.915644001936)
(0.005 0.986819265955 0.915644001936)
(0.005 0.992265992798 0.915644001936)
(0.005 0.997462690241 0.915644001936)
(0.005 0.0253730975879 0.924357995371)
(0.005 0.0749545528056 0.92435799537)
(0.005 0.12225999494 0.924357995371)
(0.005 0.167393903287 0.92435799537)
(0.005 0.21045596107 0.924357995371)
(0.005 0.251541275603 0.92435799537)
(0.005 0.290740588344 0.92435799537)
(0.005 0.328140475307 0.924357995371)
(0.005 0.363823538274 0.92435799537)
(0.005 0.397868587233 0.924357995371)
(0.005 0.430350814436 0.924357995371)
(0.005 0.461341960473 0.924357995371)
(0.005 0.490910472713 0.924357995371)
(0.005 0.519121656485 0.924357995371)
(0.005 0.546037819304 0.92435799537)
(0.005 0.571718408489 0.924357995371)
(0.005 0.596220142462 0.924357995371)
(0.005 0.619597136007 0.924357995371)
(0.005 0.6419010198 0.92435799537)
(0.005 0.663181054431 0.924357995371)
(0.005 0.68348423921 0.924357995371)
(0.005 0.702855415963 0.92435799537)
(0.005 0.721337368074 0.924357995371)
(0.005 0.738970914978 0.924357995371)
(0.005 0.75579500231 0.924357995371)
(0.005 0.771846787929 0.92435799537)
(0.005 0.787161723973 0.924357995371)
(0.005 0.801773635175 0.924357995371)
(0.005 0.815714793553 0.924357995371)
(0.005 0.829015989697 0.924357995371)
(0.005 0.841706600767 0.924357995371)
(0.005 0.853814655382 0.92435799537)
(0.005 0.865366895517 0.924357995371)
(0.005 0.876388835572 0.92435799537)
(0.005 0.886904818719 0.924357995371)
(0.005 0.896938070668 0.924357995371)
(0.005 0.906510750967 0.924357995371)
(0.005 0.915644001937 0.924357995371)
(0.005 0.92435799537 0.924357995371)
(0.005 0.932671977087 0.924357995371)
(0.005 0.940604309433 0.924357995371)
(0.005 0.948172511841 0.924357995371)
(0.005 0.955393299522 0.92435799537)
(0.005 0.962282620385 0.924357995371)
(0.005 0.968855690256 0.924357995371)
(0.005 0.975127026485 0.924357995371)
(0.005 0.981110480012 0.92435799537)
(0.005 0.986819265955 0.924357995371)
(0.005 0.992265992799 0.924357995371)
(0.005 0.997462690241 0.92435799537)
(0.005 0.0253730975879 0.932671977087)
(0.005 0.0749545528056 0.932671977087)
(0.005 0.12225999494 0.932671977087)
(0.005 0.167393903287 0.932671977087)
(0.005 0.21045596107 0.932671977087)
(0.005 0.251541275603 0.932671977087)
(0.005 0.290740588345 0.932671977087)
(0.005 0.328140475307 0.932671977087)
(0.005 0.363823538274 0.932671977087)
(0.005 0.397868587232 0.932671977087)
(0.005 0.430350814436 0.932671977087)
(0.005 0.461341960473 0.932671977087)
(0.005 0.490910472713 0.932671977087)
(0.005 0.519121656485 0.932671977087)
(0.005 0.546037819304 0.932671977087)
(0.005 0.571718408489 0.932671977087)
(0.005 0.596220142462 0.932671977087)
(0.005 0.619597136007 0.932671977087)
(0.005 0.6419010198 0.932671977087)
(0.005 0.663181054431 0.932671977087)
(0.005 0.683484239211 0.932671977087)
(0.005 0.702855415963 0.932671977087)
(0.005 0.721337368074 0.932671977087)
(0.005 0.738970914978 0.932671977087)
(0.005 0.75579500231 0.932671977087)
(0.005 0.771846787929 0.932671977087)
(0.005 0.787161723974 0.932671977087)
(0.005 0.801773635175 0.932671977087)
(0.005 0.815714793553 0.932671977087)
(0.005 0.829015989696 0.932671977087)
(0.005 0.841706600767 0.932671977087)
(0.005 0.853814655382 0.932671977087)
(0.005 0.865366895517 0.932671977087)
(0.005 0.876388835572 0.932671977087)
(0.005 0.886904818719 0.932671977087)
(0.005 0.896938070668 0.932671977087)
(0.005 0.906510750967 0.932671977087)
(0.005 0.915644001936 0.932671977087)
(0.005 0.924357995371 0.932671977087)
(0.005 0.932671977087 0.932671977087)
(0.005 0.940604309433 0.932671977087)
(0.005 0.948172511841 0.932671977087)
(0.005 0.955393299522 0.932671977087)
(0.005 0.962282620385 0.932671977087)
(0.005 0.968855690256 0.932671977087)
(0.005 0.975127026485 0.932671977087)
(0.005 0.981110480012 0.932671977087)
(0.005 0.986819265955 0.932671977087)
(0.005 0.992265992798 0.932671977087)
(0.005 0.997462690241 0.932671977087)
(0.005 0.0253730975879 0.940604309433)
(0.005 0.0749545528056 0.940604309433)
(0.005 0.12225999494 0.940604309433)
(0.005 0.167393903286 0.940604309433)
(0.005 0.21045596107 0.940604309433)
(0.005 0.251541275603 0.940604309433)
(0.005 0.290740588344 0.940604309433)
(0.005 0.328140475307 0.940604309433)
(0.005 0.363823538274 0.940604309433)
(0.005 0.397868587233 0.940604309433)
(0.005 0.430350814436 0.940604309433)
(0.005 0.461341960473 0.940604309433)
(0.005 0.490910472714 0.940604309433)
(0.005 0.519121656485 0.940604309433)
(0.005 0.546037819304 0.940604309433)
(0.005 0.571718408489 0.940604309433)
(0.005 0.596220142461 0.940604309433)
(0.005 0.619597136008 0.940604309433)
(0.005 0.6419010198 0.940604309433)
(0.005 0.663181054431 0.940604309433)
(0.005 0.68348423921 0.940604309433)
(0.005 0.702855415963 0.940604309433)
(0.005 0.721337368074 0.940604309433)
(0.005 0.738970914978 0.940604309433)
(0.005 0.75579500231 0.940604309433)
(0.005 0.771846787929 0.940604309433)
(0.005 0.787161723973 0.940604309433)
(0.005 0.801773635175 0.940604309433)
(0.005 0.815714793553 0.940604309433)
(0.005 0.829015989696 0.940604309433)
(0.005 0.841706600767 0.940604309433)
(0.005 0.853814655382 0.940604309433)
(0.005 0.865366895517 0.940604309433)
(0.005 0.876388835572 0.940604309433)
(0.005 0.886904818719 0.940604309433)
(0.005 0.896938070668 0.940604309433)
(0.005 0.906510750967 0.940604309433)
(0.005 0.915644001936 0.940604309433)
(0.005 0.92435799537 0.940604309433)
(0.005 0.932671977087 0.940604309433)
(0.005 0.940604309433 0.940604309433)
(0.005 0.948172511841 0.940604309433)
(0.005 0.955393299522 0.940604309433)
(0.005 0.962282620386 0.940604309433)
(0.005 0.968855690256 0.940604309433)
(0.005 0.975127026485 0.940604309433)
(0.005 0.981110480012 0.940604309433)
(0.005 0.986819265955 0.940604309433)
(0.005 0.992265992799 0.940604309433)
(0.005 0.997462690241 0.940604309433)
(0.005 0.0253730975879 0.948172511841)
(0.005 0.0749545528056 0.948172511841)
(0.005 0.12225999494 0.948172511841)
(0.005 0.167393903287 0.948172511841)
(0.005 0.21045596107 0.948172511841)
(0.005 0.251541275603 0.948172511841)
(0.005 0.290740588345 0.948172511841)
(0.005 0.328140475307 0.948172511841)
(0.005 0.363823538274 0.948172511841)
(0.005 0.397868587232 0.948172511841)
(0.005 0.430350814436 0.948172511841)
(0.005 0.461341960473 0.948172511841)
(0.005 0.490910472714 0.948172511841)
(0.005 0.519121656485 0.948172511841)
(0.005 0.546037819304 0.948172511841)
(0.005 0.571718408489 0.948172511841)
(0.005 0.596220142461 0.948172511841)
(0.005 0.619597136008 0.948172511841)
(0.005 0.6419010198 0.948172511841)
(0.005 0.663181054431 0.948172511841)
(0.005 0.68348423921 0.948172511841)
(0.005 0.702855415963 0.948172511841)
(0.005 0.721337368074 0.948172511841)
(0.005 0.738970914978 0.948172511841)
(0.005 0.75579500231 0.948172511841)
(0.005 0.771846787928 0.948172511841)
(0.005 0.787161723973 0.948172511841)
(0.005 0.801773635175 0.948172511841)
(0.005 0.815714793553 0.948172511841)
(0.005 0.829015989696 0.948172511841)
(0.005 0.841706600767 0.948172511841)
(0.005 0.853814655382 0.948172511841)
(0.005 0.865366895517 0.948172511841)
(0.005 0.876388835572 0.948172511841)
(0.005 0.886904818719 0.948172511841)
(0.005 0.896938070669 0.948172511841)
(0.005 0.906510750967 0.948172511841)
(0.005 0.915644001936 0.948172511841)
(0.005 0.92435799537 0.948172511841)
(0.005 0.932671977087 0.948172511841)
(0.005 0.940604309433 0.948172511841)
(0.005 0.948172511841 0.948172511841)
(0.005 0.955393299522 0.948172511841)
(0.005 0.962282620385 0.948172511841)
(0.005 0.968855690256 0.948172511841)
(0.005 0.975127026485 0.948172511841)
(0.005 0.981110480012 0.948172511841)
(0.005 0.986819265955 0.948172511841)
(0.005 0.992265992798 0.948172511841)
(0.005 0.997462690241 0.948172511841)
(0.005 0.0253730975879 0.955393299522)
(0.005 0.0749545528056 0.955393299523)
(0.005 0.12225999494 0.955393299522)
(0.005 0.167393903287 0.955393299522)
(0.005 0.21045596107 0.955393299523)
(0.005 0.251541275604 0.955393299522)
(0.005 0.290740588345 0.955393299522)
(0.005 0.328140475307 0.955393299522)
(0.005 0.363823538274 0.955393299522)
(0.005 0.397868587232 0.955393299522)
(0.005 0.430350814436 0.955393299522)
(0.005 0.461341960473 0.955393299522)
(0.005 0.490910472713 0.955393299522)
(0.005 0.519121656485 0.955393299522)
(0.005 0.546037819304 0.955393299522)
(0.005 0.57171840849 0.955393299522)
(0.005 0.596220142462 0.955393299522)
(0.005 0.619597136007 0.955393299522)
(0.005 0.6419010198 0.955393299523)
(0.005 0.663181054432 0.955393299523)
(0.005 0.68348423921 0.955393299522)
(0.005 0.702855415963 0.955393299522)
(0.005 0.721337368074 0.955393299522)
(0.005 0.738970914978 0.955393299522)
(0.005 0.75579500231 0.955393299522)
(0.005 0.771846787928 0.955393299522)
(0.005 0.787161723974 0.955393299522)
(0.005 0.801773635175 0.955393299523)
(0.005 0.815714793553 0.955393299522)
(0.005 0.829015989697 0.955393299523)
(0.005 0.841706600767 0.955393299522)
(0.005 0.853814655382 0.955393299522)
(0.005 0.865366895517 0.955393299522)
(0.005 0.876388835572 0.955393299522)
(0.005 0.886904818719 0.955393299522)
(0.005 0.896938070668 0.955393299522)
(0.005 0.906510750967 0.955393299522)
(0.005 0.915644001936 0.955393299522)
(0.005 0.92435799537 0.955393299522)
(0.005 0.932671977087 0.955393299522)
(0.005 0.940604309433 0.955393299522)
(0.005 0.948172511841 0.955393299522)
(0.005 0.955393299523 0.955393299523)
(0.005 0.962282620386 0.955393299522)
(0.005 0.968855690256 0.955393299522)
(0.005 0.975127026485 0.955393299522)
(0.005 0.981110480012 0.955393299522)
(0.005 0.986819265955 0.955393299523)
(0.005 0.992265992799 0.955393299523)
(0.005 0.997462690241 0.955393299522)
(0.005 0.0253730975879 0.962282620386)
(0.005 0.0749545528056 0.962282620385)
(0.005 0.12225999494 0.962282620385)
(0.005 0.167393903287 0.962282620385)
(0.005 0.21045596107 0.962282620385)
(0.005 0.251541275603 0.962282620385)
(0.005 0.290740588344 0.962282620386)
(0.005 0.328140475307 0.962282620385)
(0.005 0.363823538274 0.962282620385)
(0.005 0.397868587232 0.962282620385)
(0.005 0.430350814436 0.962282620385)
(0.005 0.461341960473 0.962282620386)
(0.005 0.490910472714 0.962282620386)
(0.005 0.519121656485 0.962282620386)
(0.005 0.546037819304 0.962282620385)
(0.005 0.57171840849 0.962282620386)
(0.005 0.596220142462 0.962282620386)
(0.005 0.619597136007 0.962282620385)
(0.005 0.6419010198 0.962282620385)
(0.005 0.663181054431 0.962282620385)
(0.005 0.68348423921 0.962282620386)
(0.005 0.702855415963 0.962282620385)
(0.005 0.721337368074 0.962282620385)
(0.005 0.738970914978 0.962282620385)
(0.005 0.75579500231 0.962282620385)
(0.005 0.771846787928 0.962282620385)
(0.005 0.787161723974 0.962282620385)
(0.005 0.801773635175 0.962282620385)
(0.005 0.815714793553 0.962282620385)
(0.005 0.829015989696 0.962282620385)
(0.005 0.841706600768 0.962282620385)
(0.005 0.853814655382 0.962282620386)
(0.005 0.865366895517 0.962282620385)
(0.005 0.876388835572 0.962282620385)
(0.005 0.886904818719 0.962282620386)
(0.005 0.896938070669 0.962282620386)
(0.005 0.906510750967 0.962282620385)
(0.005 0.915644001936 0.962282620385)
(0.005 0.924357995371 0.962282620385)
(0.005 0.932671977087 0.962282620385)
(0.005 0.940604309433 0.962282620385)
(0.005 0.948172511841 0.962282620386)
(0.005 0.955393299522 0.962282620385)
(0.005 0.962282620385 0.962282620385)
(0.005 0.968855690256 0.962282620385)
(0.005 0.975127026485 0.962282620385)
(0.005 0.981110480012 0.962282620385)
(0.005 0.986819265955 0.962282620386)
(0.005 0.992265992798 0.962282620386)
(0.005 0.997462690241 0.962282620385)
(0.005 0.0253730975879 0.968855690256)
(0.005 0.0749545528056 0.968855690256)
(0.005 0.12225999494 0.968855690256)
(0.005 0.167393903287 0.968855690256)
(0.005 0.21045596107 0.968855690256)
(0.005 0.251541275603 0.968855690256)
(0.005 0.290740588345 0.968855690256)
(0.005 0.328140475307 0.968855690256)
(0.005 0.363823538274 0.968855690256)
(0.005 0.397868587232 0.968855690256)
(0.005 0.430350814436 0.968855690256)
(0.005 0.461341960473 0.968855690256)
(0.005 0.490910472713 0.968855690256)
(0.005 0.519121656485 0.968855690256)
(0.005 0.546037819304 0.968855690256)
(0.005 0.571718408489 0.968855690256)
(0.005 0.596220142461 0.968855690256)
(0.005 0.619597136007 0.968855690256)
(0.005 0.6419010198 0.968855690256)
(0.005 0.663181054432 0.968855690256)
(0.005 0.68348423921 0.968855690256)
(0.005 0.702855415963 0.968855690256)
(0.005 0.721337368074 0.968855690256)
(0.005 0.738970914978 0.968855690256)
(0.005 0.75579500231 0.968855690256)
(0.005 0.771846787928 0.968855690256)
(0.005 0.787161723973 0.968855690256)
(0.005 0.801773635175 0.968855690256)
(0.005 0.815714793553 0.968855690256)
(0.005 0.829015989696 0.968855690256)
(0.005 0.841706600768 0.968855690256)
(0.005 0.853814655382 0.968855690256)
(0.005 0.865366895517 0.968855690256)
(0.005 0.876388835572 0.968855690256)
(0.005 0.886904818719 0.968855690256)
(0.005 0.896938070668 0.968855690256)
(0.005 0.906510750967 0.968855690256)
(0.005 0.915644001936 0.968855690256)
(0.005 0.924357995371 0.968855690256)
(0.005 0.932671977087 0.968855690256)
(0.005 0.940604309433 0.968855690256)
(0.005 0.948172511841 0.968855690256)
(0.005 0.955393299522 0.968855690256)
(0.005 0.962282620386 0.968855690256)
(0.005 0.968855690256 0.968855690256)
(0.005 0.975127026485 0.968855690256)
(0.005 0.981110480012 0.968855690256)
(0.005 0.986819265955 0.968855690256)
(0.005 0.992265992799 0.968855690256)
(0.005 0.997462690241 0.968855690256)
(0.005 0.0253730975879 0.975127026485)
(0.005 0.0749545528056 0.975127026485)
(0.005 0.12225999494 0.975127026485)
(0.005 0.167393903287 0.975127026485)
(0.005 0.21045596107 0.975127026485)
(0.005 0.251541275603 0.975127026485)
(0.005 0.290740588344 0.975127026485)
(0.005 0.328140475307 0.975127026485)
(0.005 0.363823538274 0.975127026485)
(0.005 0.397868587233 0.975127026485)
(0.005 0.430350814436 0.975127026485)
(0.005 0.461341960473 0.975127026485)
(0.005 0.490910472714 0.975127026485)
(0.005 0.519121656485 0.975127026485)
(0.005 0.546037819304 0.975127026485)
(0.005 0.57171840849 0.975127026485)
(0.005 0.596220142461 0.975127026485)
(0.005 0.619597136007 0.975127026485)
(0.005 0.6419010198 0.975127026485)
(0.005 0.663181054431 0.975127026485)
(0.005 0.68348423921 0.975127026485)
(0.005 0.702855415963 0.975127026485)
(0.005 0.721337368074 0.975127026485)
(0.005 0.738970914978 0.975127026485)
(0.005 0.755795002311 0.975127026485)
(0.005 0.771846787928 0.975127026485)
(0.005 0.787161723973 0.975127026485)
(0.005 0.801773635175 0.975127026485)
(0.005 0.815714793553 0.975127026485)
(0.005 0.829015989697 0.975127026485)
(0.005 0.841706600768 0.975127026485)
(0.005 0.853814655382 0.975127026485)
(0.005 0.865366895517 0.975127026485)
(0.005 0.876388835572 0.975127026485)
(0.005 0.886904818719 0.975127026485)
(0.005 0.896938070668 0.975127026485)
(0.005 0.906510750967 0.975127026485)
(0.005 0.915644001936 0.975127026485)
(0.005 0.924357995371 0.975127026485)
(0.005 0.932671977087 0.975127026485)
(0.005 0.940604309433 0.975127026485)
(0.005 0.948172511841 0.975127026485)
(0.005 0.955393299523 0.975127026485)
(0.005 0.962282620385 0.975127026485)
(0.005 0.968855690256 0.975127026485)
(0.005 0.975127026485 0.975127026485)
(0.005 0.981110480012 0.975127026485)
(0.005 0.986819265955 0.975127026485)
(0.005 0.992265992799 0.975127026485)
(0.005 0.997462690241 0.975127026485)
(0.005 0.0253730975879 0.981110480012)
(0.005 0.0749545528056 0.981110480012)
(0.005 0.12225999494 0.981110480012)
(0.005 0.167393903286 0.981110480012)
(0.005 0.21045596107 0.981110480012)
(0.005 0.251541275603 0.981110480012)
(0.005 0.290740588344 0.981110480012)
(0.005 0.328140475307 0.981110480012)
(0.005 0.363823538274 0.981110480012)
(0.005 0.397868587232 0.981110480012)
(0.005 0.430350814436 0.981110480012)
(0.005 0.461341960473 0.981110480012)
(0.005 0.490910472713 0.981110480012)
(0.005 0.519121656485 0.981110480012)
(0.005 0.546037819304 0.981110480012)
(0.005 0.571718408489 0.981110480012)
(0.005 0.596220142461 0.981110480012)
(0.005 0.619597136007 0.981110480012)
(0.005 0.6419010198 0.981110480012)
(0.005 0.663181054431 0.981110480012)
(0.005 0.68348423921 0.981110480012)
(0.005 0.702855415963 0.981110480012)
(0.005 0.721337368074 0.981110480012)
(0.005 0.738970914978 0.981110480012)
(0.005 0.75579500231 0.981110480012)
(0.005 0.771846787928 0.981110480012)
(0.005 0.787161723974 0.981110480012)
(0.005 0.801773635175 0.981110480012)
(0.005 0.815714793553 0.981110480012)
(0.005 0.829015989696 0.981110480012)
(0.005 0.841706600768 0.981110480012)
(0.005 0.853814655382 0.981110480012)
(0.005 0.865366895517 0.981110480012)
(0.005 0.876388835572 0.981110480012)
(0.005 0.886904818719 0.981110480012)
(0.005 0.896938070669 0.981110480012)
(0.005 0.906510750967 0.981110480012)
(0.005 0.915644001936 0.981110480012)
(0.005 0.924357995371 0.981110480012)
(0.005 0.932671977087 0.981110480012)
(0.005 0.940604309433 0.981110480012)
(0.005 0.948172511841 0.981110480012)
(0.005 0.955393299522 0.981110480012)
(0.005 0.962282620385 0.981110480012)
(0.005 0.968855690256 0.981110480012)
(0.005 0.975127026485 0.981110480012)
(0.005 0.981110480012 0.981110480012)
(0.005 0.986819265955 0.981110480012)
(0.005 0.992265992799 0.981110480012)
(0.005 0.997462690241 0.981110480012)
(0.005 0.0253730975879 0.986819265955)
(0.005 0.0749545528056 0.986819265955)
(0.005 0.12225999494 0.986819265955)
(0.005 0.167393903287 0.986819265955)
(0.005 0.21045596107 0.986819265955)
(0.005 0.251541275603 0.986819265955)
(0.005 0.290740588344 0.986819265955)
(0.005 0.328140475307 0.986819265955)
(0.005 0.363823538274 0.986819265955)
(0.005 0.397868587232 0.986819265955)
(0.005 0.430350814436 0.986819265955)
(0.005 0.461341960473 0.986819265955)
(0.005 0.490910472714 0.986819265955)
(0.005 0.519121656485 0.986819265955)
(0.005 0.546037819304 0.986819265955)
(0.005 0.571718408489 0.986819265955)
(0.005 0.596220142462 0.986819265955)
(0.005 0.619597136007 0.986819265955)
(0.005 0.6419010198 0.986819265955)
(0.005 0.663181054431 0.986819265955)
(0.005 0.68348423921 0.986819265955)
(0.005 0.702855415963 0.986819265955)
(0.005 0.721337368074 0.986819265955)
(0.005 0.738970914977 0.986819265955)
(0.005 0.75579500231 0.986819265955)
(0.005 0.771846787928 0.986819265955)
(0.005 0.787161723974 0.986819265955)
(0.005 0.801773635175 0.986819265955)
(0.005 0.815714793553 0.986819265955)
(0.005 0.829015989696 0.986819265955)
(0.005 0.841706600767 0.986819265955)
(0.005 0.853814655382 0.986819265955)
(0.005 0.865366895517 0.986819265955)
(0.005 0.876388835572 0.986819265955)
(0.005 0.886904818719 0.986819265955)
(0.005 0.896938070669 0.986819265955)
(0.005 0.906510750967 0.986819265955)
(0.005 0.915644001937 0.986819265955)
(0.005 0.924357995371 0.986819265955)
(0.005 0.932671977087 0.986819265955)
(0.005 0.940604309433 0.986819265955)
(0.005 0.948172511841 0.986819265955)
(0.005 0.955393299522 0.986819265955)
(0.005 0.962282620385 0.986819265955)
(0.005 0.968855690256 0.986819265955)
(0.005 0.975127026485 0.986819265955)
(0.005 0.981110480012 0.986819265955)
(0.005 0.986819265955 0.986819265955)
(0.005 0.992265992799 0.986819265955)
(0.005 0.997462690241 0.986819265955)
(0.005 0.0253730975879 0.992265992798)
(0.005 0.0749545528056 0.992265992799)
(0.005 0.12225999494 0.992265992798)
(0.005 0.167393903287 0.992265992799)
(0.005 0.21045596107 0.992265992798)
(0.005 0.251541275604 0.992265992798)
(0.005 0.290740588344 0.992265992798)
(0.005 0.328140475307 0.992265992798)
(0.005 0.363823538274 0.992265992798)
(0.005 0.397868587232 0.992265992798)
(0.005 0.430350814436 0.992265992798)
(0.005 0.461341960473 0.992265992799)
(0.005 0.490910472713 0.992265992799)
(0.005 0.519121656485 0.992265992798)
(0.005 0.546037819304 0.992265992798)
(0.005 0.57171840849 0.992265992798)
(0.005 0.596220142462 0.992265992798)
(0.005 0.619597136007 0.992265992798)
(0.005 0.6419010198 0.992265992798)
(0.005 0.663181054431 0.992265992798)
(0.005 0.68348423921 0.992265992798)
(0.005 0.702855415963 0.992265992798)
(0.005 0.721337368074 0.992265992798)
(0.005 0.738970914978 0.992265992798)
(0.005 0.755795002311 0.992265992798)
(0.005 0.771846787928 0.992265992798)
(0.005 0.787161723973 0.992265992798)
(0.005 0.801773635175 0.992265992798)
(0.005 0.815714793553 0.992265992798)
(0.005 0.829015989697 0.992265992799)
(0.005 0.841706600767 0.992265992798)
(0.005 0.853814655382 0.992265992798)
(0.005 0.865366895517 0.992265992799)
(0.005 0.876388835572 0.992265992798)
(0.005 0.886904818719 0.992265992798)
(0.005 0.896938070668 0.992265992799)
(0.005 0.906510750967 0.992265992799)
(0.005 0.915644001937 0.992265992798)
(0.005 0.924357995371 0.992265992799)
(0.005 0.932671977087 0.992265992798)
(0.005 0.940604309433 0.992265992798)
(0.005 0.948172511841 0.992265992798)
(0.005 0.955393299522 0.992265992798)
(0.005 0.962282620385 0.992265992799)
(0.005 0.968855690256 0.992265992798)
(0.005 0.975127026485 0.992265992798)
(0.005 0.981110480012 0.992265992798)
(0.005 0.986819265955 0.992265992798)
(0.005 0.992265992799 0.992265992798)
(0.005 0.997462690241 0.992265992798)
(0.005 0.0253730975879 0.997462690241)
(0.005 0.0749545528056 0.997462690241)
(0.005 0.12225999494 0.997462690241)
(0.005 0.167393903287 0.997462690241)
(0.005 0.21045596107 0.997462690241)
(0.005 0.251541275603 0.997462690241)
(0.005 0.290740588345 0.997462690241)
(0.005 0.328140475307 0.997462690241)
(0.005 0.363823538274 0.997462690241)
(0.005 0.397868587232 0.997462690241)
(0.005 0.430350814436 0.997462690241)
(0.005 0.461341960473 0.997462690241)
(0.005 0.490910472714 0.997462690241)
(0.005 0.519121656485 0.997462690241)
(0.005 0.546037819304 0.997462690241)
(0.005 0.571718408489 0.997462690241)
(0.005 0.596220142462 0.997462690241)
(0.005 0.619597136007 0.997462690241)
(0.005 0.6419010198 0.997462690241)
(0.005 0.663181054431 0.997462690241)
(0.005 0.68348423921 0.997462690241)
(0.005 0.702855415963 0.997462690241)
(0.005 0.721337368074 0.997462690241)
(0.005 0.738970914978 0.997462690241)
(0.005 0.755795002311 0.997462690241)
(0.005 0.771846787928 0.997462690241)
(0.005 0.787161723973 0.997462690241)
(0.005 0.801773635175 0.997462690241)
(0.005 0.815714793553 0.997462690241)
(0.005 0.829015989696 0.997462690241)
(0.005 0.841706600768 0.997462690241)
(0.005 0.853814655382 0.997462690241)
(0.005 0.865366895517 0.997462690241)
(0.005 0.876388835572 0.997462690241)
(0.005 0.886904818719 0.997462690241)
(0.005 0.896938070668 0.997462690241)
(0.005 0.906510750967 0.997462690241)
(0.005 0.915644001936 0.997462690241)
(0.005 0.924357995371 0.997462690241)
(0.005 0.932671977087 0.997462690241)
(0.005 0.940604309433 0.997462690241)
(0.005 0.948172511841 0.997462690241)
(0.005 0.955393299522 0.997462690241)
(0.005 0.962282620385 0.997462690241)
(0.005 0.968855690256 0.997462690241)
(0.005 0.975127026485 0.997462690241)
(0.005 0.981110480012 0.997462690241)
(0.005 0.986819265955 0.997462690241)
(0.005 0.992265992799 0.997462690241)
(0.005 0.997462690241 0.997462690241)
)
;

boundaryField
{
    side_walls
    {
        type            calculated;
        value           nonuniform List<vector> 
100
(
(0.005 1 0.0253730975879)
(0.005 1 0.0749545528056)
(0.005 1 0.12225999494)
(0.005 1 0.167393903287)
(0.005 1 0.21045596107)
(0.005 1 0.251541275603)
(0.005 1 0.290740588345)
(0.005 1 0.328140475307)
(0.005 1 0.363823538274)
(0.005 1 0.397868587232)
(0.005 1 0.430350814436)
(0.005 1 0.461341960473)
(0.005 1 0.490910472714)
(0.005 1 0.519121656485)
(0.005 1 0.546037819304)
(0.005 1 0.57171840849)
(0.005 1 0.596220142462)
(0.005 1 0.619597136007)
(0.005 1 0.6419010198)
(0.005 1 0.663181054431)
(0.005 1 0.68348423921)
(0.005 1 0.702855415963)
(0.005 1 0.721337368074)
(0.005 1 0.738970914977)
(0.005 1 0.755795002311)
(0.005 1 0.771846787929)
(0.005 1 0.787161723973)
(0.005 1 0.801773635175)
(0.005 1 0.815714793553)
(0.005 1 0.829015989696)
(0.005 1 0.841706600767)
(0.005 1 0.853814655382)
(0.005 1 0.865366895517)
(0.005 1 0.876388835572)
(0.005 1 0.886904818719)
(0.005 1 0.896938070668)
(0.005 1 0.906510750967)
(0.005 1 0.915644001936)
(0.005 1 0.924357995371)
(0.005 1 0.932671977087)
(0.005 1 0.940604309433)
(0.005 1 0.948172511841)
(0.005 1 0.955393299522)
(0.005 1 0.962282620385)
(0.005 1 0.968855690256)
(0.005 1 0.975127026485)
(0.005 1 0.981110480012)
(0.005 1 0.986819265955)
(0.005 1 0.992265992798)
(0.005 1 0.997462690241)
(0.005 0.0253730975879 1)
(0.005 0.0749545528056 1)
(0.005 0.12225999494 1)
(0.005 0.167393903287 1)
(0.005 0.21045596107 1)
(0.005 0.251541275603 1)
(0.005 0.290740588345 1)
(0.005 0.328140475307 1)
(0.005 0.363823538274 1)
(0.005 0.397868587232 1)
(0.005 0.430350814436 1)
(0.005 0.461341960473 1)
(0.005 0.490910472714 1)
(0.005 0.519121656485 1)
(0.005 0.546037819304 1)
(0.005 0.571718408489 1)
(0.005 0.596220142462 1)
(0.005 0.619597136007 1)
(0.005 0.6419010198 1)
(0.005 0.663181054431 1)
(0.005 0.68348423921 1)
(0.005 0.702855415963 1)
(0.005 0.721337368074 1)
(0.005 0.738970914977 1)
(0.005 0.755795002311 1)
(0.005 0.771846787928 1)
(0.005 0.787161723973 1)
(0.005 0.801773635175 1)
(0.005 0.815714793553 1)
(0.005 0.829015989696 1)
(0.005 0.841706600768 1)
(0.005 0.853814655382 1)
(0.005 0.865366895517 1)
(0.005 0.876388835572 1)
(0.005 0.886904818719 1)
(0.005 0.896938070668 1)
(0.005 0.906510750967 1)
(0.005 0.915644001936 1)
(0.005 0.924357995371 1)
(0.005 0.932671977087 1)
(0.005 0.940604309433 1)
(0.005 0.948172511841 1)
(0.005 0.955393299522 1)
(0.005 0.962282620385 1)
(0.005 0.968855690256 1)
(0.005 0.975127026485 1)
(0.005 0.981110480012 1)
(0.005 0.986819265955 1)
(0.005 0.992265992799 1)
(0.005 0.997462690241 1)
)
;
    }
    inlet
    {
        type            cyclic;
    }
    outlet
    {
        type            cyclic;
    }
    side_left
    {
        type            symmetryPlane;
    }
    side_bottom
    {
        type            symmetryPlane;
    }
}


// ************************************************************************* //
