/*--------------------------------*- C++ -*----------------------------------*\
| =========                 |                                                 |
| \\      /  F ield         | OpenFOAM: The Open Source CFD Toolbox           |
|  \\    /   O peration     | Version:  3.0.1                                 |
|   \\  /    A nd           | Web:      www.OpenFOAM.org                      |
|    \\/     M anipulation  |                                                 |
\*---------------------------------------------------------------------------*/
FoamFile
{
    version     2.0;
    format      ascii;
    class       volScalarField;
    location    "50000";
    object      k;
}
// * * * * * * * * * * * * * * * * * * * * * * * * * * * * * * * * * * * * * //

dimensions      [0 2 -2 0 0 0 0];

internalField   nonuniform List<scalar> 
2500
(
0.000993740786917
0.00101416285728
0.00105126102473
0.00110119364791
0.001160468636
0.00122617390867
0.00129603291252
0.00136835592665
0.00144194554414
0.00151599186096
0.0015899748086
0.00166358029742
0.00173663146021
0.00180903399697
0.00188073385101
0.00195168532602
0.00202182786071
0.00209106983177
0.00215927789529
0.00222627048878
0.00229181420828
0.00235562185414
0.00241735100902
0.00247660206711
0.0025329146636
0.00258576143968
0.00263453799778
0.00267854772357
0.00271697983795
0.00274887854554
0.00277310040405
0.00278825598282
0.00279263044635
0.00278407590763
0.00275986652862
0.0027165064765
0.00264948420144
0.00255298296281
0.00241961020692
0.00224035399727
0.00200533708025
0.00170670964179
0.00134608054065
0.000947837652662
0.000568867567672
0.000277640956442
0.0001045481901
2.74715894254e-05
4.965882837e-06
9.62037523631e-06
0.00101416148508
0.00103455848882
0.00107161117336
0.00112147788312
0.00118065812977
0.00124622324061
0.00131587472738
0.00138789927239
0.00146107757497
0.00153458214449
0.00160788139742
0.00168065677767
0.00175273427591
0.00182402944439
0.00189450424469
0.00196413395995
0.00203288252209
0.0021006847635
0.00216743423478
0.00223297532421
0.00229709847944
0.00235953737882
0.00241996693674
0.00247800105319
0.0025331890249
0.00258500950644
0.00263286082179
0.00267604624878
0.00271375259062
0.00274501986108
0.00276869917919
0.00278339492583
0.00278738579657
0.00277851761121
0.00275405889795
0.00271050944084
0.0026433554092
0.00254678128305
0.0024134017094
0.00223422239535
0.00199940176665
0.00170115398749
0.001341182706
0.000943956082863
0.000566281668442
0.00027628831346
0.000104022509209
2.73327154807e-05
4.94283446668e-06
9.58681875537e-06
0.00105125741915
0.00107160893269
0.00110858043165
0.00115833241542
0.00121735164593
0.00128268155935
0.0013519853264
0.00142350722862
0.00149598751948
0.00156856500517
0.00164068451578
0.00171201604881
0.00178238708885
0.00185172734656
0.00192002441928
0.00198728879549
0.00205352677016
0.00211872001242
0.0021828106571
0.00224569086517
0.00230719582381
0.00236709915271
0.00242510966417
0.00248086839627
0.00253394479974
0.00258383089668
0.00262993212177
0.0026715533719
0.00270787848694
0.00273794090944
0.00276058255989
0.00277439694314
0.00277765111089
0.00276817936442
0.00274323978662
0.00269932393957
0.00263191363068
0.0025351955006
0.00240179756353
0.00222275850144
0.0019883035664
0.00169076674302
0.00133202878052
0.000936706410272
0.000561456035485
0.000273765897128
0.000103042578588
2.70738612207e-05
4.89984956152e-06
9.52409389321e-06
0.00110118751476
0.00112147309253
0.00115832984259
0.00120792691741
0.00126674021184
0.00133178120692
0.00140066536675
0.00147158155257
0.00154321480388
0.00161465548095
0.00168531160389
0.00175483119475
0.00182303625368
0.00188986776355
0.00195534039519
0.00201950553606
0.00208242144569
0.00214412954699
0.00220463600799
0.00226389783564
0.00232181269878
0.00237821164365
0.00243285378136
0.0024854219294
0.00253551808512
0.00258265749118
0.00262625990678
0.00266563649151
0.00269997040056
0.00272828872458
0.00274942271622
0.00276195225429
0.0027641291424
0.00275377214701
0.00272812495336
0.00268366757602
0.0026158755245
0.00251893823552
0.00238550230888
0.00220665273257
0.00197270890411
0.00167617358174
0.00131917602021
0.000926538227452
0.000554696797173
0.000270236714966
0.000101672325413
2.67119514681e-05
4.83969900663e-06
9.43600761073e-06
0.00116046012871
0.00118065092339
0.00121734660228
0.00126673770329
0.00132529895947
0.00139001427303
0.00145845000114
0.00152873312742
0.00159948322177
0.00166972955197
0.00173882965949
0.00180639615712
0.00187223347798
0.00193628409929
0.00199858305486
0.00205921952496
0.00211830451176
0.00217594385589
0.0022322160316
0.00228715424324
0.00234073233757
0.00239285396217
0.00244334426399
0.00249194325606
0.00253829979951
0.00258196495761
0.00262238326921
0.00265888023787
0.0026906439992
0.00271669865878
0.00273586611474
0.00274671221634
0.00274747179901
0.00273594550533
0.00270935966367
0.00266417999956
0.00259587396988
0.00249863418284
0.00236513020719
0.00218650494309
0.00195319599532
0.00165791795812
0.00130311039114
0.000913846266534
0.000546274814884
0.000265845847703
9.99688090692e-05
2.62621023795e-05
4.76484530534e-06
9.32586927541e-06
0.00122616345096
0.00124621402258
0.00128267441528
0.00133177651818
0.00139001204742
0.00145435048338
0.00152231592516
0.00159197401735
0.00166187383536
0.00173097405777
0.00179856899651
0.00186422109818
0.00192770170482
0.00198893969846
0.00204797694753
0.00210492945815
0.00215995338095
0.00221321531508
0.0022648665807
0.00231502125972
0.00236373782325
0.00241100408386
0.00245672505185
0.00250071305934
0.0025426792667
0.00258222539498
0.00261883423921
0.00265185719586
0.00268049665205
0.00270378058457
0.00272052603215
0.00272928716004
0.00272828236595
0.0027152933128
0.00268752724347
0.00264143360955
0.00257247036799
0.00247483352352
0.00234121930513
0.00216283865802
0.00193026866998
0.00163647374919
0.00128425703333
0.000898977738099
0.000536429740694
0.000260722190183
9.79828183091e-05
2.57377737563e-05
4.67747188792e-06
9.19655764622e-06
0.00129602104175
0.00131586401812
0.00135197657229
0.00140065894942
0.00145844595796
0.00152231406216
0.00158975984614
0.001658795154
0.00172789924434
0.001795954836
0.00186218263105
0.00192608067301
0.00198737034465
0.00204594870907
0.00210184618692
0.0021551885396
0.00220616238566
0.00225498379972
0.00230186982049
0.00234701287803
0.00239055822142
0.00243258438659
0.002473086601
0.00251196279436
0.00254900159331
0.00258387134065
0.00261610880809
0.00264510586338
0.00267009188845
0.00269010918494
0.0027039778847
0.0027102459329
0.00270711846941
0.00269235943625
0.00266315682481
0.00261594285564
0.00254616505904
0.0024480230871
0.00231424300537
0.00213611270573
0.00190436764781
0.00161225560514
0.00126298893327
0.000882238568508
0.000525373616108
0.000254980078641
9.57594507635e-05
2.51509185006e-05
4.57951051846e-06
9.05057649495e-06
0.00136834318626
0.00138788760239
0.00142349737137
0.00147157388209
0.0015287277056
0.00159197069105
0.00165879365044
0.00172716875566
0.00179551196202
0.00186262947207
0.00192766158183
0.00199002988735
0.00204938962762
0.00210558693266
0.00215862003038
0.00220860341754
0.0022557342457
0.0023002605058
0.00234245090646
0.00238256657702
0.00242083486031
0.00245742548167
0.00249242928987
0.00252583956801
0.00255753562167
0.00258726798127
0.00261464412127
0.0026391131057
0.00265994701237
0.00267621633972
0.00268675581312
0.00269011601951
0.00268449505822
0.00266764294843
0.00263673023627
0.00258817234231
0.00251740626337
0.00241863582046
0.00228461979661
0.00210673094588
0.00187587995152
0.00158562762046
0.00123963426988
0.000863898804504
0.000513294109718
0.000248720820424
9.3338673984e-05
2.45121285407e-05
4.47266712352e-06
8.89010194476e-06
0.00144193242283
0.00146106542435
0.001495977023
0.00154320632149
0.00159947683505
0.00166186942897
0.0017278965883
0.00179551077678
0.0018630768001
0.00192932894821
0.0019933247533
0.0020544008248
0.00211213245787
0.00216629683968
0.00221683896563
0.00226383929391
0.00230748237998
0.00234802605361
0.00238577102587
0.00242103108684
0.00245410424612
0.00248524526069
0.0025146399774
0.00254238178572
0.00256845023048
0.00259269147852
0.00261479987632
0.00263429928466
0.0026505222333
0.00266258419028
0.00266934935759
0.00266938334148
0.00266088676951
0.00264160249924
0.00260868786743
0.00255854374977
0.00248659770382
0.00238705883003
0.00225272148423
0.00207505047441
0.00184514684258
0.00155691066956
0.00121448268984
0.000844197320347
0.000500357426286
0.000242034117065
9.07558590816e-05
2.38307745067e-05
4.35844591198e-06
8.71702325468e-06
0.00151597876556
0.00153456991581
0.00156855426301
0.00161464656625
0.00166972256163
0.00173096891101
0.00179595134362
0.00186262739314
0.00192932802952
0.0019947254206
0.00205779690842
0.00211778999996
0.00217418992786
0.00222668964823
0.00227516145076
0.00231962923386
0.0023602406642
0.0023972387281
0.0024309324987
0.00246166723213
0.00248979413834
0.00251564032686
0.00253947948818
0.00256150382448
0.00258179757697
0.00260031220236
0.00261684282391
0.00263100502128
0.00264221032889
0.00264963797804
0.00265219943035
0.00264849108388
0.00263672918193
0.00261465950725
0.00257943331756
0.0025274415109
0.00245410495608
0.00235364012542
0.00221888010702
0.00204138852374
0.00181247050437
0.00152638860909
0.00118779065973
0.000823345898507
0.000486710893893
0.000234999365147
8.80422768377e-05
2.31151362051e-05
4.23817152518e-06
8.53297804939e-06
0.00158996205776
0.00160786940894
0.0016406738438
0.00168530256677
0.00173882236545
0.00179856339592
0.00186217857312
0.00192765886282
0.00199332315167
0.00205779620736
0.00211998285504
0.00217904236126
0.00223436436663
0.00228554625487
0.00233237120121
0.0023747859865
0.00241287777485
0.00244684929345
0.00247699214008
0.00250365822839
0.00252722963304
0.00254808729449
0.00256657917033
0.00258298845724
0.00259750243608
0.00261018229213
0.00262093391374
0.00262947915853
0.00263532638651
0.002637738182
0.00263569311454
0.00262783711555
0.00261241859325
0.00258719989826
0.00254933665172
0.00249521715927
0.00242026052104
0.00231869412182
0.00218339364234
0.00200602818764
0.00177811961082
0.00149431347309
0.00115978598713
0.000801532726497
0.000472485229398
0.000227686821368
8.52255480281e-05
2.2372521502e-05
4.11300898474e-06
8.33938264009e-06
0.0016635681264
0.00168064526762
0.00171200568854
0.00175482227773
0.00180638879923
0.00186421527729
0.00192607627391
0.00199002674169
0.00205439874169
0.00211778878684
0.00217904183662
0.00223723498923
0.00229166191282
0.00234181788968
0.00238738478122
0.00242821504538
0.00246431399316
0.00249581965367
0.00252297986007
0.0025461264287
0.00256564655387
0.00258195176069
0.00259544493033
0.00260648601908
0.00261535711108
0.00262222735058
0.00262711805999
0.002629867935
0.00263009758522
0.00262717183485
0.00262015709489
0.00260776976738
0.00258831008441
0.00255957418481
0.00251873611139
0.00246219225719
0.00238536758762
0.00228250591954
0.00214653055574
0.00196922305097
0.00174233387091
0.00146090974656
0.00113067157566
0.000778925342063
0.000457796484803
0.000220158623647
8.23300426495e-05
2.16093720636e-05
3.98398129705e-06
8.13745793469e-06
0.00173662003088
0.00175272341187
0.00178237721586
0.00182302763909
0.00187222624197
0.00192769584892
0.00198736578596
0.00204938623088
0.00211213006149
0.00217418836287
0.00223436346921
0.00229166153165
0.00234528526285
0.00239462666891
0.00243925912883
0.00247892800573
0.00251353898018
0.00254314341664
0.00256792026102
0.00258815418803
0.00260420994693
0.00261650307448
0.00262546733923
0.00263151943383
0.00263502152329
0.00263624225891
0.00263531674696
0.00263220567376
0.00262665328859
0.00261814318526
0.00260584976657
0.0025885819126
0.00256471375162
0.0025320957482
0.00248793815597
0.00242865981517
0.00234970244032
0.00224533435556
0.00210853322292
0.00193120077501
0.0017053276116
0.0014263777807
0.00110062846557
0.000755673056818
0.000442747682628
0.000212469666064
7.93772257222e-05
2.08313552332e-05
3.85198467935e-06
7.92825139253e-06
0.00180902340949
0.00182401933429
0.00185171808042
0.00188985958229
0.00193627712435
0.00198893395101
0.00204594413487
0.0021055834268
0.00216629426814
0.00222668786474
0.00228554511285
0.00234181725019
0.00239462640524
0.00244326573104
0.00248719850895
0.00252605546021
0.00255962947393
0.00258786702099
0.00261085564878
0.00262880712074
0.00264203595884
0.00265093334987
0.00265593657298
0.0026574942813
0.00265602810739
0.00265189113835
0.00264532378942
0.00263640744988
0.00262501592616
0.00261076409827
0.00259295227671
0.00257050346253
0.002541889108
0.00250503725753
0.00245721574569
0.00239488412231
0.00231351545756
0.00220741380578
0.0020696202319
0.0018921656686
0.00166729244364
0.00139089639916
0.00106981820475
0.000731908889278
0.00042743015405
0.000204668330727
7.63859498798e-05
2.00434420342e-05
3.71780146714e-06
7.71265548162e-06
0.0018807241555
0.00189449494782
0.00192001583346
0.00195533273541
0.00199857644112
0.00204797141664
0.0021018417093
0.00215861652838
0.00221683633074
0.00227515955815
0.00233236992103
0.00238738398669
0.00243925870159
0.00248719834218
0.00253056026567
0.00256885874205
0.00260176610546
0.00262911047368
0.00265086934747
0.00266715851099
0.00267821580042
0.00268437947687
0.00268606111965
0.00268371313184
0.00267779110765
0.00266871143246
0.00265680454471
0.00264226424698
0.002625093255
0.00260504474553
0.00258155892742
0.0025536925492
0.0025200377789
0.00247862524041
0.00242680481912
0.00236109892099
0.00227703064369
0.00216895470366
0.00202998755763
0.00185230025988
0.00162839904126
0.00135462473558
0.00103838459125
0.000707751040056
0.000411924598414
0.000196797083802
7.33726969335e-05
1.92499718308e-05
3.58211083902e-06
7.49142311931e-06
0.00195167653345
0.00196412549717
0.00198728092649
0.00201949845107
0.00205921334033
0.00210492422239
0.00215518424372
0.00220860000774
0.00226383668478
0.00231962732059
0.00237478465519
0.00242821418114
0.00247892749847
0.0025260552085
0.00256885865542
0.00260673981862
0.00263924862762
0.00266608694804
0.00268710849398
0.00270231396906
0.00271184082548
0.00271594715305
0.00271498935598
0.00270939343329
0.00269961983409
0.00268612199736
0.00266929878752
0.00264944107308
0.00262667262145
0.00260088523061
0.00257166750378
0.00253822581034
0.00249929474039
0.00245303291157
0.00239689897274
0.00232750388332
0.00224044364001
0.00213014273282
0.00198980858799
0.0018117658702
0.00158879805579
0.0013177033354
0.00100645482554
0.00068330394339
0.000396301886212
0.000188892945916
7.03517719835e-05
1.84547045679e-05
3.44549755058e-06
7.26518060588e-06
0.00202181995256
0.00203287488492
0.00205351962567
0.00208241496102
0.00211829879785
0.00215994849441
0.00220615833403
0.00225573099548
0.00230747986624
0.00236023880046
0.00241287646227
0.00246431312834
0.00251353846121
0.00255962920481
0.00260176599902
0.00263924860715
0.00267150885614
0.00269812055446
0.00271880561669
0.00273343561082
0.00274202796859
0.00274473616225
0.00274183324915
0.00273368830767
0.00272073542159
0.00270343500123
0.00268222734355
0.00265747840911
0.00262941780145
0.00259806882313
0.00256317017868
0.0025240883137
0.00247971847416
0.00242837146712
0.00236764241848
0.0022942593822
0.00220391817181
0.00209113664785
0.00194923297122
0.00177070218166
0.00154862017565
0.00128025455044
0.000974140110427
0.000658658931317
0.000380623630698
0.000180987849448
6.73354547081e-05
1.76608617989e-05
3.30845891231e-06
7.03443859335e-06
0.00209106276847
0.00210067792206
0.00211871357836
0.00214412366644
0.00217593863316
0.00221321081166
0.00225498003584
0.00230025746473
0.00234802368813
0.00239723696824
0.00244684805435
0.00249581884291
0.00254314294038
0.00258786678871
0.00262911040158
0.00266608696122
0.00269812058816
0.00272466157491
0.00274529831455
0.00275976509396
0.00276794488278
0.00276986624689
0.00276569355086
0.00275570968429
0.0027402906394
0.00271987137072
0.00269490246643
0.00266579724159
0.00263286890717
0.0025962574454
0.00255584568427
0.00251116374796
0.00246128052586
0.00240468015993
0.00233912137735
0.00226147960061
0.00216758091131
0.00205206468224
0.00190838424997
0.00172922578263
0.00150797533895
0.00124238225233
0.000941535736683
0.000633894549068
0.000364942555739
0.000173108896857
6.43341131921e-05
1.68711579142e-05
3.17141027854e-06
6.79960166868e-06
0.00215927162335
0.00216742814454
0.00218280490373
0.00220463071892
0.00223221130374
0.00226486247777
0.00230186637195
0.00234244810893
0.0023857688471
0.00243093088324
0.00247699101589
0.00252297914515
0.00256791986937
0.00261085549538
0.00265086935202
0.00268710858353
0.00271880572726
0.00274529839194
0.00276604629245
0.00278064480472
0.00278883411254
0.00279050294887
0.00278568589958
0.0027745532401
0.00275739230962
0.00273457948152
0.00270654185006
0.00267370780828
0.00263644573024
0.00259498997955
0.002549353428
0.00249922555905
0.00244385504765
0.00238191557867
0.0023113541605
0.00222922408797
0.0021315147721
0.00201301951613
0.00186735624846
0.00168742767262
0.00146695110298
0.00120417089096
0.000908720695262
0.000609076563521
0.000349302689977
0.000165278535638
6.13562862356e-05
1.60878231384e-05
3.03468934138e-06
6.56097717231e-06
0.00222626494675
0.00223296993166
0.0022456857523
0.0022638931135
0.0022871500011
0.00231501756141
0.00234700975919
0.00238256404456
0.00242102912078
0.00246166578959
0.00250365724887
0.00254612583994
0.00258815391166
0.00262880707722
0.00266715862365
0.00270231416704
0.00273343583105
0.00275976528233
0.00278064491654
0.00279553638832
0.00280403554977
0.0028058827348
0.00280096721934
0.00278932461189
0.00277112588718
0.00274665676038
0.00271628609975
0.00268042207936
0.00263945477034
0.00259368385969
0.00254323017668
0.00248792971992
0.00242720897173
0.00235994064959
0.00228428028782
0.00219748795105
0.00209575070137
0.00197405180133
0.00182620818814
0.00164536970984
0.0014256101761
0.00116568392787
0.000875756862133
0.000584257711038
0.000333739420123
0.000157514666813
5.8408740615e-05
1.5312620007e-05
2.89855954897e-06
6.31878392356e-06
0.00229180933144
0.00229709372666
0.00230719130505
0.00232180851103
0.00234072856254
0.00236373452328
0.00239055543587
0.00242083260363
0.00245410250815
0.00248979288683
0.00252722881774
0.00256564611154
0.0026042098065
0.00264203604628
0.00267821604279
0.00271184115418
0.00274202832163
0.00276794520625
0.00278883436133
0.0028040356878
0.00281300627858
0.0028153365889
0.00281076169792
0.00279916627143
0.00278058170486
0.00275517382266
0.0027232194265
0.00268506991051
0.00264110008784
0.0025916403015
0.00253688984871
0.00247680979219
0.00241099349236
0.00233851395798
0.00225774909103
0.00216619095574
0.00206025810042
0.00193516227966
0.00178495852613
0.0016030799936
0.00138398712439
0.00112696168242
0.000842687810084
0.000559477237431
0.000318279439723
0.000149830705456
5.54965103375e-05
1.45468551841e-05
2.76321299666e-06
6.07316158534e-06
0.00235561757812
0.00235953320708
0.00236709517899
0.00237820795303
0.00239285062911
0.00241100116819
0.00243258192941
0.00245742350265
0.00248524375729
0.00251563927564
0.00254808665417
0.00258195147629
0.00261650308192
0.00265093358055
0.00268437986173
0.00271594762595
0.00274473666246
0.00276986672085
0.00279050335116
0.00280588302858
0.00281533674585
0.0028183110708
0.0028143854491
0.0028032843051
0.00278488227313
0.0027592006859
0.00272639325831
0.00268671872611
0.0026404980236
0.00258805341458
0.00252962685775
0.00246527487919
0.00239473753122
0.00231728003849
0.00223150833518
0.00213516591005
0.0020249340823
0.00189629258321
0.00174357754099
0.00156054719195
0.00134208427914
0.00108801864234
0.000809537315
0.000534760292056
0.000302940634559
0.000142235613827
5.26229256857e-05
1.37913886805e-05
2.62877317553e-06
5.82418147387e-06
0.00241734727243
0.00241996328916
0.00242510618642
0.00243285054853
0.00244334134383
0.00245672250098
0.00247308446081
0.00249242758337
0.00251463870776
0.00253947863914
0.00256657870836
0.00259544480792
0.00262546749891
0.00265593695154
0.00268606165204
0.00271498997871
0.002741833903
0.0027656941828
0.00278568646401
0.00280096767874
0.00281076202299
0.00281438561851
0.00281126872766
0.00280097411264
0.00278320983077
0.00275783444861
0.00272485234919
0.00268439649995
0.00263669574085
0.00258202334761
0.00252062335542
0.00245261099478
0.00237784383022
0.00229576130821
0.0022051934646
0.0021041467928
0.00198959186562
0.00185731487484
0.00170197873816
0.00151771385649
0.00129986689712
0.00104884031437
0.00077630764462
0.00051011725183
0.000287731953079
0.000134733930814
4.9789640983e-05
1.30466428293e-05
2.49529801479e-06
5.57185970449e-06
0.00247659881329
0.00247799787659
0.00248086536746
0.0024854191151
0.00249194071787
0.00250071085039
0.00251196095525
0.00252583812364
0.00254238074337
0.00256150317364
0.00258298817095
0.00260648605655
0.00263151974382
0.0026574948059
0.00268371381012
0.00270939420468
0.00273368911469
0.00275571047467
0.00277455396826
0.00278932523975
0.00279916676875
0.00280328464941
0.00280097428888
0.00279164374382
0.00277483305994
0.00275022758266
0.00271766277924
0.00267711766237
0.00262869343792
0.00257257352337
0.00250896063174
0.00243798629463
0.00235958826852
0.00227335231824
0.00217831813269
0.00207275718293
0.00195394870413
0.00181802057681
0.0016600092159
0.00147446881895
0.00125725766893
0.00100937972962
0.000742977750109
0.000485543072413
0.000272653321416
0.000127325826351
4.69966718132e-05
1.23126138489e-05
2.36278373006e-06
5.31617365773e-06
0.00253291184157
0.00253318627095
0.0025339421762
0.00253551565167
0.00253829761225
0.00254267737512
0.00254900003655
0.0025575344254
0.00256844940482
0.00258179711588
0.00259750231815
0.0026153573015
0.00263502197664
0.00265602877093
0.0026777919247
0.00269962074721
0.00272073637535
0.0027402915826
0.0027573931969
0.00277112668008
0.0027805823723
0.00278488279154
0.00278321018382
0.00277483323811
0.00275913150931
0.00273561564012
0.00270394094616
0.00266391133915
0.00261546992159
0.00255867190708
0.00249363484308
0.00242046054293
0.00233912294901
0.00224931698641
0.00215026671361
0.00204049962945
0.00191761386348
0.00177810854796
0.00161743923168
0.00143063884689
0.00121413074327
0.000969553782734
0.000709501532101
0.000461016796996
0.000257695680128
0.000120007217297
4.42424553009e-05
1.15888895745e-05
2.23117010167e-06
5.05708283475e-06
0.00258575900461
0.00258500713221
0.00258382863891
0.00258265540359
0.00258196309137
0.00258222379598
0.00258387004616
0.00258726701691
0.00259269085623
0.00260031191953
0.00261018233196
0.00262222768351
0.00263624284491
0.00265189192972
0.00266871237684
0.00268612304069
0.00270343609044
0.00271987245599
0.00273458051802
0.00274665770947
0.0027551746526
0.00275920137209
0.0027578349735
0.00275022793541
0.00273561581606
0.00271334271179
0.00268288222185
0.00264385097528
0.0025960109695
0.00253925607544
0.00247357712361
0.00239899911202
0.00231548355152
0.0022227894595
0.00212028952589
0.00200674668591
0.0018800772803
0.00173717321218
0.00157395134876
0.00138597986481
0.00117030555225
0.000929239686908
0.000675806433051
0.000436501404337
0.00024284124669
0.000112769993356
4.15239514929e-05
1.08746780961e-05
2.10034796735e-06
4.79455521583e-06
0.00263453591088
0.00263285878985
0.00262993019479
0.00262625813338
0.00262238169613
0.00261883290889
0.00261610775563
0.00261464337171
0.00261479944264
0.00261684270604
0.00262093409866
0.00262711852273
0.00263531745244
0.00264532469475
0.0026568056019
0.00266929994609
0.00268222855312
0.00269490367893
0.00270654302152
0.00271628719165
0.00272322040664
0.0027263941012
0.00272485303615
0.00271766329814
0.00270394129096
0.00268288239206
0.00265378736595
0.0026160838738
0.00256933949136
0.0025132615559
0.00244767795018
0.00237249171005
0.00228760140193
0.00219277924607
0.00208750153528
0.00197073442437
0.00184069968296
0.00169469332101
0.00152912973761
0.0013401682402
0.00112554090529
0.000888271987544
0.000641792729976
0.000411944253889
0.000228064147444
0.000105602419318
3.88368103631e-05
1.01688537254e-05
1.97016993006e-06
4.52860018173e-06
0.00267854595171
0.00267604452693
0.00267155174526
0.00266563500422
0.00265887893266
0.00265185611188
0.00264510503348
0.00263911255393
0.00263429902445
0.00263100505439
0.00262947947497
0.00262986851377
0.00263220648423
0.00263640845376
0.0026422654006
0.00264944232971
0.00265747972134
0.00266579856348
0.0026737090971
0.00268042329707
0.00268507102472
0.00268671971067
0.00268439733515
0.00267711833485
0.00266391184156
0.00264385130575
0.00261608403539
0.00257985844758
0.0025345458584
0.0024796524122
0.00241481530067
0.00233977584863
0.00225432063391
0.00215818126291
0.00205088536374
0.00193155936133
0.00179870513273
0.00165002226847
0.00148245047798
0.00129279291918
0.00107953009595
0.000846440818795
0.000607334080499
0.000387278493998
0.000213331617727
9.84898041538e-05
3.61756377716e-05
9.47002898784e-06
1.84046554887e-06
4.25930880764e-06
0.00271697835312
0.00271375115149
0.00270787713444
0.00269996917487
0.0026906429394
0.00268049579417
0.00267009126304
0.00265994664227
0.0026505221319
0.00264221049921
0.00263532682097
0.00263009826616
0.00262665418937
0.00262501701277
0.00262509448797
0.0026266739579
0.0026294191972
0.00263287031874
0.00263644711656
0.00263945609423
0.00264110131708
0.00264049913163
0.00263669670715
0.00262869424803
0.00261547056688
0.0025960114468
0.00256933980236
0.00253454600909
0.00249081584971
0.00243745227406
0.00237388557484
0.00229966471511
0.00221442066746
0.00211779143081
0.00200929952327
0.00188817989764
0.00175317718859
0.00160238119426
0.0014332740864
0.00124334960752
0.00103189817024
0.000803492435941
0.000572280123798
0.000362425942783
0.000198606039123
9.14155576437e-05
3.35344044985e-05
8.77666409112e-06
1.71106256501e-06
3.98690175957e-06
0.00274887732409
0.00274501868145
0.00273793980871
0.00272828773931
0.0027166978247
0.00270377993477
0.00269010874771
0.00267621613649
0.0026625842341
0.00264963827271
0.00263773872179
0.00262717260487
0.00261814416236
0.00261076525236
0.00260504604116
0.00260088662874
0.00259807028297
0.00259625892623
0.00259499144235
0.00259368526856
0.00259164162476
0.00258805462563
0.00258202442537
0.00257257445247
0.00255867267776
0.00253925668324
0.00251326200121
0.00247965269971
0.00243745241211
0.00238577285834
0.00232383531548
0.00225097847761
0.00216664389931
0.00207032838774
0.00196149291779
0.00183942363148
0.00170306026015
0.00155085656813
0.00138084203285
0.00119123878105
0.000982203080942
0.000759133536934
0.000536462261429
0.000337302124371
0.000183848161428
8.43627871626e-05
3.09070535438e-05
8.08722808644e-06
1.58181592757e-06
3.71178394297e-06
0.00277309942602
0.00276869823941
0.00276058169187
0.0027494219532
0.00273586548934
0.00272052557469
0.00270397762124
0.00268675576361
0.0026693495345
0.00265219983786
0.00263569374828
0.00262015794225
0.0026058508074
0.00259295348441
0.00258156027028
0.0025716689465
0.00256317168393
0.00255584721432
0.00254935494619
0.00254323164879
0.00253689124405
0.00252962815003
0.00252062452335
0.00250896165929
0.00249363571954
0.00247357784339
0.00244767851241
0.00241481570876
0.00237388583587
0.00232383543965
0.00226369035886
0.00219257697752
0.00210972785081
0.00201446166394
0.00190612678635
0.0017840022888
0.0016471682731
0.00149440463896
0.00132427980284
0.00113577015176
0.000929943247702
0.000713041513071
0.000499704124912
0.000311824320228
0.00016902192459
7.73166107236e-05
2.82883681107e-05
7.40042758531e-06
1.45264635138e-06
3.43460331442e-06
0.00278825523121
0.00278339420912
0.0027743962915
0.00276195169788
0.00274671178487
0.00272928688124
0.00271024583065
0.00269011611224
0.0026693836409
0.00264849159425
0.00262783783349
0.00260777068206
0.00258858300639
0.00257050471188
0.00255369392581
0.00253822728243
0.00252408984736
0.00251116530855
0.00249922711252
0.00248793123407
0.0024768112377
0.00246527623053
0.00245261223082
0.00243798739903
0.00242046150426
0.00239899992373
0.00237249237014
0.00233977635931
0.00229966508224
0.00225097871017
0.00219257708704
0.00212339011319
0.00204243987961
0.00194884613997
0.00184180533255
0.00172053656473
0.00158420365129
0.00143186621947
0.00126261026406
0.00107617743144
0.000874575117485
0.000664883527946
0.000461838618709
0.000285923615252
0.000154101312149
7.02673567895e-05
2.56751580804e-05
6.71551727881e-06
1.32358956178e-06
3.15630879471e-06
0.00279262990649
0.00278738528842
0.00277765066149
0.00276412877904
0.00274747154869
0.00272828225392
0.00270711851749
0.00268449528328
0.0026608871824
0.00263672978677
0.00261241938729
0.0025883110582
0.00256471488958
0.00254189038922
0.00252003917809
0.002499296229
0.00247972002154
0.00246128210045
0.00244385661814
0.0024272105082
0.00241099496721
0.00239473892006
0.00237784511248
0.0023595894279
0.00233912397372
0.00231548443428
0.00228760213982
0.00225432122804
0.00221442112254
0.00216664422316
0.00210972805382
0.00204243997417
0.00196361081672
0.00187216163913
0.0017671162072
0.00164759391492
0.00151279098411
0.00136199701207
0.00119478296554
0.00101164900273
0.000815545721804
0.000614348139734
0.000422733672869
0.000259561863781
0.000139079561059
6.32147523503e-05
2.30677932119e-05
6.03269815115e-06
1.19485581536e-06
2.87819916678e-06
0.00278407556659
0.00277851729885
0.00276817910483
0.00275377196477
0.0027359454249
0.00271529335711
0.00269235962513
0.00266764329725
0.00264160301787
0.00261466019952
0.00258720076179
0.00255957521118
0.00253209692349
0.00250503856301
0.00247862665341
0.00245303440644
0.0024283730162
0.00240468173462
0.00238191715043
0.0023599421909
0.00233851544323
0.00231728144474
0.00229576261584
0.00227335351138
0.00224931805323
0.00222279039234
0.00219278004131
0.00215818192076
0.00211779195498
0.00207032878496
0.00201446194349
0.00194884631316
0.00187216171879
0.00178315512149
0.00168068177555
0.00156374335017
0.00143153182197
0.00128352141225
0.0011197278891
0.000941382649333
0.000752346950619
0.000561193845742
0.000382328685001
0.000232754076119
0.000123980715816
5.61730193389e-05
2.04720387876e-05
5.35358952432e-06
1.06689618822e-06
2.60195175791e-06
0.00275986637472
0.00275405876983
0.00274323970559
0.00272812494145
0.00270935974298
0.00268752743473
0.00266315714596
0.00263673070119
0.00260868848503
0.00257943409125
0.00254933757927
0.00251873718513
0.0024879393633
0.00245721706968
0.00242680623932
0.002396900466
0.00236764395987
0.00233912294101
0.00231135572054
0.00228428181917
0.00225775057018
0.0022315097409
0.00220519477853
0.00217831933972
0.00215026780228
0.00212029048846
0.00208750236774
0.00205088606565
0.00200930009751
0.00196149337014
0.00190612712508
0.00184180556794
0.00176711635106
0.00168068184075
0.0015812221347
0.00146763288807
0.00133909018387
0.00119522188691
0.00103644647736
0.000864675952763
0.000684600077256
0.000505318958884
0.000340682618253
0.000205595651063
0.000108872814313
4.9176451662e-05
1.79010156319e-05
4.68172541619e-06
9.40467063364e-07
2.32961767926e-06
0.00271650649878
0.00271050948612
0.00269932402653
0.00268366772433
0.00266418022906
0.00264143393892
0.00261594330103
0.00258817291618
0.00255854446005
0.00252744236049
0.00249521814596
0.00246219337385
0.00242866105022
0.00239488546028
0.0023611003433
0.002327505369
0.00229426090868
0.00226148114452
0.0022292256259
0.00219748946029
0.00216619241492
0.00213516729978
0.00210414809618
0.00207275838594
0.00204050072128
0.00200674765909
0.00197073527481
0.00193156008824
0.00188818050329
0.0018394241209
0.0017840026694
0.00172053684585
0.00164759410741
0.00156374346591
0.00146763293958
0.00135809868138
0.00123432331569
0.00109608206924
0.00094415860128
0.000781067964086
0.00061218011103
0.000446855617249
0.000298032146873
0.000178291834046
9.38808221917e-05
4.22845028289e-05
1.53769057998e-05
4.02297346719e-06
8.16677400596e-07
2.06357101859e-06
0.00264948438907
0.00264335561715
0.00263191387516
0.00261587582295
0.00259587434002
0.00257247082655
0.00254616562049
0.00251740693881
0.00248659850021
0.00245410587578
0.00242026156176
0.00238536874261
0.00234970369879
0.00231351680527
0.00227703206361
0.00224044511301
0.0022039196774
0.00216758242831
0.00213151627938
0.00209575217842
0.00206025952795
0.0020249354428
0.00198959314377
0.00195394988719
0.00191761494156
0.00188007824649
0.00184070053341
0.00179870586658
0.00175317780777
0.00170306076916
0.00164716867866
0.00158420396196
0.00151279120985
0.00143153197378
0.00133909027333
0.00123432335459
0.00111648074166
0.000985509910306
0.000842530530815
0.000690550347432
0.000535387443104
0.000386285584371
0.000254853209698
0.000151183572986
7.9195834387e-05
3.55847383414e-05
1.29317895679e-05
3.38571561875e-06
6.96996339978e-07
1.80640431702e-06
0.00255298330413
0.00254678164213
0.00253519589127
0.0025189386731
0.00249863468304
0.00247483410126
0.00244802375522
0.00241863658879
0.00238705970457
0.00235364110799
0.00231869521
0.00228250710681
0.0022453356318
0.00220741515775
0.00216895611567
0.00213014418733
0.00209113812618
0.00205206616519
0.00201302098458
0.00197405323681
0.00193516366488
0.00189629390247
0.00185731611447
0.00181802172545
0.00177810959681
0.00173717415514
0.00169469415472
0.00165002299225
0.00160238180999
0.00155085708001
0.00149440505323
0.00143186654405
0.00136199725621
0.00128352158611
0.00119522200122
0.00109608213487
0.000985509937992
0.000863676697067
0.000732011747682
0.000593861481395
0.000455163622533
0.000324563806234
0.000211911168569
0.000124759901461
6.50754409553e-05
2.91914376081e-05
1.06068286466e-05
2.78059148591e-06
5.8319535862e-07
1.56077274815e-06
0.00241961068775
0.00241340220545
0.00240179808641
0.00238550287189
0.00236513082412
0.00234121998911
0.00231424376775
0.00228462064596
0.00225272242564
0.00221888114177
0.00218339476783
0.00214653176567
0.00210853450769
0.00206962157917
0.00202998895287
0.00198981001508
0.00194923441312
0.00190838568924
0.00186735766784
0.00182620957107
0.00178495985716
0.00174357880622
0.00170197992554
0.00166001031553
0.00161744023596
0.00157395225256
0.00152913053825
0.00148245117521
0.00143327468226
0.00138084253146
0.00132428021014
0.00126261058752
0.00119478321381
0.00111972807162
0.00103644660405
0.000944158682148
0.00084253057568
0.000732011765848
0.000614294929174
0.000492851182106
0.00037331933213
0.000263214215249
0.000170274218825
9.96435888377e-05
5.18295018033e-05
2.32376463187e-05
8.44908372519e-06
2.21963452546e-06
4.77205581871e-07
1.32920347967e-06
0.00224035459748
0.00223422300831
0.00222275913661
0.00220665340128
0.00218650565726
0.00216283942908
0.00213611354355
0.00210673185781
0.00207505146466
0.00204138959306
0.00200602933324
0.00196922426673
0.00193120205185
0.00189216699498
0.00185230162237
0.00181176725403
0.0017707035713
0.00172922716233
0.0016874290269
0.00164537102395
0.00160308125392
0.00156054838631
0.0015177149745
0.00147446985218
0.00143063978906
0.00138598071184
0.00134016899025
0.00129279357258
0.00124335016663
0.00119123925009
0.00113577053653
0.00107617773909
0.00101164924137
0.000941382827778
0.000864676080154
0.000781068049587
0.000690550399926
0.000593861509208
0.000492851192763
0.000390831464351
0.000292684646383
0.00020433188653
0.000131256281277
7.65372986238e-05
3.97874499701e-05
1.78596940531e-05
6.50576898953e-06
1.7147742297e-06
3.80892292929e-07
1.11390078335e-06
0.0020053377678
0.00199940246453
0.00198830428202
0.00197270964686
0.00195319677529
0.0019302694969
0.00190436853007
0.00187588089527
0.00184514785116
0.00181247157799
0.00177812074653
0.00174233506277
0.00170532885107
0.00166729372005
0.00162840034228
0.00158879936802
0.00154862148513
0.00150797663163
0.00146695236518
0.00142561139494
0.00138398828808
0.00134208537734
0.00129986792114
0.0012572586119
0.00121413160029
0.00117030632041
0.00112554158369
0.00107953068557
0.00103189867388
0.000982203502969
0.000929943593852
0.000874575394585
0.000815545937483
0.000752347113007
0.00068460019468
0.000612180191727
0.000535387494945
0.00045516365278
0.000373319347226
0.000292684651774
0.000217009431313
0.000150401802668
9.62600469546e-05
5.6126331024e-05
2.92489992607e-05
1.31759111609e-05
4.81674392549e-06
1.27593472894e-06
2.95783735743e-07
9.16585499162e-07
0.00170671036396
0.00170115471767
0.00169076748673
0.00167617434648
0.00165791875214
0.00163647458049
0.00161225648059
0.00158562854498
0.0015569116456
0.00152638963635
0.00149431454851
0.00146091086448
0.00142637893323
0.00139089757659
0.0013546259269
0.00131770452874
0.00128025573359
0.00124238341314
0.00120417201775
0.0011656850098
0.00112696270974
0.00108801960666
0.00104884120883
0.00100938054905
0.000969554523694
0.000929240347722
0.000888272568262
0.000846441321094
0.000803492862987
0.000759133893197
0.000713041804103
0.000664883760138
0.000614348320051
0.000561193981454
0.000505319057303
0.000446855685476
0.000386285629069
0.000324563833425
0.000263214230155
0.000204331893459
0.000150401804951
0.000103869183903
6.6522595054e-05
3.89533301388e-05
2.04290874749e-05
9.26479215891e-06
3.40718523297e-06
9.0923339424e-07
2.2282566897e-07
7.38403927802e-07
0.00134608121806
0.00134118338933
0.00133202947368
0.00131917672889
0.00130311112173
0.00128425779208
0.00126298972544
0.00123963509913
0.00121448355771
0.00118779156547
0.00115978692767
0.00113067254583
0.00110062945838
0.00106981921181
0.00103838560317
0.00100645583238
0.000974141102098
0.000941536703304
0.000908721627502
0.000875757751487
0.000842688649098
0.000809538097454
0.00077630836565
0.000742978406292
0.00070950212148
0.00067580695512
0.000641793185616
0.000607334471873
0.000572280454208
0.000536462535143
0.000499704346967
0.000461838794696
0.000422733808711
0.000382328786735
0.000340682691814
0.0002980321979
0.000254853243364
0.000211911189441
0.000170274230765
0.000131256287393
9.62600495923e-05
6.65225958552e-05
4.28274553495e-05
2.53033298772e-05
1.34154276388e-05
6.15006832268e-06
2.28292875099e-06
6.15886309515e-07
1.62242409992e-07
5.79924924068e-07
0.0009478381933
0.000943956627695
0.000936706961938
0.000926538790017
0.000913846844576
0.000898978336047
0.000882239190011
0.000863899451921
0.00084419799441
0.000823346598181
0.000801533449007
0.00077892608307
0.000755673810684
0.000731909649394
0.000707751799186
0.00068330469401
0.00065865966593
0.000633895260484
0.000609077245096
0.00058425835687
0.000559477842514
0.000534760852387
0.000510117764478
0.00048554353555
0.00046101720989
0.000436501767309
0.000411944568239
0.000387278761904
0.000362426167175
0.000337302308791
0.00031182446867
0.000285923732003
0.000259561953258
0.000232754142712
0.000205595698989
0.000178291867223
0.000151183594929
0.000124759915202
9.96435968848e-05
7.65373029511e-05
5.61263330966e-05
3.89533309703e-05
2.53033301105e-05
1.51456274215e-05
8.15577752827e-06
3.79863757946e-06
1.43024629099e-06
3.92215068639e-07
1.13552449697e-07
4.41220425089e-07
0.000568867914968
0.000566282018488
0.000561456389998
0.000554697158753
0.000546275186408
0.000536430124884
0.000525374015116
0.00051329452481
0.000500357857639
0.000486711340526
0.000472485689217
0.000457796954739
0.000442748158831
0.000427430632118
0.000411925073627
0.000396302353758
0.000380624085874
0.000364942994129
0.000349303107594
0.000333739813524
0.000318279806085
0.000302940971739
0.000287732259632
0.000272653596598
0.000257695923871
0.000242841459563
0.000228064330588
0.000213331772782
0.00019860616814
0.000183848266774
0.00016902200885
0.000154101378023
0.00013907961127
0.000123980753013
0.000108872840998
9.38808406445e-05
7.91958466186e-05
6.50754486725e-05
5.18295063951e-05
3.97874525146e-05
2.92490005494e-05
2.04290880531e-05
1.34154278545e-05
8.15577758382e-06
4.47848306445e-06
2.13171689447e-06
8.1997533547e-07
2.30690536145e-07
7.57240946711e-08
3.22004456087e-07
0.000277641129575
0.000276288488098
0.000273766074226
0.000270236895893
0.000265846033939
0.000260722383085
0.000254980279242
0.000248721029273
0.000242034334134
0.000234999589807
0.000227687052425
0.00022015885942
0.000212469904499
0.000204668569515
0.000196797320507
0.000188893178092
0.000180988074738
0.000173109113084
0.00016527874087
0.000157514859414
0.000149830884125
0.000142235777615
0.000134734079127
0.000127325958947
0.000120007334267
0.000112770095097
0.000105602506496
9.8489877668e-05
9.14156185753e-05
8.43628367296e-05
7.73166502305e-05
7.02673875789e-05
6.32147757567e-05
5.61730366466e-05
4.91764640685e-05
4.22845114155e-05
3.55847440515e-05
2.91914412352e-05
2.32376485033e-05
1.78596952887e-05
1.31759118086e-05
9.26479246742e-06
6.15006845175e-06
3.79863762376e-06
2.13171690474e-06
1.04297990563e-06
4.14085977949e-07
1.21542373504e-07
4.74034103128e-08
2.21798746032e-07
0.000104548255239
0.000104022574958
0.000103042645341
0.000101672393712
9.99688794883e-05
9.79828913671e-05
9.5759526845e-05
9.33387532807e-05
9.07559415588e-05
8.80423622275e-05
8.52256358456e-05
8.23301322262e-05
7.937731625e-05
7.638604046e-05
7.33727866245e-05
7.03518598463e-05
6.73355398455e-05
6.43341947807e-05
6.13563635516e-05
5.84088130526e-05
5.54965774207e-05
5.26229870745e-05
4.97896964742e-05
4.69967213367e-05
4.42424989118e-05
4.15239893603e-05
3.88368427562e-05
3.61756650433e-05
3.35344270682e-05
3.09070718787e-05
2.82883827072e-05
2.56751694458e-05
2.30678018476e-05
2.04720451735e-05
1.79010202132e-05
1.53769089767e-05
1.2931791688e-05
1.06068300011e-05
8.44908454854e-06
6.5057694619e-06
4.81674417863e-06
3.40718535785e-06
2.28292880644e-06
1.43024631231e-06
8.19975342043e-07
4.14085979265e-07
1.72009958477e-07
5.44152553465e-08
2.71445033704e-08
1.40104416511e-07
2.74716061535e-05
2.73327323775e-05
2.7073878397e-05
2.67119690716e-05
2.62621205642e-05
2.57377926599e-05
2.51509382239e-05
2.45121491328e-05
2.38307959561e-05
2.31151584384e-05
2.23725443888e-05
2.16093954249e-05
2.08313788538e-05
2.00434656754e-05
1.92499952432e-05
1.84547275034e-05
1.7660884021e-05
1.68711792064e-05
1.60878433107e-05
1.53126389009e-05
1.45468726755e-05
1.37914046813e-05
1.30466572874e-05
1.23126267471e-05
1.15889009284e-05
1.0874687951e-05
1.01688621528e-05
9.47003608083e-06
8.77666995993e-06
8.08723285355e-06
7.40043138057e-06
6.71552023467e-06
6.03270039825e-06
5.35359118752e-06
4.68172661112e-06
4.02297429765e-06
3.38571617479e-06
2.78059184288e-06
2.21963474396e-06
1.71477435633e-06
1.27593479782e-06
9.0923342899e-07
6.158863255e-07
3.92215075168e-07
2.30690538409e-07
1.21542374116e-07
5.44152554507e-08
2.00190699612e-08
1.37228575518e-08
7.659976783e-08
4.96588454783e-06
4.94283622395e-06
4.89985139981e-06
4.83970096219e-06
4.7648474119e-06
4.67747417342e-06
4.57951300216e-06
4.4726698141e-06
4.35844880653e-06
4.23817460944e-06
4.1130122342e-06
3.98398467872e-06
3.85198815391e-06
3.71780499128e-06
3.5821143677e-06
3.44550103905e-06
3.30846231792e-06
3.17141356219e-06
3.03469246862e-06
2.89856249083e-06
2.76321573011e-06
2.62877568377e-06
2.4953002872e-06
2.36278576198e-06
2.23117189403e-06
2.10034952613e-06
1.97017126562e-06
1.84046667525e-06
1.7110634991e-06
1.58181668834e-06
1.452646959e-06
1.3235900369e-06
1.19485617839e-06
1.06689645866e-06
9.40467259294e-07
8.16677538247e-07
6.96996433454e-07
5.83195419752e-07
4.77205620213e-07
3.8089231588e-07
2.9578374878e-07
2.22825675946e-07
1.62242413474e-07
1.13552451297e-07
7.57240953339e-08
4.74034105533e-08
2.71445034433e-08
1.37228575683e-08
7.91199098878e-09
3.15311483637e-08
9.62037163063e-06
9.58681532289e-06
9.52409077681e-06
9.43600493067e-06
9.32586712773e-06
9.19655610091e-06
9.05057559495e-06
8.89010170606e-06
8.71702366778e-06
8.53297908194e-06
8.3393842404e-06
8.13746003591e-06
7.92825391696e-06
7.71265834503e-06
7.49142623492e-06
7.26518388787e-06
7.03444195988e-06
6.79960504422e-06
6.56098048949e-06
6.3187871244e-06
6.07316462196e-06
5.82418430878e-06
5.57186231042e-06
5.31617601721e-06
5.0570849393e-06
4.794557065e-06
4.52860178197e-06
4.25931017112e-06
3.98690290287e-06
3.71178488585e-06
3.43460407864e-06
3.15630940293e-06
2.87819964163e-06
2.60195212112e-06
2.32961795109e-06
2.06357121733e-06
1.80640445871e-06
1.56077284642e-06
1.3292035458e-06
1.11390082636e-06
9.16585526074e-07
7.38403943891e-07
5.79924933169e-07
4.41220429892e-07
3.22004458399e-07
2.21798747013e-07
1.40104416855e-07
7.65997679189e-08
3.15311483764e-08
6.63259111954e-09
)
;

boundaryField
{
    side_walls
    {
        type            fixedValue;
        value           uniform 1e-15;
    }
    inlet
    {
        type            cyclic;
    }
    outlet
    {
        type            cyclic;
    }
    side_left
    {
        type            symmetryPlane;
    }
    side_bottom
    {
        type            symmetryPlane;
    }
}


// ************************************************************************* //
