/*--------------------------------*- C++ -*----------------------------------*\
| =========                 |                                                 |
| \\      /  F ield         | OpenFOAM: The Open Source CFD Toolbox           |
|  \\    /   O peration     | Version:  3.0.1                                 |
|   \\  /    A nd           | Web:      www.OpenFOAM.org                      |
|    \\/     M anipulation  |                                                 |
\*---------------------------------------------------------------------------*/
FoamFile
{
    version     2.0;
    format      ascii;
    class       volScalarField;
    location    "50000";
    object      omega;
}
// * * * * * * * * * * * * * * * * * * * * * * * * * * * * * * * * * * * * * //

dimensions      [0 0 -1 0 0 0 0];

internalField   nonuniform List<scalar> 
2500
(
0.320435943701
0.325673800334
0.335367275208
0.348811355424
0.365435865984
0.38482971905
0.40673705774
0.431038444218
0.457727727993
0.486890520377
0.518686671883
0.553337240712
0.591115649325
0.632342527398
0.677383800508
0.726651734574
0.780608813269
0.839774486392
0.90473498246
0.976156540555
1.05480260244
1.1415557384
1.23744538606
1.34368289585
1.46170594695
1.59323519101
1.74034709656
1.90556855233
2.09200106654
2.30348571791
2.54482490572
2.82208425503
3.14300909602
3.51760691301
3.95897359462
4.48448320432
5.11752899591
5.8901184255
6.84683499678
8.05111997352
9.59595123296
11.624491865
14.3784414075
18.3335805515
24.6071440976
36.1567235489
61.5440535747
130.595652758
393.558901712
2303.46632576
0.325674346895
0.330882006331
0.340520704129
0.353890237743
0.370423161935
0.389708809956
0.411489920323
0.435644552105
0.462163649332
0.491130082632
0.522701553931
0.557097866803
0.594592274258
0.635506412241
0.680208385654
0.729113725178
0.782689103688
0.841458865915
0.906014583848
0.977028013964
1.05526801811
1.14162223983
1.23712462954
1.34299032109
1.46065992673
1.5918561058
1.73865637345
1.90358769702
2.08975070397
2.30098464034
2.54208910709
2.81912590376
3.13983536102
3.5142185002
3.95536275739
4.48063083385
5.11340013199
5.88565510453
6.84194477855
8.04565816557
9.58969682985
11.6171292242
14.3696019337
18.3230848341
24.5955541041
36.1457241483
61.5356987357
130.5909285
393.557186375
2303.46630332
0.335368773291
0.34052165616
0.350061052239
0.363295647098
0.379663211278
0.398754141228
0.42030887407
0.444201051999
0.470416308483
0.499032323241
0.5302025064
0.564143837223
0.601128594009
0.641479499598
0.685567859412
0.733814420453
0.786692854883
0.844735943913
0.908544703654
0.978800863433
1.05628329461
1.14188921592
1.23666129768
1.34182218784
1.45881853822
1.58937738745
1.73557885887
1.89995070513
2.08559250038
2.29634058908
2.53698978081
2.81359507024
3.13388769217
3.50785674035
3.94857391
4.47338062876
5.10562453734
5.87724685211
6.83273180061
8.03537026167
9.57792071173
11.6032748041
14.3529822043
18.3033723685
24.5738144483
36.1251184817
61.5200628277
130.582092763
393.553979244
2303.46626139
0.348814048334
0.353892385855
0.363296844282
0.376348652351
0.392493355184
0.411323561435
0.432577249655
0.456122485645
0.481937779411
0.510093475506
0.54073649217
0.574078959615
0.610390525534
0.64999387208
0.693263030806
0.740624230024
0.792559187566
0.849610941865
0.912392490215
0.98159868109
1.05802200152
1.14257313071
1.2363074247
1.34045889069
1.45648375408
1.58611648701
1.73144225552
1.89499130311
2.07986304496
2.28989094363
2.52986410305
2.80582878794
3.12550407566
3.49886271118
3.93895447133
4.46309087957
5.09457752747
5.86529441375
6.81963399488
8.0207483192
9.56119393502
11.5836144234
14.3294279279
18.2754820874
24.5431180365
36.0960812004
61.4980633125
130.569673416
393.549473687
2303.4662025
0.365439844884
0.370426598505
0.379665700079
0.39249464926
0.408369790995
0.42688787236
0.447785172426
0.470923900486
0.496274330939
0.523897748547
0.55393244941
0.586583370788
0.622115154781
0.66084821476
0.703157400784
0.749472999247
0.800283979087
0.856143582006
0.917677539845
0.98559539224
1.06070558326
1.14393525466
1.23635595093
1.33921684372
1.45398762027
1.58241393431
1.72658939118
1.88904958194
2.07289592029
2.28196031313
2.52102654049
2.79613146254
3.11498012896
3.48752565864
3.92679087061
4.45004996918
5.08055564658
5.85011060494
6.80299133122
8.00217463881
9.53996300862
11.5586902856
14.2996179302
18.2402635112
24.504459617
36.0596085319
61.4704875355
130.55412663
393.543837382
2303.46612886
0.384834950024
0.389713502857
0.39875789267
0.411326124545
0.426889145647
0.445050726166
0.465547218116
0.488235642812
0.513077716092
0.540124496957
0.569503803762
0.60141098775
0.636102911612
0.673894734493
0.715159114036
0.760327560143
0.809893843988
0.864419550053
0.924542050309
0.990985380426
1.0645747173
1.14625541029
1.23711782824
1.33842968362
1.45167803342
1.57862390393
1.72137354684
1.88247185932
2.06502571724
2.27286822171
2.51077967392
2.78478829647
3.10258462137
3.47410017002
3.91232701468
4.43449587938
5.06379708075
5.8319416448
6.78306826712
7.97994575653
9.51457613456
11.5289304126
14.2640975506
18.1984134527
24.458672097
36.0165484083
61.4380128487
130.535847225
393.537215877
2303.46604241
0.406743415355
0.411495746483
0.420313769263
0.432580968193
0.447787611208
0.465548389601
0.48560252347
0.507803471679
0.532104903309
0.558547155385
0.587246181386
0.618385586397
0.652211644181
0.689030940763
0.729210279338
0.773178585796
0.821430708048
0.87453317797
0.933132194504
0.997964292491
1.0698703924
1.14981419487
1.23890621097
1.33843513448
1.44990881205
1.57510781916
1.71615570551
1.87561148535
2.05659214208
2.26293613826
2.49942369722
2.77207677665
3.08857248563
3.45882029514
3.8957791814
4.41663161719
5.04449749279
5.81098340833
6.76007058441
7.95429022716
9.48530253387
11.4946703225
14.2233034068
18.1505036013
24.406454355
35.9676240717
61.4012227399
130.515177111
393.529735529
2303.46594481
0.431045743835
0.435651329735
0.444206914195
0.456127189234
0.470927341413
0.488237829688
0.507804494357
0.529479772244
0.553210634848
0.579026935836
0.607031986783
0.637395946438
0.670351968562
0.706194807216
0.745281551894
0.788034247668
0.834944289452
0.886578639632
0.943588098155
1.00671805704
1.07682240591
1.15488153497
1.24202572603
1.339565658
1.4490323236
1.57222942232
1.7113023592
1.86882948838
2.04794341951
2.25249339815
2.4872645043
2.75827650668
3.07319595701
3.44191157901
3.87734859364
4.39663806589
5.02282299519
5.78739449328
6.73415866995
7.92538241369
9.45234724513
11.4561695342
14.1775822956
18.0970017914
24.3483930603
35.9134530093
61.3606200685
130.492412342
393.52150598
2303.46583752
0.457735752773
0.462171164819
0.47042292976
0.481943267291
0.496278581114
0.513080733532
0.532106771886
0.553211488721
0.576337315864
0.601504622395
0.628803997378
0.658391068304
0.690483847203
0.72536236642
0.76337032792
0.804918551811
0.850490121596
0.900647263745
0.956040162506
1.01741810203
1.08564355701
1.16171013489
1.24676562706
1.34214188033
1.44939379381
1.57035053995
1.70718319511
1.86249448776
2.03943855108
2.24188174226
2.47462028448
2.74367751774
3.05671419361
3.42360157215
3.85723243351
4.37468518937
4.99892133236
5.76130729267
6.70545853547
7.89335367908
9.41586290517
11.4136245426
14.1272060021
18.0382887737
24.2849801278
35.8545624143
61.3166381042
130.467809091
393.512622273
2303.4657218
0.486899041787
0.491138110921
0.499039484648
0.510099536391
0.523902605047
0.54012815055
0.558549683831
0.57902846574
0.601505306483
0.625992848471
0.652569619348
0.6813763409
0.712614522984
0.746547171728
0.783501398832
0.823872762936
0.868131264363
0.91682903296
0.970609891948
1.03022115387
1.0965282197
1.17053282524
1.25339613235
1.34646832463
1.45132697895
1.5698273042
1.70416845499
1.85698167892
2.03144825307
2.23145834107
2.46182657199
2.72858711451
3.03940156819
3.40412915299
3.83563377384
4.35094219656
4.97293199035
5.73283788261
6.67407146225
7.85830193477
9.37595953695
11.3671793681
14.0723832034
17.9746716935
24.2166268849
35.7914019433
61.2696498034
130.441588751
393.503166683
2303.46559875
0.51869546411
0.522709872806
0.530209992023
0.540742918032
0.553937712775
0.569507902692
0.587249187298
0.6070340184
0.628805199042
0.652570144578
0.678396743871
0.706411203903
0.736797926736
0.769801312807
0.805729347177
0.844958857155
0.887942401251
0.93521684745
0.987413821143
1.04527235574
1.10965427411
1.18156308473
1.26216751645
1.35283127288
1.45515120371
1.57100692713
1.70262608186
1.85267097255
2.02435460326
2.22159729187
2.4492397271
2.71333526355
3.02155470701
3.38375283434
3.81277070815
4.32558705649
4.94499572245
5.70209529536
6.64008290505
7.82030023193
9.33271307785
11.3169344638
14.0132692927
17.9063951096
24.1436756864
35.724354304
61.2199756211
130.41394227
393.493210266
2303.46546932
0.553346090123
0.55710626621
0.564151443269
0.574085554508
0.586588853575
0.601415353107
0.618388899084
0.637398316863
0.658392632013
0.681377242899
0.706411587592
0.733608545325
0.76313561619
0.795217827549
0.830142294105
0.86826438499
0.910015508539
0.955912605922
1.00656954843
1.06271076595
1.12518760812
1.19499817294
1.27331165608
1.36149871205
1.46116992364
1.57422531168
1.70291897618
1.84994457275
2.01854959798
2.21268969412
2.43723887683
2.69827851418
3.00349827547
3.36275810585
3.78888481394
4.29881559478
4.91526381619
5.66919058492
6.60357112657
7.77940491428
9.28617320291
11.262954565
13.9499747354
17.8336501615
24.0664095169
35.6537440599
61.1678900783
130.385033836
393.482814201
2303.46533431
0.591124360199
0.59460056189
0.601136134171
0.610397110693
0.622120686418
0.636107381037
0.652215109145
0.670354530653
0.690485632668
0.712615667899
0.73679856641
0.763135878184
0.791779253627
0.822934446711
0.856866831261
0.893908450285
0.93446666714
0.979034554647
1.02820324665
1.08267659235
1.14328860839
1.21102443468
1.28704579265
1.37272235517
1.4696710159
1.57980586155
1.70540280073
1.84918442433
2.01443296892
2.20514253145
2.42622641861
2.68380245968
2.98558947162
3.34146378099
3.76424897092
4.27085027613
4.88390729962
5.63424597077
6.56461591958
7.73566374049
9.23637088435
11.2052759438
13.8825724299
17.7565823542
23.9850599995
35.5798449633
61.1136272669
130.355003984
393.472030908
2303.46519444
0.632350925027
0.635514416508
0.641486807792
0.650000288403
0.660853643792
0.673899164229
0.689034421617
0.70619743144
0.725364250407
0.746548442132
0.769802096458
0.795218244695
0.822934606907
0.853138666671
0.886074112905
0.922048730101
0.961443865748
1.00472566324
1.05245832601
1.10531978185
1.16412025588
1.22982445275
1.3035783173
1.3867417234
1.48092898393
1.58805985427
1.71042481863
1.85077005025
2.01240973101
2.19937671493
2.41662729321
2.67032280336
2.9682211904
3.3202272686
3.73917447099
4.24194867334
4.85112617733
5.59740424461
6.52330768381
7.68912430446
9.18332605389
11.1439134551
13.8111044684
17.6752983463
23.8998141562
35.502886083
61.057385458
130.323972198
393.460904997
2303.4650503
0.677391732528
0.680215956877
0.685574790764
0.693269139603
0.703162595395
0.715163379275
0.729213658028
0.745284126487
0.76337220441
0.783502693922
0.805730178776
0.830142774807
0.856867064272
0.886074189831
0.91798717518
0.95288960288
0.991135834015
1.03316301202
1.07950516472
1.13080981381
1.18785763038
1.2515858539
1.32311644199
1.40379027206
1.49520922346
1.5992887027
1.71832424064
1.85507734207
2.01288802455
2.19582476494
2.4088873558
2.65828518801
2.95182386715
3.2994486798
3.71401730106
4.21241153747
4.81715868934
5.55883853204
6.47975704422
7.63984301443
9.12705567599
11.0788677035
13.7355886327
17.58987207
23.8108202235
35.4230569642
60.9993309659
130.292039108
393.449474062
2303.46490239
0.726659071133
0.729120735658
0.733820851182
0.740629912688
0.749477846725
0.760331554317
0.773181761783
0.788036677758
0.804920331121
0.823873997711
0.844959655913
0.868264852288
0.893908682688
0.922048813879
0.952889612995
0.986691545666
1.0237820726
1.06456833735
1.10955200958
1.15934674004
1.2146988081
1.27651171398
1.345875706
1.42410356827
1.51277447163
1.61378838092
1.72943451886
1.86247886774
2.01627787132
2.19492871568
2.40347130805
2.64816407478
2.93686609905
3.27957371689
3.6891834596
4.18259032062
4.7822904996
5.51876240994
6.43410511598
7.58789482658
9.06758249043
11.0101326251
13.656024928
17.5003504842
23.718192803
35.3405120543
60.9396014248
130.259288332
393.437769354
2303.46475113
0.780615446477
0.782695447065
0.786698681526
0.792564344616
0.80028838469
0.809897477487
0.821433596912
0.834946495609
0.850491728921
0.868132368203
0.887943100288
0.91001589889
0.934466838399
0.961443898603
0.991135799069
1.02378203006
1.05968433804
1.09921999928
1.14285729277
1.19117367763
1.24487730467
1.30483266148
1.37209138402
1.44792959316
1.53389357264
1.6318562608
1.74408798097
1.87334623793
2.02299149013
2.19713891111
2.40086078625
2.64046110765
2.92385427545
3.26109537531
3.66513319059
4.15289396817
4.74686364677
5.47744029034
6.38653443406
7.53338385514
9.00494462487
10.9377037285
13.5724024224
17.4067592346
23.6220176123
35.2553746172
60.8783086334
130.225788067
393.425816346
2303.46459686
0.839780329305
0.841464456117
0.844741082178
0.849615491683
0.856147467559
0.864422748688
0.874535709767
0.88658055616
0.900648637434
0.916829947931
0.935217392165
0.955912867673
0.979034615714
1.00472559844
1.03316288739
1.06456820964
1.09921991601
1.13746673039
1.17974372915
1.22659110175
1.27867637271
1.3368209381
1.40203200545
1.47554135027
1.55885275315
1.65380061717
1.76262317748
1.88805504741
2.03344582187
2.2029144208
2.40155332042
2.63570356183
2.91333161669
3.24455462545
3.64238409381
4.1237948041
4.71128503917
5.43519789627
6.33728047081
7.4764548958
8.93920621139
10.8615871959
13.4847066293
17.309108479
23.5223560973
35.1677403643
60.8155411283
130.191592516
393.413635246
2303.46443985
0.904739967797
0.90601935379
0.908549087092
0.912396367653
0.917680842261
0.924544753731
0.933134312101
0.943589671361
0.956041252296
0.97061057104
0.987414167492
1.00656964017
1.02820315842
1.05245812647
1.0795049151
1.10955176295
1.14285709395
1.17974361501
1.22061466677
1.26597341567
1.3164456146
1.37280684069
1.43601536154
1.50725211177
1.58796971636
1.67995312828
1.78539533934
1.90699290627
2.04806791829
2.21272584765
2.40606298366
2.63444363755
2.90587721589
3.2305404261
3.62151320443
4.09583339195
4.67603426037
5.39243258443
6.28664356729
7.41730580023
8.87046905669
10.7818099817
13.3929276291
17.2073991164
23.4192501603
35.0776810342
60.7513666537
130.15674322
393.401241468
2303.46428031
0.976160619229
0.977031914107
0.978804442023
0.98160183606
0.985598062078
0.990987540631
0.997965949998
1.0067192436
1.01741886738
1.03022155932
1.04527246857
1.0627106549
1.08267632413
1.10531941867
1.13080941183
1.15934634846
1.1911733384
1.22659084968
1.26597327875
1.3097884095
1.35862052691
1.41319814539
1.47442756641
1.54343382278
1.62161103339
1.71068483293
1.81279043208
1.9305711246
2.06730387934
2.22706134503
2.41492364479
2.63725951871
2.90210589006
3.21968964988
3.60315833182
4.06962237961
4.64167048824
5.34962322684
6.23500101037
7.35620052709
8.79888531078
10.6984309625
13.2970690779
17.1016296361
23.3127272615
34.9852481616
60.6858347046
130.121270424
393.388646106
2303.46411839
1.05480574198
1.05527101494
1.05628603332
1.05802439763
1.06070758339
1.06457629728
1.06987155378
1.07682317144
1.08564396561
1.09652832146
1.10965412565
1.12518726864
1.14328813643
1.16411970697
1.18785705534
1.21469825205
1.24487680651
1.27867596502
1.31644532384
1.35862037378
1.40574576743
1.45850331098
1.51774595448
1.58453941315
1.66021353761
1.74642621117
1.84524346124
1.95924073803
2.09163211062
2.24643673749
2.4286958394
2.64475927478
2.9026698705
3.21268776709
3.58801920841
4.04584953773
4.60883843659
5.30733936793
6.18281891159
7.29348257549
8.72467095237
10.6115530876
13.1971581729
16.991803769
23.2028061398
34.8904772815
60.6189793293
130.085194552
393.37585645
2303.46395417
1.1415579213
1.14162431429
1.14189109327
1.14257474393
1.14393655903
1.14625638286
1.14981483276
1.1548818528
1.16171016141
1.17053259971
1.18156265327
1.19499758518
1.21102374088
1.22982370154
1.25158509056
1.27651097931
1.30483199114
1.33682036229
1.37280638419
1.41319782777
1.45850314698
1.50935949185
1.56656685335
1.63113004266
1.70431071552
1.78769233989
1.8832619446
1.99351378207
2.12158184863
2.27141078279
2.44797841636
2.65758886214
2.90826360353
3.21027143606
3.57685932399
4.02528048988
4.5782734243
5.26624944805
6.13066350525
7.22958839094
8.64811976167
10.5213363403
13.0932565512
16.8779390701
23.0895033902
34.7933928211
60.5508223879
130.048527928
393.362876579
2303.46378771
1.23744660808
1.23712577544
1.23666230429
1.23630824211
1.23635654345
1.23711817499
1.23890630572
1.24202557624
1.24676525214
1.25339556133
1.26216678525
1.2733108049
1.28704486344
1.30357735167
1.32311547949
1.34587478292
1.37209053257
1.40203125328
1.43601473161
1.47442707706
1.51774561961
1.56656668282
1.62163958753
1.68390864719
1.75456545057
1.8351144477
1.92745583326
2.03399106353
2.15775819903
2.30260686585
2.47342634279
2.6764457152
2.91963321267
3.2132344928
3.5705097124
4.00876201579
4.55080598137
5.2271280566
6.07921150838
7.16506023899
8.56961728963
10.4280111494
12.9854719604
16.7600764875
22.9728410998
34.6940139305
60.4813774714
130.011276839
393.349708081
2303.46361901
1.34368316435
1.34299054353
1.34182232505
1.34045890928
1.33921671726
1.33842939406
1.3384346733
1.33956502663
1.34214108982
1.34646739448
1.35283022934
1.36149758614
1.37272118062
1.38674053473
1.403789103
1.42410245042
1.4479285551
1.47554041695
1.50725130418
1.54343315787
1.58453890393
1.63112969838
1.68390847368
1.74376158702
1.81181093794
1.88947967798
1.97857565868
2.08139816277
2.20087538814
2.34074282474
2.50577641536
2.70209976192
2.9375925362
3.22243924961
3.56987643328
3.99722730377
4.52736683971
5.19086248201
6.02925931106
7.10055799797
8.48965417229
10.3318916891
12.8739703664
16.6382908588
22.8528557034
34.5923614892
60.4106546898
129.973444092
393.33635095
2303.46344806
1.46170527917
1.46065924048
1.45881781667
1.45648297957
1.45398677566
1.45167710418
1.4499077884
1.44903120209
1.44939257817
1.45132568005
1.45514983875
1.46116851487
1.469669589
1.48092756643
1.49520784316
1.51277315536
1.5338923452
1.55885163663
1.58796872963
1.6216101919
1.66021285333
1.70431019705
1.75456510331
1.81181076438
1.87710218785
1.9517815009
2.03756133939
2.13663206779
2.25180058307
2.38667122854
2.54588319723
2.73542422645
2.96304816877
3.23883555443
3.57595408763
3.99170516178
4.50899375983
5.15845930318
5.98173103962
7.03686937133
8.40883800847
10.2333882863
12.7589879544
16.5127021338
22.7296081323
34.4884664969
60.3386665318
129.935032167
393.322804699
2303.46327484
1.59323361245
1.59185453383
1.58937582574
1.58611493269
1.58241237945
1.57862233806
1.57510623218
1.57222780703
1.57034889389
1.56982563057
1.57100523481
1.57422361466
1.5798041778
1.58805820442
1.59928710868
1.61378686471
1.63185484334
1.65379931753
1.6799519631
1.71068381604
1.7464253534
1.78769164908
1.83511392877
1.8894793331
1.95178132974
2.02328405095
2.10560495575
2.20082174436
2.31161154988
2.44143332654
2.59476835903
2.77743938938
2.9970367026
3.26349082318
3.58984849819
3.99333602891
4.49684246675
5.13105247888
5.9376860264
6.97491823072
8.32790297232
10.1330179493
12.6408422381
16.3834869352
22.603195228
34.3823800005
60.2654349799
129.896047119
393.309069764
2303.46309932
1.74034463942
1.7386539454
1.73557648223
1.73143994119
1.72658714015
1.72137135311
1.71615355953
1.71130025108
1.70718111731
1.70416640403
1.70262405915
1.70291698806
1.70540085783
1.71042293494
1.71832243229
1.72943280297
1.74408637455
1.76262169652
1.78539399813
1.81278924272
1.84524243335
1.88326108516
1.92745514663
1.97857514667
2.03756100144
2.10560478911
2.18423197531
2.27540716848
2.38167267606
2.50633115735
2.65368785494
2.82937368378
3.04077851724
3.29763537304
3.61281279898
4.00339876468
4.49220510248
5.10991542891
5.89832702785
6.91577127422
8.24771646135
10.0314119174
12.5199412904
16.2508898852
22.4737622504
34.2741846237
60.1910000122
129.856503314
393.295149214
2303.46292151
1.90556525403
1.90358444784
1.89994754419
1.89498825395
1.88904665414
1.88246905161
1.87560878941
1.86882689265
1.86249198066
1.85697925133
1.85266861927
1.84994229312
1.84918222214
1.8507679331
1.85507532048
1.862476954
1.87334444511
1.88805338838
1.90699139289
1.93056976716
1.95923954483
1.9935127592
2.03399021472
2.08139748941
2.13663156904
2.20082141729
2.27540700822
2.36224301187
2.4637356097
2.58302407734
2.72422315253
2.89274827617
3.09575419128
3.3427290535
3.64630281031
4.02335381726
4.49654121216
5.09648112104
5.8650118174
6.8606440876
8.16928254744
9.92931924448
12.3967900317
16.1152339913
22.3415161794
34.1640076461
60.1154295463
129.816429067
393.281050827
2303.46274147
2.09199696836
2.08974667259
2.08558858996
2.07985929053
2.07289233958
2.06502231385
2.05658890953
2.04794034538
2.03943562078
2.03144545281
2.02435192208
2.01854702895
2.01443050949
2.01240738278
2.01288579256
2.01627576317
2.02298951495
2.03344398937
2.04806623788
2.06730235946
2.09163075821
2.1215806688
2.15775719484
2.20087456054
2.25179993091
2.31161106998
2.38167236339
2.46373545751
2.56007314589
2.67365842948
2.80840525887
2.96949383368
3.16381215018
3.40055767022
3.69206002224
4.05491077881
4.51152865215
5.09237645335
5.83927281608
6.81090931252
8.09374308702
9.82760603803
12.2719927944
15.9769294646
22.2067394438
34.0520354498
60.0388307445
129.775873168
393.266789516
2303.46255934
2.30348086376
2.30097986853
2.29633596707
2.2898865169
2.28195610704
2.27286424474
2.26293238622
2.25248985855
2.24187839835
2.23145517531
2.22159428841
2.21268684046
2.20513981924
2.19937414012
2.19582232737
2.19492641835
2.19713675925
2.20291242095
2.21272400676
2.22705966965
2.24643523318
2.27140945366
2.30260571429
2.34074185121
2.38667043156
2.4414327027
2.5063307014
2.58302378234
2.67365828692
2.78104250093
2.90888383296
3.06211182167
3.24731986458
3.4733714094
3.75223420048
4.10013199136
4.53914541745
5.09948073441
5.82285270231
6.7681124646
8.02237958178
9.72725158622
12.1462524485
15.8364809246
22.0698038811
33.9385290551
59.9613624323
129.734912129
393.252390051
2303.4623754
2.54481934105
2.54208363835
2.53698448722
2.52985903947
2.52102173939
2.51077514863
2.49941944617
2.4872605155
2.47461653987
2.4618230511
2.44923641
2.43723574613
2.42622346072
2.41662449881
2.40888471975
2.40346882888
2.40085846535
2.40155116117
2.4060609905
2.41492182237
2.42869419189
2.44797694688
2.47342505304
2.50577530536
2.54588226516
2.59476760125
2.653687266
2.72422272529
2.80840498462
2.90888370155
3.02915865645
3.17389784588
3.34937624802
3.56408293406
3.82956317911
4.16158946891
4.58179901161
5.12002365613
5.81776936352
6.73400596598
7.95662326358
9.62934619089
12.0203690525
15.6944946132
21.9311854479
33.8238405438
59.8832481919
129.693657836
393.237889941
2303.46219009
2.82207802584
2.81911978236
2.81358914622
2.8058231246
2.79612609892
2.78478325063
2.77207204987
2.75827208801
2.74367338846
2.728583252
2.71333164452
2.69827511703
2.6837992661
2.67031979915
2.6582823633
2.64816142373
2.64045862785
2.63570125347
2.63444150252
2.63725755973
2.64475749461
2.65758726292
2.67644429798
2.70209852627
2.73542317029
2.77743850887
2.82937297331
2.89274772841
2.96949343973
3.06211157115
3.17389772708
3.30925186799
3.47411054468
3.67655079116
3.92763569049
4.24260099271
4.64252885923
5.15674726638
5.82643276423
6.71062099945
7.89808936711
9.53510300198
11.895246904
15.551691112
21.7914820845
33.7084306779
59.8047895736
129.652265037
393.223342231
2303.46200402
3.14300224802
3.13982863118
3.13388117927
3.12549785051
3.1149742367
3.10257908464
3.08856730874
3.07319113045
3.05670969857
3.03939738058
3.02155080085
3.0034946256
2.98558605551
2.96821798934
2.95182086676
2.93686328923
2.92385164998
2.91332917251
2.90587495227
2.9021038077
2.9026679707
2.90826188745
2.91963168071
2.93759118757
2.96304700116
2.99703571204
3.04077769802
3.09575353597
3.16381164972
3.24731950839
3.34937602414
3.4741104399
3.62710389134
3.81598530628
4.05127535474
4.34758434809
4.72532131447
5.21317150056
5.85185228012
6.70041336205
7.84866802319
9.44591134601
11.7719312301
15.4089373636
21.6514414491
33.5928895439
59.726379028
129.610937909
393.208817824
2303.46181808
3.51759949092
3.5142112054
3.50784967975
3.49885596238
3.48751927241
3.47409417343
3.45881469562
3.44190636883
3.4235967329
3.4041246597
3.38374865899
3.36275422025
3.3414601589
3.32022388716
3.29944552034
3.27957076514
3.2610926212
3.24455206256
3.23053805093
3.21968746098
3.21268576418
3.21026961922
3.21323286178
3.22243780328
3.23883429033
3.2634897373
3.29763445968
3.34272830521
3.40055707787
3.47337096228
3.56408262003
3.67655059676
3.8159852169
3.98953078714
4.20710204035
4.482588597
4.8355990545
5.29402783245
5.89800105142
6.70655017395
7.81073618972
9.36348953441
11.6517209744
15.2673289932
21.5120145272
33.477965786
59.6485130501
129.569934901
393.194406853
2303.46163339
3.95896564158
3.95535493979
3.948566342
3.93894723667
3.92678402533
3.91232059011
3.89577318818
3.87734302609
3.85722727405
3.83562899711
3.81276628465
3.788880713
3.76424516305
3.73917092954
3.71401400329
3.68918038713
3.66513032944
3.64238143406
3.62151073958
3.60315605801
3.58801712358
3.57685742697
3.57050800219
3.56987490836
3.57595274543
3.58984733474
3.6128118087
3.64630198585
3.69205935454
3.75223367883
3.82956279127
3.92763542284
4.05127519247
4.2071019676
4.40435358889
4.6560916691
4.98098192964
5.40596726226
5.97045314137
6.73346108951
7.78761677537
9.29025558504
11.5364548866
15.1283891194
21.3744708363
33.3646185838
59.5718086616
129.529571471
393.180218578
2303.46145131
4.48447476163
4.48062253396
4.47337259244
4.4630831962
4.45004269973
4.43448905934
4.41662526046
4.39663216907
4.37467973606
4.3509371615
4.32558240919
4.29881130258
4.27084630673
4.24194499666
4.2124081269
4.18258715374
4.15289102705
4.1237920751
4.09583086529
4.06962004869
4.04584739834
4.02527853932
4.00876025207
3.99722572482
3.99170376486
3.9933348101
4.0033977186
4.02335293681
4.05491005515
4.10013141393
4.16158902554
4.24260066976
4.34758413067
4.48258846913
4.65609161393
4.88020102437
5.17247333788
5.55871892665
6.07749584416
6.78788182858
7.78452831304
9.23015186571
11.4291688748
14.9945217345
21.2406529801
33.2541260158
59.497033032
129.490221802
393.166379478
2303.46127344
5.11752010317
5.11339138889
5.10561607075
5.09456943205
5.08054798802
5.06378989862
5.04449080434
5.02281679946
4.99891561448
4.97292672552
4.94499087963
4.91525936121
4.8839031978
4.85112239547
4.8171551972
4.78228727083
4.74686065937
4.71128227559
4.67603170722
4.64166813576
4.60883627797
4.57827145483
4.55080419764
4.52736523881
4.50899233861
4.49684122126
4.4922040275
4.49654030092
4.51152789618
4.53914480652
4.58179853382
4.64252850114
4.72532106129
4.83559889031
4.98098183766
5.17247330072
5.42632289843
5.76699676945
6.23207237306
6.88080599396
7.81048484581
9.19038169444
11.3355191036
14.8700048694
21.1135395359
33.1483283368
59.4251723628
129.452324553
393.153029791
2303.4611015
5.89010912215
5.88564595736
5.87723799378
5.865285944
5.85010259403
5.83193413637
5.81097642304
5.78738803283
5.76130134397
5.73283242168
5.70209029102
5.66918600189
5.63424177235
5.59740039483
5.55883499723
5.51875915989
5.47743729896
5.43519514188
5.39243004966
5.3496208983
5.30733723561
5.26624750465
5.22712629672
5.19086090134
5.15845789774
5.13105124435
5.10991436009
5.09648021143
5.0923756949
5.0994801174
5.12002316914
5.15674689643
5.21317123324
5.2940276522
5.40596715261
5.55871887057
5.76699674978
6.05367356751
6.45518482927
7.03109485233
7.88198927906
9.18491810978
11.2667397636
14.7631108641
20.9984880571
33.0501913369
59.3576066678
129.416407566
393.140320059
2303.46093728
6.846825327
6.84193527137
6.83272259435
6.81962519426
6.80298301108
6.78306047519
6.76006334488
6.73415198736
6.70545239874
6.67406584855
6.64007778334
6.60356646082
6.5646116714
6.52330381471
6.47975351731
6.43410189727
6.38653149332
6.33727778199
6.28664110868
6.23499876442
6.18281686451
6.1306616464
6.07920982961
6.02925780594
5.98172970267
5.9376848524
5.89832601121
5.86501095164
5.83927209351
5.82285211376
5.81776889825
5.82643241
5.85185202329
5.89800087717
5.97045303396
6.07749578733
6.23207235047
6.45518482515
6.78189787365
7.27207676168
8.03001037929
9.24133650197
11.2455992512
14.6905641445
20.9059928217
32.9651385809
59.2965622579
129.383171998
393.128412321
2303.46078246
8.05110999942
8.04564836043
8.03536076945
8.02073924957
8.00216607123
7.97993774291
7.95428279537
7.92537557125
7.89334741713
7.85829623182
7.82029505738
7.77940023156
7.73565950975
7.68912048487
7.63983956601
7.58789171159
7.53338103909
7.47645234807
7.4173034944
7.35619844092
7.29348069072
7.22958669284
7.16505871582
7.1005566403
7.03686817135
6.97491718156
6.91577036926
6.86064331996
6.8109086746
6.76811194772
6.73400556023
6.71062069362
6.70041314368
6.70655002949
6.73346100458
6.7878817883
6.88080598345
7.03109485729
7.27207676929
7.66347401521
8.31277096317
9.41365222416
11.3180798824
14.6868388496
20.8578745509
32.9042809657
59.246303789
129.353748254
393.117498289
2303.46063851
9.59594106562
9.58968683751
9.57791104377
9.56118470591
9.53995430237
9.51456800729
9.48529501716
9.4523403496
9.41585662431
9.37595385074
9.33270795624
9.28616860889
9.23636677673
9.18332238955
9.12705241186
9.06757958495
9.00494203915
8.93920390998
8.87046700807
8.79888348754
8.72466933116
8.64811832294
8.56961601723
8.48965305296
8.40883703122
8.32790212781
8.24771574128
8.16928194399
8.09374259233
8.02237918758
7.95662296089
7.8980891461
7.84866787312
7.81073609904
7.78761673186
7.78452830413
7.81048485899
7.88198930239
8.03001040213
8.31277097715
8.83853140246
9.8056755243
11.575797098
14.8234933588
20.9013977348
32.8924938339
59.2163817852
129.330459088
393.107870248
2303.46050659
11.6244817249
11.6171192637
11.6032651769
11.5836052479
11.5586816498
11.5289223764
11.4946629209
11.456162781
11.4136184335
11.3671738845
11.3169295761
11.2629502358
11.2052721306
11.1439101123
11.078864785
11.0101300854
10.937701524
10.8615852863
10.7818083301
10.6984295359
10.6115518573
10.5213352815
10.428010241
10.3318909135
10.2333876289
10.1330173977
10.0314114614
9.92931887503
9.82760574695
9.72725136574
9.62934603331
9.5351028994
9.44591129019
9.3634895167
9.29025559649
9.23015189719
9.19038173697
9.18491815487
9.24133654211
9.41365225347
9.80567553926
10.6127922148
12.1985682808
15.2494144675
21.1420087642
32.9893339425
59.2309356095
129.319191644
393.100162758
2303.46038746
14.3784317069
14.369592413
14.3529730181
14.329419196
14.2996097425
14.2640899694
14.2232964698
14.1775760188
14.127200383
14.0723782246
14.0132649252
13.9499709412
13.882569165
13.8111016852
13.7355862818
13.6560229603
13.5724007903
13.4847052874
13.3929265357
13.2970681949
13.1971574665
13.0932559919
12.9854715226
12.8739700288
12.7589876991
12.6408420504
12.5199411584
12.3967899459
12.271992747
12.146252433
12.0203690633
11.8952469361
11.7719312788
11.6517210351
11.5364549545
11.4291689455
11.3355191726
11.2667398266
11.2455993045
11.3180799233
11.5757971247
12.1985682932
13.5362425382
16.2751695474
21.8203400228
33.3450568395
59.3570104588
129.33740669
393.096217482
2303.46028151
18.3335719239
18.3230763779
18.3033642315
18.275474385
18.2402563307
18.1984068556
18.1504976254
18.0969964533
18.0382840721
17.9746676118
17.9063916191
17.8336472241
17.7565799254
17.6752963772
17.5898705096
17.5003492811
17.4067583385
17.3091078419
17.2073986936
17.1016293867
16.9918036563
16.8779390621
16.7600765566
16.638290982
16.5127022921
16.3834871138
16.2508900726
16.1152341791
15.9769296468
15.8364810975
15.6944947746
15.5516912605
15.4089374989
15.2673291154
15.1283892285
14.9945218308
14.8700049529
14.7631109349
14.6905642025
14.6868388946
14.823493391
15.2494144875
16.2751695563
18.5539802336
23.4957701474
34.3549021594
59.7962932001
129.444279887
393.102603444
2303.46018877
24.6071372405
24.5955473965
24.5738080192
24.5431119873
24.5044540253
24.4586670177
24.4064498223
24.348389089
24.2849767165
24.2166240179
24.1436733364
24.0664076477
23.9850585684
23.8998131165
23.8108195261
23.7181923984
23.6220174521
23.5223561353
23.4192503536
23.3127275709
23.2028065306
23.0895038322
22.9728415676
22.8528561761
22.7296085935
22.6031956653
22.4737626553
22.3415165466
22.2067397706
22.0698041672
21.9311856947
21.7914822947
21.6514416261
21.5120146748
21.3744709584
21.2406530803
21.1135396177
20.9984881232
20.9059928745
20.857874592
20.9013977656
21.1420087857
21.8203400359
23.4957701532
27.495342195
37.0938468155
61.1990911949
129.868465796
393.147868046
2303.46010907
36.156718877
36.1457195902
36.1251141354
36.0960771434
36.059604824
36.0165450921
35.9676211734
35.9134505402
35.854560372
35.7914003142
35.724353065
35.6537431803
35.5798444072
35.502885811
35.4230569354
35.3405122274
35.2553749521
35.167740823
35.0776815816
34.9852487661
34.8904779155
34.793393461
34.6940145569
34.5923620868
34.4884670543
34.3823805098
34.2741850802
34.164008048
34.0520357976
33.9385293512
33.8238407918
33.7084308826
33.5928897105
33.4779659199
33.3646186903
33.2541260999
33.1483284028
33.0501913886
32.9651386213
32.9042809971
32.8924938581
32.9893339606
33.3450568522
34.3549021672
37.0938468189
44.5808512788
65.7861517909
131.613128328
393.389935827
2303.46004207
61.5440509635
61.5356961964
61.5200604214
61.4980610883
61.4704855313
61.4380110917
61.4012212466
61.3606188457
61.3166371497
61.2696491072
61.2199751671
61.167889845
61.1136272296
61.0573855897
60.9993312385
60.9396018102
60.8783091046
60.8155416598
60.7513672224
60.6858352898
60.6189799131
60.5508229556
60.4813780111
60.4106551925
60.3386669914
60.2654353924
60.1910003761
60.115429862
60.0388310137
59.961362658
59.8832483781
59.8047897247
59.7263791487
59.6485131452
59.5718087356
59.497033089
59.4251724064
59.3576067011
59.2965622835
59.2463038087
59.2163818006
59.2309356215
59.3570104679
59.7962932066
61.199091199
65.7861517927
81.5346065047
139.577089348
394.982928259
2303.45998745
130.595651633
130.59092741
130.582091738
130.569672479
130.5541258
130.535846515
130.51517653
130.492411892
130.467808771
130.441588556
130.413942191
130.385033862
130.355004101
130.323972393
130.292039366
130.259288638
130.225788408
130.191592878
130.156743593
130.121270796
130.085194915
130.048528274
130.011277163
129.97344439
129.935032436
129.896047359
129.856503523
129.816429247
129.77587332
129.734912255
129.69365794
129.652265121
129.610937975
129.569934952
129.52957151
129.490221831
129.452324575
129.416407582
129.38317201
129.353748264
129.330459096
129.31919165
129.337406695
129.444279891
129.868465798
131.61312833
139.577089349
179.763528767
408.637325769
2303.45994499
393.558901389
393.557186063
393.553978954
393.549473425
393.543837154
393.537215688
393.529735381
393.521505874
393.512622209
393.503166658
393.493210278
393.482814246
393.472030981
393.460905093
393.449474177
393.437769482
393.425816483
393.413635388
393.401241611
393.388646246
393.375856584
393.362876705
393.349708198
393.336351055
393.322804794
393.309069847
393.295149285
393.281050888
393.266789567
393.252390092
393.237889974
393.223342257
393.208817845
393.19440687
393.180218591
393.166379488
393.153029799
393.140320067
393.128412327
393.117498295
393.107870254
393.100162763
393.096217487
393.102603449
393.14786805
393.389935831
394.982928262
408.63732577
549.339007489
2303.45991486
2303.46632576
2303.46630332
2303.46626139
2303.46620249
2303.46612886
2303.4660424
2303.4659448
2303.46583752
2303.4657218
2303.46559875
2303.46546932
2303.46533432
2303.46519445
2303.4650503
2303.46490239
2303.46475113
2303.46459686
2303.46443985
2303.46428032
2303.46411839
2303.46395417
2303.46378771
2303.46361901
2303.46344807
2303.46327484
2303.46309932
2303.46292151
2303.46274147
2303.46255934
2303.4623754
2303.46219009
2303.46200402
2303.46181808
2303.46163339
2303.46145131
2303.46127344
2303.4611015
2303.46093728
2303.46078246
2303.46063851
2303.46050659
2303.46038746
2303.4602815
2303.46018877
2303.46010906
2303.46004207
2303.45998745
2303.45994499
2303.45991486
2303.45989821
)
;

boundaryField
{
    side_walls
    {
        Cmu             0.09;
        kappa           0.41;
        E               9.8;
        beta1           0.075;
        type            omegaWallFunction;
        value           nonuniform List<scalar> 
100
(
2303.46632576
2303.46630332
2303.46626139
2303.4662025
2303.46612886
2303.46604241
2303.46594481
2303.46583752
2303.4657218
2303.46559875
2303.46546932
2303.46533431
2303.46519444
2303.4650503
2303.46490239
2303.46475113
2303.46459686
2303.46443985
2303.46428031
2303.46411839
2303.46395417
2303.46378771
2303.46361901
2303.46344806
2303.46327484
2303.46309932
2303.46292151
2303.46274147
2303.46255934
2303.4623754
2303.46219009
2303.46200402
2303.46181808
2303.46163339
2303.46145131
2303.46127344
2303.4611015
2303.46093728
2303.46078246
2303.46063851
2303.46050659
2303.46038746
2303.46028151
2303.46018877
2303.46010907
2303.46004207
2303.45998745
2303.45994499
2303.45991486
2303.45989821
2303.46632576
2303.46630332
2303.46626139
2303.46620249
2303.46612886
2303.4660424
2303.4659448
2303.46583752
2303.4657218
2303.46559875
2303.46546932
2303.46533432
2303.46519445
2303.4650503
2303.46490239
2303.46475113
2303.46459686
2303.46443985
2303.46428032
2303.46411839
2303.46395417
2303.46378771
2303.46361901
2303.46344807
2303.46327484
2303.46309932
2303.46292151
2303.46274147
2303.46255934
2303.4623754
2303.46219009
2303.46200402
2303.46181808
2303.46163339
2303.46145131
2303.46127344
2303.4611015
2303.46093728
2303.46078246
2303.46063851
2303.46050659
2303.46038746
2303.4602815
2303.46018877
2303.46010906
2303.46004207
2303.45998745
2303.45994499
2303.45991486
2303.45989821
)
;
    }
    inlet
    {
        type            cyclic;
    }
    outlet
    {
        type            cyclic;
    }
    side_left
    {
        type            symmetryPlane;
    }
    side_bottom
    {
        type            symmetryPlane;
    }
}


// ************************************************************************* //
