/*--------------------------------*- C++ -*----------------------------------*\
| =========                 |                                                 |
| \\      /  F ield         | OpenFOAM: The Open Source CFD Toolbox           |
|  \\    /   O peration     | Version:  3.0.1                                 |
|   \\  /    A nd           | Web:      www.OpenFOAM.org                      |
|    \\/     M anipulation  |                                                 |
\*---------------------------------------------------------------------------*/
FoamFile
{
    version     2.0;
    format      ascii;
    class       volScalarField;
    location    "50000";
    object      p;
}
// * * * * * * * * * * * * * * * * * * * * * * * * * * * * * * * * * * * * * //

dimensions      [0 2 -2 0 0 0 0];

internalField   nonuniform List<scalar> 
2500
(
-2.09041269788e-15
-4.02352106958e-15
-6.28509992872e-15
-8.02788126497e-15
-8.41802650054e-15
-8.92818765384e-15
-9.16713561375e-15
-1.03293450426e-14
-1.23746739815e-14
-1.47294944466e-14
-1.68302930469e-14
-1.87630914365e-14
-2.0582501464e-14
-2.13168946397e-14
-2.20364056361e-14
-2.24506474422e-14
-2.26848173269e-14
-2.23202538226e-14
-2.16788590349e-14
-2.06273568315e-14
-1.94741210197e-14
-1.80436309749e-14
-1.63646836978e-14
-1.44300880841e-14
-1.22213760918e-14
-9.78486122294e-15
-7.1545730397e-15
-4.34888254583e-15
-1.40154714461e-15
1.65152888045e-15
4.78394629995e-15
7.96324868171e-15
1.11546559461e-14
1.43598100563e-14
1.75219990428e-14
2.06648851722e-14
2.37323051297e-14
2.66796962747e-14
2.94861712354e-14
3.20952632788e-14
3.44809418256e-14
3.65855268253e-14
3.83529727731e-14
3.97316432683e-14
4.07090281374e-14
4.13572733951e-14
4.18077750704e-14
4.21798553904e-14
4.25539802281e-14
4.29030376667e-14
-3.04399095072e-15
-4.55962539957e-15
-6.31851293484e-15
-7.54707934678e-15
-8.36769151864e-15
-9.0421889287e-15
-9.439249178e-15
-1.00959130173e-14
-1.23813517997e-14
-1.50372126674e-14
-1.69181311789e-14
-1.87829744319e-14
-2.03707224916e-14
-2.1217892728e-14
-2.20010470437e-14
-2.2452239658e-14
-2.262126873e-14
-2.21720658178e-14
-2.14621033959e-14
-2.05042955867e-14
-1.93329156571e-14
-1.79826206494e-14
-1.63595939967e-14
-1.45159802886e-14
-1.23255087402e-14
-9.99733995028e-15
-7.45177715335e-15
-4.72052896821e-15
-1.84963932615e-15
1.11372916977e-15
4.14288056305e-15
7.25728492571e-15
1.03970825814e-14
1.35336355174e-14
1.66410890912e-14
1.97085722989e-14
2.26978666522e-14
2.55960889602e-14
2.83364991442e-14
3.09089451075e-14
3.32409858058e-14
3.53021516789e-14
3.70234442832e-14
3.83700088092e-14
3.93218459136e-14
3.99545043547e-14
4.03926232836e-14
4.07548761468e-14
4.11187406119e-14
4.14580392347e-14
-5.05800243119e-15
-5.96662538537e-15
-6.8769822196e-15
-7.74716174637e-15
-8.55312849485e-15
-9.42237799431e-15
-1.04721664732e-14
-1.14777563292e-14
-1.31520155616e-14
-1.50248610521e-14
-1.68132149448e-14
-1.84239764383e-14
-1.98700460867e-14
-2.10432291511e-14
-2.20880098581e-14
-2.25439753694e-14
-2.26347577241e-14
-2.22226741651e-14
-2.15043390828e-14
-2.06114218275e-14
-1.9619432244e-14
-1.82057947304e-14
-1.65432470657e-14
-1.47031902121e-14
-1.25940590289e-14
-1.02412330661e-14
-7.90746357027e-15
-5.24346368424e-15
-2.47742835628e-15
3.72238610509e-16
3.30856478517e-15
6.28792008787e-15
9.29962119466e-15
1.23144666239e-14
1.53033691973e-14
1.8248834601e-14
2.11116573366e-14
2.38810405848e-14
2.64786009944e-14
2.89138477873e-14
3.11363206151e-14
3.30878903039e-14
3.47325839765e-14
3.60014336817e-14
3.690508664e-14
3.75036254181e-14
3.79193786818e-14
3.82631446839e-14
3.86095532239e-14
3.89331549613e-14
-6.52853750955e-15
-7.06661066139e-15
-7.41350057207e-15
-7.96879523209e-15
-8.61250271332e-15
-9.5148544847e-15
-1.05560387947e-14
-1.18339017316e-14
-1.33922006048e-14
-1.51935040064e-14
-1.68272460153e-14
-1.82586733218e-14
-1.96437485878e-14
-2.09210200862e-14
-2.17093279878e-14
-2.21288778772e-14
-2.20912709462e-14
-2.1877615489e-14
-2.13085270871e-14
-2.04528018674e-14
-1.93841773694e-14
-1.80707299531e-14
-1.64950443131e-14
-1.46660754011e-14
-1.2745619808e-14
-1.05747727496e-14
-8.2805658632e-15
-5.83836252114e-15
-3.2918852685e-15
-6.24037928593e-16
2.12500704702e-15
4.9430182578e-15
7.76775673072e-15
1.05977584278e-14
1.3392493467e-14
1.6124809638e-14
1.88079663316e-14
2.13573430946e-14
2.3791732208e-14
2.6051329024e-14
2.81177275149e-14
2.99351678073e-14
3.1462903213e-14
3.26498837768e-14
3.3491620704e-14
3.40481498107e-14
3.44333214219e-14
3.47537437581e-14
3.50757479189e-14
3.53763905454e-14
-7.52890198634e-15
-8.25622670011e-15
-7.72482590827e-15
-8.06884045247e-15
-8.57240984052e-15
-9.3873064034e-15
-1.04262780352e-14
-1.16755813532e-14
-1.3112240172e-14
-1.46700726161e-14
-1.62154896551e-14
-1.7712874086e-14
-1.91447227283e-14
-2.02028164463e-14
-2.08984473992e-14
-2.11804900263e-14
-2.13643000923e-14
-2.11510298029e-14
-2.05859556565e-14
-1.97806804388e-14
-1.86960525481e-14
-1.75127984463e-14
-1.62135023379e-14
-1.44258418053e-14
-1.27337738525e-14
-1.07414397107e-14
-8.67709015733e-15
-6.38821771358e-15
-4.0936752605e-15
-1.64338221472e-15
8.45987712932e-16
3.42428391411e-15
5.97452139254e-15
8.53253299532e-15
1.10624106696e-14
1.35771585879e-14
1.60144201239e-14
1.83649162677e-14
2.0579853643e-14
2.26442944659e-14
2.4521464362e-14
2.61782815318e-14
2.75538514783e-14
2.86344577266e-14
2.93936274538e-14
2.98970045614e-14
3.02470363113e-14
3.05389631303e-14
3.08314535554e-14
3.1104737313e-14
-7.90166344329e-15
-8.43976354009e-15
-7.31285689372e-15
-7.72294775774e-15
-8.20085178463e-15
-8.97897650073e-15
-9.9899185221e-15
-1.11955227599e-14
-1.25626322852e-14
-1.40597363632e-14
-1.55220006643e-14
-1.71573597356e-14
-1.84157003359e-14
-1.9277659388e-14
-1.9780259424e-14
-2.03338556271e-14
-2.02306787498e-14
-2.01085623876e-14
-1.95528963117e-14
-1.90719970318e-14
-1.80059133277e-14
-1.70627736097e-14
-1.57225818472e-14
-1.42551200028e-14
-1.26692506169e-14
-1.07717295224e-14
-8.9753340957e-15
-6.91001383209e-15
-4.88189362023e-15
-2.64688111673e-15
-5.53334893221e-16
1.75057175483e-15
4.01809844412e-15
6.3037261437e-15
8.57788255066e-15
1.08003079877e-14
1.29572864203e-14
1.50211521662e-14
1.6972341997e-14
1.88009083626e-14
2.04598996179e-14
2.19159306219e-14
2.31317296658e-14
2.40813800645e-14
2.47421536595e-14
2.51845761282e-14
2.54902222842e-14
2.57447002767e-14
2.60015517397e-14
2.62425178671e-14
-7.48248337917e-15
-7.27371259668e-15
-6.7923753547e-15
-7.05111488165e-15
-7.55417613579e-15
-8.32124050847e-15
-9.30762665791e-15
-1.04717053748e-14
-1.17741452633e-14
-1.31556990017e-14
-1.44549587275e-14
-1.57330279425e-14
-1.68226864415e-14
-1.77712875412e-14
-1.86897070912e-14
-1.91023664691e-14
-1.90282140705e-14
-1.8733953818e-14
-1.83888087598e-14
-1.77738491754e-14
-1.70647397543e-14
-1.61152493512e-14
-1.516561986e-14
-1.37589195341e-14
-1.23857048094e-14
-1.08075418573e-14
-9.24488840265e-15
-7.43982363632e-15
-5.75230429804e-15
-3.84804764006e-15
-1.91966061607e-15
2.93465558583e-17
1.97847740252e-15
3.94417046444e-15
5.90160737335e-15
7.81391296012e-15
9.6692005329e-15
1.14432496108e-14
1.31087118696e-14
1.46568649984e-14
1.60724965797e-14
1.73124331813e-14
1.83487456624e-14
1.91503744591e-14
1.97198649266e-14
2.00910299979e-14
2.0350856719e-14
2.05671937446e-14
2.07858693129e-14
2.09907936096e-14
-5.91364916577e-15
-6.17438670018e-15
-5.95498133783e-15
-6.18796088616e-15
-6.70100609481e-15
-7.46348317487e-15
-8.43364777508e-15
-9.56788158544e-15
-1.08479789535e-14
-1.23077313283e-14
-1.33656667711e-14
-1.45620563416e-14
-1.54400431538e-14
-1.62814051432e-14
-1.70722620768e-14
-1.74242484783e-14
-1.76817353187e-14
-1.76067021046e-14
-1.74321057798e-14
-1.6957093356e-14
-1.63650903665e-14
-1.54748846567e-14
-1.45439413806e-14
-1.33342162152e-14
-1.22431838543e-14
-1.08452133048e-14
-9.44217476075e-15
-7.99653796867e-15
-6.45103732065e-15
-4.97563787435e-15
-3.38107558718e-15
-1.75305021299e-15
-1.18134665883e-16
1.52428234742e-15
3.12529019011e-15
4.6786316301e-15
6.19303337663e-15
7.66801674258e-15
9.01231551322e-15
1.02893224707e-14
1.14326176305e-14
1.24485570065e-14
1.32890244454e-14
1.39466124024e-14
1.44062918483e-14
1.47099443496e-14
1.49197451622e-14
1.50957658109e-14
1.52725249665e-14
1.5438343484e-14
-4.73498413516e-15
-5.09598351646e-15
-4.88188100734e-15
-5.13898234213e-15
-5.68467482358e-15
-6.44714985563e-15
-7.41194711882e-15
-8.50731945337e-15
-9.69867541505e-15
-1.09221954662e-14
-1.20270869979e-14
-1.30690546148e-14
-1.39592009494e-14
-1.47159828584e-14
-1.53870197664e-14
-1.57997199767e-14
-1.60683499949e-14
-1.60946484095e-14
-1.60238792727e-14
-1.56319398909e-14
-1.51360300416e-14
-1.44801512089e-14
-1.3796070395e-14
-1.28240526139e-14
-1.19254482451e-14
-1.07498600136e-14
-9.61921931531e-15
-8.40200840807e-15
-7.24654399751e-15
-5.9689486776e-15
-4.75747828853e-15
-3.47071332529e-15
-2.19531814711e-15
-9.15491913461e-16
2.96452067572e-16
1.52797203924e-15
2.68331766894e-15
3.82450461187e-15
4.86668149816e-15
5.8481355539e-15
6.7465678172e-15
7.5245691868e-15
8.18286668137e-15
8.68110001319e-15
9.03519920004e-15
9.2626720357e-15
9.42095752036e-15
9.55257555217e-15
9.68512841563e-15
9.80926971079e-15
-3.30233195566e-15
-3.48042638976e-15
-3.6005456562e-15
-3.95612954235e-15
-4.55475962799e-15
-5.30407401977e-15
-6.29666702788e-15
-7.36489869093e-15
-8.5151574102e-15
-9.66587721474e-15
-1.07583824955e-14
-1.17730520741e-14
-1.26694548426e-14
-1.32901479145e-14
-1.41652071313e-14
-1.44792521501e-14
-1.48956784305e-14
-1.48605919029e-14
-1.48282597262e-14
-1.47141652099e-14
-1.41985707263e-14
-1.37793206099e-14
-1.30434690682e-14
-1.23138537514e-14
-1.16745651214e-14
-1.07095829955e-14
-9.87601925988e-15
-8.89572271577e-15
-7.93724570295e-15
-6.97203485234e-15
-6.08809854426e-15
-5.11404792627e-15
-4.20131850268e-15
-3.30442933808e-15
-2.45379459842e-15
-1.60925550063e-15
-8.05875175837e-16
-1.44778438255e-17
7.14096729779e-16
1.42227945738e-15
2.05112788455e-15
2.6005230813e-15
3.0536101395e-15
3.40012601481e-15
3.63855260704e-15
3.79516787193e-15
3.89843125497e-15
3.98403819082e-15
4.07018032941e-15
4.15037279403e-15
-1.86736446468e-15
-2.06849875339e-15
-2.26160992462e-15
-2.68836923073e-15
-3.37368812974e-15
-4.15726871808e-15
-5.14822667998e-15
-6.20420307409e-15
-7.34059788369e-15
-8.4729267061e-15
-9.57559363921e-15
-1.06166287769e-14
-1.15752093523e-14
-1.22846893916e-14
-1.29616517653e-14
-1.31846628145e-14
-1.35884489382e-14
-1.36116194297e-14
-1.35485636022e-14
-1.33870076797e-14
-1.31266777365e-14
-1.27418442959e-14
-1.23640595446e-14
-1.16786369207e-14
-1.1039223842e-14
-1.03895329764e-14
-9.7570963286e-15
-9.14974020231e-15
-8.50297427228e-15
-7.88182395433e-15
-7.29318669663e-15
-6.73691632656e-15
-6.18135985093e-15
-5.61561846365e-15
-5.08251437724e-15
-4.60143392555e-15
-4.08124076629e-15
-3.6503786645e-15
-3.21684627006e-15
-2.82432847347e-15
-2.47229790655e-15
-2.16132702196e-15
-1.91440317271e-15
-1.72394860021e-15
-1.59944824691e-15
-1.51871700931e-15
-1.46938734829e-15
-1.43026471727e-15
-1.3928567469e-15
-1.35835464551e-15
-4.32919123405e-16
-5.95580202293e-16
-8.80999295888e-16
-1.38349037239e-15
-2.18361633019e-15
-2.92155599195e-15
-3.9860654753e-15
-5.00898206237e-15
-6.18600095619e-15
-7.31782192191e-15
-8.45843566905e-15
-9.54857761467e-15
-1.0773324473e-14
-1.13183530883e-14
-1.19134303288e-14
-1.23949466045e-14
-1.2525119626e-14
-1.25834416182e-14
-1.25468668598e-14
-1.23735814516e-14
-1.21678866389e-14
-1.18055854525e-14
-1.14479086343e-14
-1.1079875639e-14
-1.05875053938e-14
-1.01384895572e-14
-9.74231974519e-15
-9.32880242424e-15
-8.97233342762e-15
-8.68661602369e-15
-8.38602276031e-15
-8.15016590763e-15
-7.93626466575e-15
-7.71005083305e-15
-7.53417274443e-15
-7.38086962236e-15
-7.25007221453e-15
-7.12871248621e-15
-7.00849532899e-15
-6.90943944464e-15
-6.80886652437e-15
-6.7437684252e-15
-6.68810094246e-15
-6.65477320185e-15
-6.63903807144e-15
-6.63663030693e-15
-6.64303430672e-15
-6.65291691343e-15
-6.66484287171e-15
-6.67718034635e-15
1.00115272014e-15
8.32897321331e-16
5.21213785982e-16
-2.46378978122e-16
-1.07364903218e-15
-1.67905675529e-15
-2.88423176927e-15
-3.94420571035e-15
-5.08617468515e-15
-6.21740256395e-15
-7.39396992043e-15
-8.34474610376e-15
-9.50439433052e-15
-1.03033829649e-14
-1.10508676336e-14
-1.11976752996e-14
-1.15530454862e-14
-1.1580292152e-14
-1.15305200207e-14
-1.14500051163e-14
-1.12131799422e-14
-1.09383427704e-14
-1.0649017438e-14
-1.03541958509e-14
-1.00477437435e-14
-9.82301551444e-15
-9.58781323031e-15
-9.38139179902e-15
-9.20163381445e-15
-9.19916651611e-15
-9.17886471837e-15
-9.30408969906e-15
-9.43524263014e-15
-9.57815067542e-15
-9.73070322735e-15
-9.91219152794e-15
-1.00902597613e-14
-1.02966992119e-14
-1.04902488616e-14
-1.06703457571e-14
-1.08505237066e-14
-1.10084919629e-14
-1.11570349646e-14
-1.12759863507e-14
-1.13684115458e-14
-1.14416543025e-14
-1.15020445449e-14
-1.15601460993e-14
-1.16227610622e-14
-1.1682014889e-14
2.1006913633e-15
2.00916850576e-15
1.4821937416e-15
7.11711654843e-16
-1.13988802657e-16
-8.75039354493e-16
-1.89685889909e-15
-3.02697029238e-15
-4.19021773307e-15
-5.10292753608e-15
-6.52597696516e-15
-7.63598968889e-15
-8.60183229908e-15
-9.40628092393e-15
-1.00537363785e-14
-1.04862700085e-14
-1.06643387756e-14
-1.07472984815e-14
-1.07521859617e-14
-1.06168060542e-14
-1.04183339111e-14
-1.01894545149e-14
-9.95317588598e-15
-9.75439427232e-15
-9.56532903658e-15
-9.45000858629e-15
-9.39787465796e-15
-9.38571840373e-15
-9.49397128252e-15
-9.69409495623e-15
-9.949365688e-15
-1.0302845387e-14
-1.07273136575e-14
-1.12100881238e-14
-1.16849917182e-14
-1.21919968994e-14
-1.27023581205e-14
-1.32064384885e-14
-1.36942416396e-14
-1.41597982021e-14
-1.45879765743e-14
-1.49771182413e-14
-1.53018352897e-14
-1.55693440674e-14
-1.57624257909e-14
-1.59056794656e-14
-1.60200954034e-14
-1.61244840832e-14
-1.62356651799e-14
-1.63423765589e-14
3.16038960614e-15
2.78196282152e-15
1.97286162868e-15
1.32524758222e-15
5.80215659196e-16
-2.67944940014e-16
-8.88358311767e-16
-2.17500303423e-15
-3.46823911191e-15
-4.41195299779e-15
-5.88995963002e-15
-7.03954459379e-15
-7.75069947029e-15
-8.671091262e-15
-9.30613981198e-15
-9.5284007057e-15
-9.93357243062e-15
-1.00630313185e-14
-1.00659596644e-14
-9.95132885619e-15
-9.74636060445e-15
-9.52503762761e-15
-9.24004609556e-15
-9.05480752071e-15
-8.95773163797e-15
-9.00535287165e-15
-9.09225363456e-15
-9.30597548186e-15
-9.57665179072e-15
-9.97947014896e-15
-1.0486250078e-14
-1.11056400353e-14
-1.18115966544e-14
-1.25701075521e-14
-1.33643986082e-14
-1.41689616851e-14
-1.49718540181e-14
-1.57510332663e-14
-1.65275277422e-14
-1.72531409376e-14
-1.79253203549e-14
-1.8530263029e-14
-1.90372341272e-14
-1.94372204866e-14
-1.97285547938e-14
-1.99390901122e-14
-2.01047109501e-14
-2.02551702343e-14
-2.04155005955e-14
-2.05689199027e-14
3.60993738227e-15
3.19315326011e-15
2.31248891231e-15
1.71263957399e-15
1.03712506417e-15
3.1327606077e-16
-3.57094322305e-16
-1.77001812571e-15
-3.05969144896e-15
-4.2316126892e-15
-5.55599642031e-15
-6.477042596e-15
-7.39787429268e-15
-8.09682224251e-15
-8.97743017542e-15
-9.23567040232e-15
-9.46893768264e-15
-9.57231005755e-15
-9.58656574301e-15
-9.4764284957e-15
-9.2817029647e-15
-9.04591992624e-15
-8.77619827085e-15
-8.56122994434e-15
-8.51975956645e-15
-8.57035040466e-15
-8.83141790733e-15
-9.09110962211e-15
-9.51679543428e-15
-1.01010066571e-14
-1.08673744453e-14
-1.17524348023e-14
-1.26976667346e-14
-1.3690238851e-14
-1.47238351408e-14
-1.58194018197e-14
-1.68904024275e-14
-1.79487947751e-14
-1.90003074632e-14
-1.99771122495e-14
-2.08674361595e-14
-2.16701412416e-14
-2.2340303512e-14
-2.28670001776e-14
-2.32522296834e-14
-2.35258817639e-14
-2.37402601871e-14
-2.39366826082e-14
-2.41446264529e-14
-2.43435088825e-14
3.64035010608e-15
3.43276014912e-15
2.48919521936e-15
1.88322473487e-15
1.29693288303e-15
5.45201944804e-16
-2.4338059559e-16
-1.55254801238e-15
-2.80696264653e-15
-3.89207774962e-15
-5.12357530489e-15
-6.12964328448e-15
-7.04331558175e-15
-7.87837723913e-15
-8.55516338888e-15
-8.96980821715e-15
-9.21293324105e-15
-9.31564169681e-15
-9.29681268855e-15
-9.16055568629e-15
-8.92697452543e-15
-8.76275371233e-15
-8.44319538834e-15
-8.27764973297e-15
-8.22949747717e-15
-8.33055301576e-15
-8.5311326854e-15
-8.93489189083e-15
-9.53939140904e-15
-1.02510450331e-14
-1.11222754316e-14
-1.2136294984e-14
-1.32854296059e-14
-1.45175792778e-14
-1.58154552983e-14
-1.71465296392e-14
-1.84832235551e-14
-1.97943940371e-14
-2.10629879035e-14
-2.22658695449e-14
-2.33716474969e-14
-2.43550004704e-14
-2.51789385682e-14
-2.5824112541e-14
-2.62892451777e-14
-2.66208871582e-14
-2.68809133908e-14
-2.71184270359e-14
-2.73716561534e-14
-2.76149267113e-14
3.43345509285e-15
3.26936269192e-15
2.30940954393e-15
1.83502501874e-15
1.40809007334e-15
7.01334259374e-16
-3.96581915649e-16
-1.44288511526e-15
-2.68087960902e-15
-3.79028947183e-15
-5.00289305181e-15
-5.98839243246e-15
-6.95832356622e-15
-7.75945867714e-15
-8.39863284594e-15
-8.8519548403e-15
-9.09806080734e-15
-9.20028413568e-15
-9.16624872385e-15
-9.00227614653e-15
-8.78603696066e-15
-8.52966973449e-15
-8.28497474672e-15
-8.15124254109e-15
-8.07434705391e-15
-8.13534916062e-15
-8.31926551625e-15
-8.75148889658e-15
-9.37934662198e-15
-1.01801657397e-14
-1.11823098945e-14
-1.23522721648e-14
-1.36676751849e-14
-1.50975437354e-14
-1.66055960889e-14
-1.81683847435e-14
-1.97292555949e-14
-2.12699305296e-14
-2.27528084304e-14
-2.41584684701e-14
-2.54517426772e-14
-2.65992676604e-14
-2.7554292869e-14
-2.82993688404e-14
-2.88376283724e-14
-2.92156822969e-14
-2.95174806674e-14
-2.97950066818e-14
-3.00912414495e-14
-3.03762173593e-14
3.0049029637e-15
2.75975703348e-15
1.9155055145e-15
1.58310568039e-15
1.08747976444e-15
2.85119535904e-16
-5.46317641361e-16
-1.60592659196e-15
-2.73015674745e-15
-3.68939141281e-15
-4.97905657951e-15
-5.99493931284e-15
-6.95406490592e-15
-7.73091671887e-15
-8.36623732182e-15
-8.82673801711e-15
-9.10829309091e-15
-9.22191249177e-15
-9.18812611769e-15
-9.03931604183e-15
-8.74962147207e-15
-8.5046729222e-15
-8.14677335296e-15
-8.0407221624e-15
-7.91005553764e-15
-7.938885425e-15
-8.11082189576e-15
-8.56108384154e-15
-9.19786090671e-15
-1.00826494611e-14
-1.11884937207e-14
-1.24331077875e-14
-1.392952108e-14
-1.54736747254e-14
-1.71459359827e-14
-1.88870695692e-14
-2.06190961305e-14
-2.2362617073e-14
-2.40315663904e-14
-2.5610338206e-14
-2.70726102666e-14
-2.83574429376e-14
-2.94309393101e-14
-3.02623384195e-14
-3.08618750091e-14
-3.12886196264e-14
-3.16268903866e-14
-3.19404672539e-14
-3.22770811777e-14
-3.26013928166e-14
2.1617342642e-15
2.03903202545e-15
1.19086386434e-15
8.7546800972e-16
2.93937975282e-16
-9.44963613181e-17
-1.00622876933e-15
-1.88871272557e-15
-2.95642114677e-15
-3.81133312234e-15
-5.05771008717e-15
-6.06284667705e-15
-7.01303058839e-15
-7.79393387438e-15
-8.43312614888e-15
-8.91929633722e-15
-9.24404878884e-15
-9.37046651103e-15
-9.32569780656e-15
-9.19855648767e-15
-8.9318058764e-15
-8.65226074202e-15
-8.37975616121e-15
-8.13906322184e-15
-7.91527133592e-15
-7.89687163382e-15
-7.99327367621e-15
-8.40927693255e-15
-9.05230713895e-15
-9.96774730059e-15
-1.10527469236e-14
-1.24043196913e-14
-1.39309803395e-14
-1.56276074429e-14
-1.74291532631e-14
-1.93015008594e-14
-2.12110990915e-14
-2.31008736758e-14
-2.49309419953e-14
-2.66645110286e-14
-2.82592948874e-14
-2.96645134169e-14
-3.08354402842e-14
-3.17362377839e-14
-3.23892313767e-14
-3.28539008948e-14
-3.32244646675e-14
-3.35700563763e-14
-3.39419633947e-14
-3.43017714323e-14
9.4982225119e-16
8.32614495697e-16
2.71070073704e-16
-6.43500943032e-17
-6.74077338498e-16
-1.00020210129e-15
-1.65094738955e-15
-2.20062997099e-15
-3.25421644177e-15
-4.13152328269e-15
-5.21023063375e-15
-6.19007696847e-15
-7.13513296567e-15
-7.91144864027e-15
-8.57089827455e-15
-9.09764819676e-15
-9.5073960924e-15
-9.612659491e-15
-9.64446111182e-15
-9.4955123045e-15
-9.2287689153e-15
-8.90327388469e-15
-8.60042788765e-15
-8.24868020121e-15
-8.02418241609e-15
-7.93327389807e-15
-7.97897733648e-15
-8.32484295019e-15
-8.87294951891e-15
-9.77201549102e-15
-1.08810787817e-14
-1.22415920365e-14
-1.38250418116e-14
-1.5576209102e-14
-1.74627537533e-14
-1.94420545725e-14
-2.14690296439e-14
-2.3503349383e-14
-2.5454390887e-14
-2.73072435048e-14
-2.90169492326e-14
-3.05198160206e-14
-3.17667555904e-14
-3.27273041645e-14
-3.34190479316e-14
-3.39153392451e-14
-3.43147315088e-14
-3.46892553343e-14
-3.50938377304e-14
-3.54849954187e-14
-6.03093904766e-16
-6.67817956332e-16
-1.03499983008e-15
-1.12167598026e-15
-1.59455988376e-15
-1.78678522156e-15
-2.50210093878e-15
-3.0086955601e-15
-3.75599325167e-15
-4.34585882176e-15
-5.40022785725e-15
-6.39271752915e-15
-7.30719769653e-15
-8.06208052432e-15
-8.73985549256e-15
-9.32056255853e-15
-9.68663887554e-15
-9.86141058058e-15
-9.90715352695e-15
-9.77414154549e-15
-9.58267666404e-15
-9.25560527919e-15
-8.95092182384e-15
-8.57430182295e-15
-8.31348707315e-15
-8.08572717245e-15
-8.12534553694e-15
-8.34854684164e-15
-8.88348122542e-15
-9.64897963903e-15
-1.07099893692e-14
-1.20221533201e-14
-1.35824600316e-14
-1.534714718e-14
-1.72726939348e-14
-1.93338298301e-14
-2.14306346728e-14
-2.35716547233e-14
-2.56093880709e-14
-2.75731353476e-14
-2.93728679222e-14
-3.09486173184e-14
-3.22543761003e-14
-3.32618867116e-14
-3.39820761562e-14
-3.45012320048e-14
-3.49206975337e-14
-3.53183306878e-14
-3.57486933689e-14
-3.61661904018e-14
-2.34977494188e-15
-2.31201796264e-15
-2.61706286059e-15
-2.47199130567e-15
-2.78133503992e-15
-3.07497158695e-15
-3.33874242146e-15
-3.78079058555e-15
-4.25991148954e-15
-4.94473010885e-15
-5.58236315684e-15
-6.67624135854e-15
-7.51727443824e-15
-8.22181498246e-15
-8.93041420166e-15
-9.47643357493e-15
-9.96531402617e-15
-1.01120181556e-14
-1.02854570065e-14
-1.0089280817e-14
-9.89349506867e-15
-9.58401847076e-15
-9.25348263599e-15
-8.86775275263e-15
-8.54949967484e-15
-8.34154312147e-15
-8.29416094718e-15
-8.45472031005e-15
-8.80205904789e-15
-9.52140914721e-15
-1.04947229579e-14
-1.17420287155e-14
-1.32463685554e-14
-1.49974630894e-14
-1.6952922776e-14
-1.90386823475e-14
-2.11941297597e-14
-2.3363099118e-14
-2.54840546083e-14
-2.75015796642e-14
-2.93500751945e-14
-3.09864831373e-14
-3.23288937214e-14
-3.33593231665e-14
-3.40958558801e-14
-3.46314320788e-14
-3.50670678554e-14
-3.5481191455e-14
-3.5931341741e-14
-3.63694304674e-14
-4.25639705279e-15
-4.13020703552e-15
-4.23852321792e-15
-4.08398303629e-15
-4.3990177072e-15
-4.41428711139e-15
-4.63652404625e-15
-4.88736648287e-15
-5.17300040326e-15
-5.64583117404e-15
-6.24004129334e-15
-7.03679648473e-15
-7.75047391823e-15
-8.3547635635e-15
-9.03937449974e-15
-9.61520819819e-15
-1.00819365781e-14
-1.02684442511e-14
-1.04176195019e-14
-1.03659143958e-14
-1.02929055838e-14
-9.96789235563e-15
-9.61293390713e-15
-9.23430767102e-15
-8.9265008329e-15
-8.69240634892e-15
-8.50194025084e-15
-8.59564281517e-15
-8.857205991e-15
-9.44740016899e-15
-1.02767516762e-14
-1.14540898585e-14
-1.28768277275e-14
-1.45734549478e-14
-1.64949896066e-14
-1.85558292022e-14
-2.07305038372e-14
-2.29365511877e-14
-2.50748039913e-14
-2.71271035178e-14
-2.90149193852e-14
-3.06674795808e-14
-3.20217220191e-14
-3.30605107336e-14
-3.38045135956e-14
-3.43440825265e-14
-3.47881076405e-14
-3.52136742979e-14
-3.56770791166e-14
-3.61290423759e-14
-6.44362946903e-15
-6.28138286885e-15
-6.21624939261e-15
-5.94276920971e-15
-5.96577610978e-15
-5.8836344188e-15
-5.83710199316e-15
-5.82646828119e-15
-5.97413509266e-15
-6.26000523456e-15
-6.78474671433e-15
-7.38707912933e-15
-7.99406057423e-15
-8.51315112479e-15
-9.11147831203e-15
-9.63132970192e-15
-1.01454982754e-14
-1.03683216473e-14
-1.05262028853e-14
-1.05387640617e-14
-1.04204701396e-14
-1.01527109651e-14
-9.88895288208e-15
-9.53078056278e-15
-9.23326334014e-15
-8.95481776948e-15
-8.80048260925e-15
-8.77211322239e-15
-8.95538786389e-15
-9.39694965836e-15
-1.01403639853e-14
-1.11569307454e-14
-1.24875659698e-14
-1.4092381284e-14
-1.59440235491e-14
-1.79657298947e-14
-2.00928502973e-14
-2.22714040063e-14
-2.44242967409e-14
-2.64748369447e-14
-2.83631990466e-14
-3.00112815708e-14
-3.13644785845e-14
-3.23983267843e-14
-3.31356362078e-14
-3.36731343153e-14
-3.41191534411e-14
-3.45486035425e-14
-3.5018311259e-14
-3.54770574881e-14
-8.86617514e-15
-8.64870514512e-15
-8.48612655769e-15
-8.03149812384e-15
-7.84536560767e-15
-7.70619445925e-15
-7.36592858891e-15
-7.07833934703e-15
-7.05200506361e-15
-7.13340962898e-15
-7.29327860825e-15
-7.75853019846e-15
-8.16380403297e-15
-8.6217975084e-15
-9.07928257835e-15
-9.58993741685e-15
-1.00244637189e-14
-1.03013383698e-14
-1.0455572106e-14
-1.04334356314e-14
-1.04249453089e-14
-1.03341111471e-14
-1.0103365266e-14
-9.78625524907e-15
-9.52036566293e-15
-9.23000714635e-15
-9.03135865853e-15
-8.94073260371e-15
-9.06693699242e-15
-9.38285063142e-15
-1.00302637004e-14
-1.08937819323e-14
-1.20949677237e-14
-1.35916456214e-14
-1.53100690735e-14
-1.72485326025e-14
-1.93273404197e-14
-2.14423855036e-14
-2.35715500801e-14
-2.55964678025e-14
-2.7462899844e-14
-2.90810089104e-14
-3.04141746482e-14
-3.14190261769e-14
-3.21372480358e-14
-3.26669660245e-14
-3.31085412737e-14
-3.35351214508e-14
-3.40038412351e-14
-3.44618745805e-14
-1.14840985444e-14
-1.12059907271e-14
-1.08242910226e-14
-1.03028526872e-14
-9.92735453475e-15
-9.44109272917e-15
-8.91759402314e-15
-8.40485923292e-15
-8.0849851472e-15
-7.92568986813e-15
-7.97117165484e-15
-8.06444321797e-15
-8.36769808641e-15
-8.65531557424e-15
-8.97871195195e-15
-9.34569102588e-15
-9.75937717342e-15
-1.00573715828e-14
-1.02454121901e-14
-1.03141808549e-14
-1.03785694002e-14
-1.02859382178e-14
-1.01491743621e-14
-9.97533222403e-15
-9.68806717024e-15
-9.41446260045e-15
-9.2261946263e-15
-9.12692055313e-15
-9.17664198888e-15
-9.39653251502e-15
-9.89099185269e-15
-1.06712486912e-14
-1.17278445867e-14
-1.30742577632e-14
-1.46698599162e-14
-1.6492925722e-14
-1.84467397932e-14
-2.05053794106e-14
-2.2554732381e-14
-2.45256437572e-14
-2.63383943992e-14
-2.7916420898e-14
-2.91991045095e-14
-3.0168248973e-14
-3.08614185904e-14
-3.13718403613e-14
-3.18025065451e-14
-3.22203128709e-14
-3.26788323793e-14
-3.3127372616e-14
-1.42607463983e-14
-1.39260414882e-14
-1.34361639991e-14
-1.27339172546e-14
-1.22585695971e-14
-1.14595234499e-14
-1.06978668552e-14
-9.85163535159e-15
-9.28787157603e-15
-8.83630016898e-15
-8.58677916914e-15
-8.49706847732e-15
-8.55680242538e-15
-8.67205059732e-15
-8.78510576663e-15
-9.09923884734e-15
-9.36632230694e-15
-9.59235981939e-15
-9.77561173865e-15
-9.90573941624e-15
-1.00285432412e-14
-1.00595890158e-14
-1.00081344345e-14
-9.86994482785e-15
-9.69053559896e-15
-9.51177926744e-15
-9.3316074663e-15
-9.22736071468e-15
-9.25401536478e-15
-9.40590181579e-15
-9.80592562323e-15
-1.04378311233e-14
-1.13642223103e-14
-1.25568693391e-14
-1.40134414587e-14
-1.56797640038e-14
-1.75306085578e-14
-1.94736931122e-14
-2.1429497705e-14
-2.3317949815e-14
-2.5055086731e-14
-2.65647408774e-14
-2.77856054704e-14
-2.87037011915e-14
-2.93598115964e-14
-2.98461403186e-14
-3.02577649327e-14
-3.06590452253e-14
-3.1098465545e-14
-3.15287550511e-14
-1.71916449877e-14
-1.67883624689e-14
-1.61999164833e-14
-1.52902779908e-14
-1.46145324464e-14
-1.34908983964e-14
-1.23975884533e-14
-1.14871218592e-14
-1.05169516357e-14
-9.74510159459e-15
-9.22959174893e-15
-8.8652713583e-15
-8.69914448856e-15
-8.5095239286e-15
-8.46606167498e-15
-8.62510897288e-15
-8.78604858083e-15
-8.96699691097e-15
-9.12374372388e-15
-9.27864692328e-15
-9.50307808782e-15
-9.51670435125e-15
-9.65475751268e-15
-9.60130275542e-15
-9.48873080611e-15
-9.36688947319e-15
-9.24434943059e-15
-9.19715648142e-15
-9.20400876823e-15
-9.34761633935e-15
-9.66514687271e-15
-1.02037021766e-14
-1.09960499314e-14
-1.20488218083e-14
-1.33491109176e-14
-1.48754887752e-14
-1.65742848659e-14
-1.83823033711e-14
-2.02263087775e-14
-2.20116083002e-14
-2.36535697431e-14
-2.50729402382e-14
-2.62171898438e-14
-2.70726704668e-14
-2.76837403445e-14
-2.81380180658e-14
-2.85254135279e-14
-2.89030450077e-14
-2.93152705318e-14
-2.97181714773e-14
-2.02190448936e-14
-1.97440593974e-14
-1.90224653234e-14
-1.79541859247e-14
-1.70724943436e-14
-1.57179459918e-14
-1.42941852392e-14
-1.30177286491e-14
-1.18623462675e-14
-1.07385172996e-14
-9.88180786311e-15
-9.16917030507e-15
-8.72197229617e-15
-8.31093569797e-15
-8.06724770938e-15
-8.03633086079e-15
-8.04655561084e-15
-8.11037227492e-15
-8.21241520947e-15
-8.34604972188e-15
-8.59774743797e-15
-8.78205489974e-15
-8.9273542279e-15
-9.03414579565e-15
-9.0370071282e-15
-9.03602856465e-15
-8.99726507438e-15
-8.9940171322e-15
-9.02022024335e-15
-9.18134437624e-15
-9.46820517168e-15
-9.93555593881e-15
-1.06229878241e-14
-1.15422886617e-14
-1.2681303623e-14
-1.40596481524e-14
-1.56074172319e-14
-1.72803185171e-14
-1.8984865877e-14
-2.06447237803e-14
-2.21711780808e-14
-2.34906873459e-14
-2.45443810394e-14
-2.53288090439e-14
-2.58887421464e-14
-2.63067213598e-14
-2.66642326242e-14
-2.70108821206e-14
-2.73869241504e-14
-2.77534701113e-14
-2.33344791482e-14
-2.27639609171e-14
-2.19415739252e-14
-2.0673535784e-14
-1.95140398805e-14
-1.77911753526e-14
-1.62316685447e-14
-1.46337033093e-14
-1.31113789912e-14
-1.16802752151e-14
-1.05433309645e-14
-9.50601585767e-15
-8.76288736539e-15
-8.03907203933e-15
-7.56115334707e-15
-7.27988666116e-15
-7.12932858515e-15
-7.08226821284e-15
-7.07737834258e-15
-7.27921522417e-15
-7.47948060454e-15
-7.71639766395e-15
-7.93843614488e-15
-8.15918702049e-15
-8.27436144687e-15
-8.38207457986e-15
-8.50303653918e-15
-8.58260955381e-15
-8.70493851561e-15
-8.88969597902e-15
-9.16820409474e-15
-9.58994183972e-15
-1.02148736275e-14
-1.10290168415e-14
-1.20624225472e-14
-1.327214977e-14
-1.46591778413e-14
-1.61766862158e-14
-1.7734184409e-14
-1.92528097467e-14
-2.06549109917e-14
-2.18569474908e-14
-2.28155409366e-14
-2.35234196847e-14
-2.4028664109e-14
-2.4405312651e-14
-2.47273502252e-14
-2.5037044415e-14
-2.536868662e-14
-2.56900571092e-14
-2.65201211335e-14
-2.59010246923e-14
-2.49240560135e-14
-2.34485541306e-14
-2.20064437609e-14
-2.0124958173e-14
-1.81841878764e-14
-1.62915833549e-14
-1.44306970944e-14
-1.26812564851e-14
-1.11616830203e-14
-9.77573917384e-15
-8.66566039487e-15
-7.69664553959e-15
-6.97132025615e-15
-6.44430514692e-15
-6.10665383188e-15
-5.89404129756e-15
-5.83116623101e-15
-5.91287644126e-15
-6.12424137502e-15
-6.38288238536e-15
-6.66572847061e-15
-6.95073527281e-15
-7.24215184303e-15
-7.50262350423e-15
-7.71503947069e-15
-7.94293213633e-15
-8.16661270504e-15
-8.42630586907e-15
-8.76863146119e-15
-9.1779052368e-15
-9.74607418449e-15
-1.04784547215e-14
-1.13890272388e-14
-1.24744863989e-14
-1.37282369355e-14
-1.50884678967e-14
-1.64976890417e-14
-1.78744326459e-14
-1.91427762246e-14
-2.0222499397e-14
-2.10773109619e-14
-2.17052116559e-14
-2.21523303205e-14
-2.24867730638e-14
-2.27688776655e-14
-2.30360550064e-14
-2.33163355903e-14
-2.35843023774e-14
-2.97423691538e-14
-2.90476267342e-14
-2.78864114949e-14
-2.62556968153e-14
-2.4491030378e-14
-2.23768022269e-14
-2.01346627002e-14
-1.79253523134e-14
-1.57353123294e-14
-1.36573009112e-14
-1.17709623565e-14
-9.99867020558e-15
-8.5621639329e-15
-7.29247394199e-15
-6.30494179789e-15
-5.47465469189e-15
-4.9422599133e-15
-4.55798977292e-15
-4.32311011232e-15
-4.37323766923e-15
-4.54087224052e-15
-4.80086524941e-15
-5.1176138999e-15
-5.49874478626e-15
-5.8890843436e-15
-6.28781112524e-15
-6.64888842982e-15
-7.01804169001e-15
-7.3734908178e-15
-7.73874398257e-15
-8.14127429619e-15
-8.60718495707e-15
-9.17448003328e-15
-9.86709273469e-15
-1.07004457222e-14
-1.16833945884e-14
-1.28058763221e-14
-1.40245121112e-14
-1.5289623978e-14
-1.65250748911e-14
-1.76551123388e-14
-1.86135602917e-14
-1.93669503007e-14
-1.99178722001e-14
-2.03074426899e-14
-2.05977408359e-14
-2.08391721469e-14
-2.10591942094e-14
-2.12824324327e-14
-2.14908731622e-14
-3.29542474295e-14
-3.21831204469e-14
-3.08581303549e-14
-2.90496374e-14
-2.69930591336e-14
-2.46222807564e-14
-2.20934806951e-14
-1.95271950963e-14
-1.70294706515e-14
-1.45860826439e-14
-1.23402446817e-14
-1.02088085895e-14
-8.4342899465e-15
-6.84477542119e-15
-5.55557405463e-15
-4.47041630897e-15
-3.67964382415e-15
-3.10922516481e-15
-2.75437348248e-15
-2.66301268949e-15
-2.77124367792e-15
-3.00645564803e-15
-3.34500446074e-15
-3.77115831181e-15
-4.26817077144e-15
-4.78503614654e-15
-5.28748167625e-15
-5.80677161193e-15
-6.30995016295e-15
-6.81805229937e-15
-7.32301368109e-15
-7.87393579267e-15
-8.47791013847e-15
-9.17055755913e-15
-9.96506890374e-15
-1.08714145978e-14
-1.18913877542e-14
-1.29881350525e-14
-1.41201028299e-14
-1.52221099503e-14
-1.62215035152e-14
-1.70654184636e-14
-1.7722223908e-14
-1.81995191085e-14
-1.85371224438e-14
-1.87837050804e-14
-1.89819733827e-14
-1.91536951444e-14
-1.9315887938e-14
-1.94599940416e-14
-3.61299238968e-14
-3.52860615959e-14
-3.38103451804e-14
-3.18302689884e-14
-2.94987698947e-14
-2.68427598306e-14
-2.40214631581e-14
-2.11212589527e-14
-1.82891714149e-14
-1.55204943674e-14
-1.28815245069e-14
-1.04283461293e-14
-8.28863807398e-15
-6.38889343069e-15
-4.77539650449e-15
-3.4253202208e-15
-2.36197088695e-15
-1.58095178084e-15
-1.06937554384e-15
-8.4933834849e-16
-8.62992219519e-16
-1.05617049667e-15
-1.39253928277e-15
-1.84479372712e-15
-2.40591729603e-15
-3.0506903262e-15
-3.67568868953e-15
-4.34654299653e-15
-4.99905720628e-15
-5.66468972931e-15
-6.28646001064e-15
-6.95348071428e-15
-7.6382840597e-15
-8.37248202446e-15
-9.16831122331e-15
-1.00399888644e-14
-1.0987188149e-14
-1.19898331387e-14
-1.300528315e-14
-1.39841786292e-14
-1.48691218189e-14
-1.56068953299e-14
-1.61762669158e-14
-1.65901088365e-14
-1.68770783076e-14
-1.70834371157e-14
-1.72390897046e-14
-1.73609320522e-14
-1.74605799064e-14
-1.75378803654e-14
-3.92680832038e-14
-3.83296593471e-14
-3.67335452976e-14
-3.45462627674e-14
-3.19633017508e-14
-2.90233834507e-14
-2.59046608419e-14
-2.26885762171e-14
-1.9527728216e-14
-1.64016611176e-14
-1.33692172836e-14
-1.06168928902e-14
-8.13023223392e-15
-5.89783431563e-15
-3.9740131406e-15
-2.30344459315e-15
-1.02716453555e-15
-3.01490445399e-17
6.73229476983e-16
1.03096177645e-15
1.14523513453e-15
1.02831125522e-15
7.06144101053e-16
2.20656466706e-16
-3.77185377844e-16
-1.10921690614e-15
-1.85201903708e-15
-2.65846024131e-15
-3.45812550211e-15
-4.26592052719e-15
-5.06068201002e-15
-5.85746022233e-15
-6.64773614501e-15
-7.46275224674e-15
-8.29578741207e-15
-9.1687042305e-15
-1.00821949651e-14
-1.10145578628e-14
-1.19478725495e-14
-1.28281544488e-14
-1.36117921248e-14
-1.42601944122e-14
-1.47555074378e-14
-1.51122289267e-14
-1.53578970901e-14
-1.5527364159e-14
-1.5642168409e-14
-1.57154075095e-14
-1.57526580948e-14
-1.57634568083e-14
-4.23127492573e-14
-4.12887565395e-14
-3.9557014415e-14
-3.72133744135e-14
-3.43665266096e-14
-3.1145074818e-14
-2.77306110443e-14
-2.42189950709e-14
-2.06924991115e-14
-1.72327651426e-14
-1.39098427433e-14
-1.07816870751e-14
-7.97249627685e-15
-5.3877126411e-15
-3.16239324222e-15
-1.24005402347e-15
3.18016744704e-16
1.51061536509e-15
2.4116166198e-15
2.94178067574e-15
3.18307033e-15
3.13295685522e-15
2.86327877014e-15
2.40096332781e-15
1.75824649128e-15
9.82374627072e-16
1.04831447952e-16
-8.016471626e-16
-1.75103428911e-15
-2.71193762653e-15
-3.67225403954e-15
-4.60437990852e-15
-5.52631434059e-15
-6.4405950667e-15
-7.34871757428e-15
-8.25669751683e-15
-9.17004362296e-15
-1.00736218165e-14
-1.09488929189e-14
-1.17572034807e-14
-1.24664242927e-14
-1.30411959973e-14
-1.34800152957e-14
-1.37886490483e-14
-1.40018985741e-14
-1.41381458533e-14
-1.42150359932e-14
-1.42422386087e-14
-1.42204684148e-14
-1.41675049646e-14
-4.52405746995e-14
-4.41478460535e-14
-4.22892695334e-14
-3.97607595577e-14
-3.67020469761e-14
-3.32142497369e-14
-2.9504955972e-14
-2.5707384019e-14
-2.18408106945e-14
-1.80321778562e-14
-1.43601041869e-14
-1.0922253824e-14
-7.76496753663e-15
-4.87782335485e-15
-2.36425543126e-15
-1.73766132352e-16
1.63688073448e-15
3.06693580524e-15
4.15410851575e-15
4.85100528013e-15
5.22555687557e-15
5.27560917048e-15
5.06094261967e-15
4.61032807878e-15
3.9459724982e-15
3.11437119625e-15
2.17440280747e-15
1.14765589617e-15
6.4635338533e-17
-1.04064041014e-15
-2.14964489589e-15
-3.24162471614e-15
-4.3071532997e-15
-5.34484139603e-15
-6.34669312884e-15
-7.32705184606e-15
-8.26754629438e-15
-9.16976485385e-15
-1.00180242846e-14
-1.078209776e-14
-1.14403456329e-14
-1.19645359875e-14
-1.23593794958e-14
-1.26376622591e-14
-1.28222257032e-14
-1.29299441871e-14
-1.29729322771e-14
-1.2958255735e-14
-1.28830719605e-14
-1.27720824595e-14
-4.80297214394e-14
-4.68635147865e-14
-4.4864586643e-14
-4.21847854488e-14
-3.89040536384e-14
-3.51699438542e-14
-3.11892430123e-14
-2.70628985e-14
-2.28908300861e-14
-1.876619818e-14
-1.48072593556e-14
-1.10450653319e-14
-7.56927959179e-15
-4.38926138724e-15
-1.58547295753e-15
8.7724367027e-16
2.914020234e-15
4.55565361477e-15
5.82819129059e-15
6.68630860376e-15
7.20555803454e-15
7.33255345567e-15
7.19792021351e-15
6.76760579859e-15
6.1079547001e-15
5.24722391319e-15
4.23078404906e-15
3.10722658747e-15
1.90640146611e-15
6.63528196194e-16
-5.88485957798e-16
-1.83123980809e-15
-3.04166938361e-15
-4.2124995858e-15
-5.33024743742e-15
-6.39140956967e-15
-7.390071048e-15
-8.32003264425e-15
-9.16844605045e-15
-9.91445993298e-15
-1.05409255922e-14
-1.10372779338e-14
-1.14046520301e-14
-1.16606127361e-14
-1.18247040926e-14
-1.19080539004e-14
-1.1922070939e-14
-1.18716727657e-14
-1.17505738894e-14
-1.15895116858e-14
-5.06223658776e-14
-4.94223653023e-14
-4.72938598924e-14
-4.44378455748e-14
-4.09593639511e-14
-3.70023913323e-14
-3.27578832938e-14
-2.834991972e-14
-2.38870921973e-14
-1.94683844026e-14
-1.5207283634e-14
-1.11482841e-14
-7.38574347463e-15
-3.92634073172e-15
-8.52228201799e-16
1.85507273635e-15
4.12280230014e-15
5.96916221759e-15
7.40664569957e-15
8.43167092956e-15
9.06252893979e-15
9.31038089792e-15
9.22772215213e-15
8.83267993897e-15
8.16758800028e-15
7.27993458143e-15
6.20746743517e-15
4.99871953221e-15
3.6911078143e-15
2.32304714923e-15
9.28720778666e-16
-4.552180502e-16
-1.80781708566e-15
-3.11094576761e-15
-4.35021738402e-15
-5.50819422955e-15
-6.57947921552e-15
-7.55495787864e-15
-8.42138743095e-15
-9.16765618484e-15
-9.78366382759e-15
-1.02633666684e-14
-1.06164434608e-14
-1.0858807471e-14
-1.10066291976e-14
-1.10717508492e-14
-1.1061455612e-14
-1.09816171044e-14
-1.08241584967e-14
-1.06228119609e-14
-5.29938024638e-14
-5.17430637672e-14
-4.95137618569e-14
-4.64968829765e-14
-4.28300904907e-14
-3.8660883063e-14
-3.41811630422e-14
-2.95074209524e-14
-2.47914035622e-14
-2.0093132746e-14
-1.5562102548e-14
-1.12338508796e-14
-7.20741469661e-15
-3.49698251652e-15
-1.7728562579e-16
2.74775069333e-15
5.22820594167e-15
7.26572817765e-15
8.86685716425e-15
1.00280117094e-14
1.07769443956e-14
1.11138580858e-14
1.10785030115e-14
1.07283626982e-14
1.00632546065e-14
9.15135074563e-15
8.02512088115e-15
6.73859645092e-15
5.3325430418e-15
3.8496953307e-15
2.32858822471e-15
8.11606851429e-16
-6.78432215884e-16
-2.11129564533e-15
-3.46439762017e-15
-4.72295683881e-15
-5.86819934085e-15
-6.89508238089e-15
-7.79418219015e-15
-8.55116778933e-15
-9.16714519627e-15
-9.64238989762e-15
-9.98864580122e-15
-1.02222955007e-14
-1.03594876326e-14
-1.04098930857e-14
-1.03820187514e-14
-1.02810972403e-14
-1.0097077621e-14
-9.8666903398e-15
-5.50897981016e-14
-5.37904535404e-14
-5.14632252984e-14
-4.83039896565e-14
-4.44782818379e-14
-4.01209479657e-14
-3.54282526739e-14
-3.05327291991e-14
-2.55808099423e-14
-2.06433406533e-14
-1.58746114373e-14
-1.1298787091e-14
-7.04807480532e-15
-3.10742373392e-15
4.26199276606e-16
3.54994821789e-15
6.20732912943e-15
8.41341930886e-15
1.01524435135e-14
1.14404886409e-14
1.22825621141e-14
1.26919547481e-14
1.27136830566e-14
1.23838982724e-14
1.17174697612e-14
1.07756194072e-14
9.6077948164e-15
8.24988730849e-15
6.75038988572e-15
5.1708755482e-15
3.52880938911e-15
1.89107257469e-15
2.81708142668e-16
-1.26645282238e-15
-2.72555216927e-15
-4.07423045907e-15
-5.29334209838e-15
-6.36986442657e-15
-7.29690364928e-15
-8.07063315198e-15
-8.69140931571e-15
-9.16703693876e-15
-9.51064184994e-15
-9.74011806885e-15
-9.87008250543e-15
-9.9098575391e-15
-9.87005153077e-15
-9.75575837867e-15
-9.55632783297e-15
-9.30895223574e-15
-5.685229397e-14
-5.55026849882e-14
-5.31081658952e-14
-4.98223649331e-14
-4.58504370267e-14
-4.13350978551e-14
-3.64681427372e-14
-3.13804002931e-14
-2.62429127645e-14
-2.10968332564e-14
-1.61229052136e-14
-1.13555787062e-14
-6.90174496685e-15
-2.78597654343e-15
9.32015148663e-16
4.21921103125e-15
7.02872241265e-15
9.36667728532e-15
1.12266885708e-14
1.26141069885e-14
1.3532788885e-14
1.40010609662e-14
1.40591914922e-14
1.37407214686e-14
1.30763559069e-14
1.21130217311e-14
1.08922606841e-14
9.47389949093e-15
7.89903332023e-15
6.22826008556e-15
4.49050777133e-15
2.74870886532e-15
1.03640808964e-15
-6.08588538183e-16
-2.1552825139e-15
-3.57692494785e-15
-4.85318353749e-15
-5.97417466467e-15
-6.92890358923e-15
-7.71728218422e-15
-8.34444512212e-15
-8.82231135553e-15
-9.16674978693e-15
-9.39406369287e-15
-9.51963411489e-15
-9.55387900431e-15
-9.50816006398e-15
-9.38863622371e-15
-9.1848868478e-15
-8.9327935745e-15
-5.82270994994e-14
-5.68427651325e-14
-5.43804780796e-14
-5.10017475281e-14
-4.69286004892e-14
-4.2285174168e-14
-3.72711619367e-14
-3.20367980257e-14
-2.6742057985e-14
-2.14432499947e-14
-1.6313847156e-14
-1.13904145536e-14
-6.78479953205e-15
-2.51982660586e-15
1.33073853003e-15
4.74434673447e-15
7.66857861398e-15
1.01101454882e-14
1.20570062345e-14
1.35171797944e-14
1.44970468559e-14
1.50106439242e-14
1.50915163166e-14
1.47811660247e-14
1.41094781564e-14
1.31204630588e-14
1.18628349051e-14
1.03929890816e-14
8.75636827254e-15
7.01016287428e-15
5.19958708721e-15
3.37906195176e-15
1.58922036782e-15
-1.30168815615e-16
-1.74056537691e-15
-3.21951600309e-15
-4.54356128673e-15
-5.69507247762e-15
-6.67261051806e-15
-7.47530148154e-15
-8.11164010241e-15
-8.59370685953e-15
-8.93994894463e-15
-9.16706413593e-15
-9.29108088178e-15
-9.32365039358e-15
-9.27737111281e-15
-9.15979031581e-15
-8.96192466042e-15
-8.71752650141e-15
-5.92015871003e-14
-5.77904053279e-14
-5.52892038594e-14
-5.1837738956e-14
-4.76865419527e-14
-4.29442343923e-14
-3.78430595736e-14
-3.24971791339e-14
-2.70962403988e-14
-2.16827026037e-14
-1.6438166667e-14
-1.14069005701e-14
-6.69229054382e-15
-2.32742077538e-15
1.62301242848e-15
5.12574840915e-15
8.13344720204e-15
1.06513356474e-14
1.26589180317e-14
1.41703246557e-14
1.51898292236e-14
1.57321107944e-14
1.58297567924e-14
1.55259641688e-14
1.48458312811e-14
1.38406228575e-14
1.25573529021e-14
1.10500696773e-14
9.36901906147e-15
7.5706371333e-15
5.70660698889e-15
3.82686536491e-15
1.97999830873e-15
2.08430851335e-16
-1.45276034459e-15
-2.97316760718e-15
-4.32983210559e-15
-5.50977220194e-15
-6.50763598892e-15
-7.32673428547e-15
-7.97412730618e-15
-8.4637854081e-15
-8.81438074341e-15
-9.04315802661e-15
-9.16709910086e-15
-9.20046699312e-15
-9.15660806895e-15
-9.04654795376e-15
-8.86413161313e-15
-8.63928077023e-15
-5.98487650078e-14
-5.84185171078e-14
-5.5891262544e-14
-5.23911905036e-14
-4.81890569696e-14
-4.33871194706e-14
-3.82160334794e-14
-3.28006978005e-14
-2.73232541194e-14
-2.18393846159e-14
-1.65190197228e-14
-1.14096659694e-14
-6.61829013633e-15
-2.18426829923e-15
1.83315275329e-15
5.3970811589e-15
8.46503502425e-15
1.10315210523e-14
1.30877062527e-14
1.46357092492e-14
1.56865004741e-14
1.62519791505e-14
1.63669397099e-14
1.60671940492e-14
1.53845151686e-14
1.43713524134e-14
1.30687085338e-14
1.15370486977e-14
9.82439801057e-15
7.9892705198e-15
6.08390409904e-15
4.1615602791e-15
2.27117241355e-15
4.5561302527e-16
-1.24574906871e-15
-2.80364325213e-15
-4.1934455404e-15
-5.40196399865e-15
-6.42446015086e-15
-7.26136709197e-15
-7.92355324568e-15
-8.42399307433e-15
-8.77989750931e-15
-9.01044846682e-15
-9.13369282086e-15
-9.16706120387e-15
-9.12651969326e-15
-9.02633030329e-15
-8.86563701725e-15
-8.67068996934e-15
-6.02984699081e-14
-5.88541166759e-14
-5.63092752482e-14
-5.27748462496e-14
-4.85395209937e-14
-4.3693307402e-14
-3.84775397176e-14
-3.30118802817e-14
-2.74817094644e-14
-2.19441682823e-14
-1.65686731791e-14
-1.14047356277e-14
-6.55845386992e-15
-2.07040605968e-15
1.99806257813e-15
5.61113457687e-15
8.72433521258e-15
1.13347181175e-14
1.34275242179e-14
1.50075974995e-14
1.60845529822e-14
1.66728333704e-14
1.68037506827e-14
1.65120003333e-14
1.58317774403e-14
1.48143779094e-14
1.35005199953e-14
1.19497229266e-14
1.02126819986e-14
8.34720012818e-15
6.40653250065e-15
4.44469389583e-15
2.51312381831e-15
6.54310595559e-16
-1.08981335459e-15
-2.68835374012e-15
-4.11636169893e-15
-5.35894654747e-15
-6.41056738122e-15
-7.27153362374e-15
-7.95136385544e-15
-8.46360995366e-15
-8.8256650003e-15
-9.05672173882e-15
-9.17748661818e-15
-9.20756713773e-15
-9.16702808764e-15
-9.07468945679e-15
-8.93788169748e-15
-8.7801724164e-15
-6.06702346267e-14
-5.9214721266e-14
-5.66546760199e-14
-5.30948700061e-14
-4.88299733022e-14
-4.39484379056e-14
-3.86955567806e-14
-3.31890884208e-14
-2.761298303e-14
-2.20298306743e-14
-1.66072935219e-14
-1.13956461409e-14
-6.50179657211e-15
-1.96535525221e-15
2.14822941245e-15
5.80655881368e-15
8.96212089145e-15
1.16131329503e-14
1.37413792189e-14
1.53539077606e-14
1.64583160241e-14
1.70699609703e-14
1.72185480483e-14
1.6938219895e-14
1.62624618681e-14
1.52414433794e-14
1.39190995676e-14
1.23517872873e-14
1.05908701127e-14
8.69432464468e-15
6.71670829741e-15
4.71252972643e-15
2.73373672579e-15
8.26337391434e-16
-9.67835619366e-16
-2.6147073949e-15
-4.0888041041e-15
-5.37346938975e-15
-6.46069060471e-15
-7.35122254093e-15
-8.05214868546e-15
-8.57781815231e-15
-8.94516123924e-15
-9.17418022816e-15
-9.28746814556e-15
-9.30771911477e-15
-9.25933750948e-15
-9.16700394011e-15
-9.04915554586e-15
-8.93020159009e-15
-6.10444335855e-14
-5.95779383575e-14
-5.70018941427e-14
-5.34165632686e-14
-4.91221283667e-14
-4.42057177544e-14
-3.89149039608e-14
-3.33661907654e-14
-2.77456068557e-14
-2.21156100104e-14
-1.66447684356e-14
-1.13842885888e-14
-6.44013887714e-15
-1.85389609622e-15
2.3089441489e-15
6.01410946095e-15
9.21561467957e-15
1.1909768862e-14
1.40784670855e-14
1.57261089851e-14
1.68624727555e-14
1.7500388688e-14
1.76692188891e-14
1.74020416275e-14
1.673296824e-14
1.5710426878e-14
1.43780255489e-14
1.27917941304e-14
1.10033623758e-14
9.07072163783e-15
7.04851716367e-15
4.99316698529e-15
2.9571752638e-15
9.88714135272e-16
-8.68056083778e-16
-2.57711099689e-15
-4.11028215008e-15
-5.44848836937e-15
-6.58160672551e-15
-7.50852647647e-15
-8.23604660759e-15
-8.77722441398e-15
-9.14889541743e-15
-9.37194453299e-15
-9.46983281703e-15
-9.46836360287e-15
-9.39610156489e-15
-9.28483428571e-15
-9.16699272137e-15
-9.07551928589e-15
-6.13937245935e-14
-5.99171687018e-14
-5.73256850405e-14
-5.3716990666e-14
-4.9395157652e-14
-4.44469135484e-14
-3.91200064969e-14
-3.353226877e-14
-2.78700042257e-14
-2.21955594931e-14
-1.66793283183e-14
-1.13722079453e-14
-6.38126510483e-15
-1.74722241694e-15
2.46239604407e-15
6.21304528394e-15
9.45908577881e-15
1.21950711634e-14
1.44029172184e-14
1.60862772369e-14
1.72533754917e-14
1.79181332609e-14
1.81074165625e-14
1.78541918177e-14
1.71921568842e-14
1.61684154765e-14
1.48267711399e-14
1.32222139861e-14
1.14063179959e-14
9.43732199238e-15
7.37011418888e-15
5.26138252534e-15
3.1658012524e-15
1.13292664802e-15
-7.90654636129e-16
-2.56632960231e-15
-4.16321723998e-15
-5.55942619972e-15
-6.7426190243e-15
-7.70979956924e-15
-8.46642651388e-15
-9.02455573186e-15
-9.40094966411e-15
-9.61634378882e-15
-9.69467228427e-15
-9.66331810407e-15
-9.55380895861e-15
-9.40378435951e-15
-9.25846201815e-15
-9.16699059522e-15
)
;

boundaryField
{
    side_walls
    {
        type            zeroGradient;
    }
    inlet
    {
        type            cyclic;
    }
    outlet
    {
        type            cyclic;
    }
    side_left
    {
        type            symmetryPlane;
    }
    side_bottom
    {
        type            symmetryPlane;
    }
}


// ************************************************************************* //
